ontime, MNN, MPN, duration, channel
-1.00, 72.00, 67.00, 1.75, 0.00
0.00, 55.00, 57.00, 1.00, 1.00
0.00, 61.00, 61.00, 1.00, 1.00
0.00, 64.00, 63.00, 1.00, 1.00
0.75, 70.00, 66.00, 0.25, 0.00
1.00, 56.00, 58.00, 1.00, 1.00
1.00, 60.00, 60.00, 2.00, 1.00
1.00, 63.00, 62.00, 2.00, 1.00
1.00, 68.00, 65.00, 0.50, 0.00
1.50, 70.00, 66.00, 0.50, 0.00
2.00, 51.00, 55.00, 1.00, 1.00
2.00, 72.00, 67.00, 1.75, 0.00
3.00, 55.00, 57.00, 1.00, 1.00
3.00, 61.00, 61.00, 1.00, 1.00
3.00, 64.00, 63.00, 1.00, 1.00
3.75, 70.00, 66.00, 0.25, 0.00
4.00, 56.00, 58.00, 1.00, 1.00
4.00, 60.00, 60.00, 2.00, 1.00
4.00, 63.00, 62.00, 2.00, 1.00
4.00, 68.00, 65.00, 0.50, 0.00
4.50, 77.00, 70.00, 0.50, 0.00
5.00, 51.00, 55.00, 1.00, 1.00
5.00, 75.00, 69.00, 1.00, 0.00
6.00, 55.00, 57.00, 1.00, 1.00
6.00, 61.00, 61.00, 1.00, 1.00
6.00, 64.00, 63.00, 1.00, 1.00
6.00, 72.00, 67.00, 0.75, 0.00
6.75, 70.00, 66.00, 0.25, 0.00
7.00, 56.00, 58.00, 1.00, 1.00
7.00, 60.00, 60.00, 2.00, 1.00
7.00, 63.00, 62.00, 2.00, 1.00
7.00, 68.00, 65.00, 0.50, 0.00
7.50, 70.00, 66.00, 0.50, 0.00
8.00, 51.00, 55.00, 1.00, 1.00
8.00, 72.00, 67.00, 1.00, 0.00
9.00, 56.00, 58.00, 0.75, 1.00
9.00, 61.00, 61.00, 3.00, 1.00
9.00, 63.00, 62.00, 3.00, 0.00
9.75, 55.00, 57.00, 0.25, 1.00
10.00, 53.00, 56.00, 0.50, 1.00
10.50, 55.00, 57.00, 0.50, 1.00
11.00, 51.00, 55.00, 1.00, 1.00
12.00, 55.00, 57.00, 1.00, 1.00
12.00, 61.00, 61.00, 1.00, 1.00
12.00, 64.00, 63.00, 1.00, 1.00
12.00, 72.00, 67.00, 0.75, 0.00
12.75, 70.00, 66.00, 0.25, 0.00
13.00, 56.00, 58.00, 1.00, 1.00
13.00, 60.00, 60.00, 2.00, 1.00
13.00, 63.00, 62.00, 2.00, 1.00
13.00, 68.00, 65.00, 0.50, 0.00
13.50, 70.00, 66.00, 0.50, 0.00
14.00, 51.00, 55.00, 1.00, 1.00
14.00, 72.00, 67.00, 1.75, 0.00
15.00, 55.00, 57.00, 1.00, 1.00
15.00, 61.00, 61.00, 1.00, 1.00
15.00, 64.00, 63.00, 1.00, 1.00
15.75, 70.00, 66.00, 0.25, 0.00
16.00, 56.00, 58.00, 2.00, 1.00
16.00, 60.00, 60.00, 1.00, 1.00
16.00, 63.00, 62.00, 2.00, 1.00
16.00, 68.00, 65.00, 0.50, 0.00
16.00, 68.00, 65.00, 2.00, 0.00
16.50, 79.00, 71.00, 0.50, 0.00
17.00, 59.00, 60.00, 1.00, 1.00
17.00, 77.00, 70.00, 1.00, 0.00
18.00, 51.00, 55.00, 1.00, 1.00
18.00, 58.00, 59.00, 1.00, 1.00
18.00, 63.00, 62.00, 1.00, 1.00
18.00, 67.00, 64.00, 1.00, 0.00
18.00, 70.00, 66.00, 1.00, 0.00
19.00, 59.00, 60.00, 1.00, 1.00
19.00, 62.00, 61.00, 2.00, 1.00
19.00, 68.00, 65.00, 0.75, 0.00
19.00, 68.00, 65.00, 2.00, 0.00
19.75, 79.00, 71.00, 0.25, 0.00
20.00, 51.00, 55.00, 1.00, 1.00
20.00, 77.00, 70.00, 1.00, 0.00
21.00, 59.00, 60.00, 2.00, 1.00
21.00, 62.00, 61.00, 2.00, 1.00
21.00, 68.00, 65.00, 0.50, 0.00
21.00, 68.00, 65.00, 3.00, 0.00
21.50, 79.00, 71.00, 0.50, 0.00
22.00, 51.00, 55.00, 2.00, 1.00
22.00, 77.00, 70.00, 1.00, 0.00
23.00, 58.00, 59.00, 1.00, 1.00
23.00, 63.00, 62.00, 1.00, 1.00
23.00, 67.00, 64.00, 1.00, 0.00
23.00, 70.00, 66.00, 1.00, 0.00
24.00, 55.00, 57.00, 1.00, 1.00
24.00, 61.00, 61.00, 1.00, 1.00
24.00, 64.00, 63.00, 1.00, 1.00
24.00, 72.00, 67.00, 0.75, 0.00
24.75, 70.00, 66.00, 0.25, 0.00
25.00, 56.00, 58.00, 1.00, 1.00
25.00, 60.00, 60.00, 2.00, 1.00
25.00, 63.00, 62.00, 2.00, 1.00
25.00, 68.00, 65.00, 0.50, 0.00
25.50, 70.00, 66.00, 0.50, 0.00
26.00, 51.00, 55.00, 1.00, 1.00
26.00, 72.00, 67.00, 1.75, 0.00
27.00, 55.00, 57.00, 1.00, 1.00
27.00, 61.00, 61.00, 1.00, 1.00
27.00, 64.00, 63.00, 1.00, 1.00
27.75, 70.00, 66.00, 0.25, 0.00
28.00, 56.00, 58.00, 1.00, 1.00
28.00, 60.00, 60.00, 2.00, 1.00
28.00, 63.00, 62.00, 2.00, 1.00
28.00, 68.00, 65.00, 0.50, 0.00
28.50, 77.00, 70.00, 0.50, 0.00
29.00, 51.00, 55.00, 1.00, 1.00
29.00, 75.00, 69.00, 1.00, 0.00
30.00, 55.00, 57.00, 1.00, 1.00
30.00, 61.00, 61.00, 1.00, 1.00
30.00, 64.00, 63.00, 1.00, 1.00
30.00, 72.00, 67.00, 0.75, 0.00
30.75, 70.00, 66.00, 0.25, 0.00
31.00, 56.00, 58.00, 1.00, 1.00
31.00, 60.00, 60.00, 2.00, 1.00
31.00, 63.00, 62.00, 2.00, 1.00
31.00, 67.00, 64.00, 0.33, 0.00
31.33, 68.00, 65.00, 0.33, 0.00
31.67, 70.00, 66.00, 0.33, 0.00
32.00, 51.00, 55.00, 1.00, 1.00
32.00, 71.00, 66.00, 0.33, 0.00
32.33, 73.00, 68.00, 0.33, 0.00
32.83, 72.00, 67.00, 0.17, 0.00
33.00, 56.00, 58.00, 0.75, 1.00
33.00, 61.00, 61.00, 3.00, 1.00
33.00, 63.00, 62.00, 3.00, 0.00
33.75, 55.00, 57.00, 0.25, 1.00
34.00, 53.00, 56.00, 0.50, 1.00
34.50, 55.00, 57.00, 0.50, 1.00
35.00, 51.00, 55.00, 1.00, 1.00
36.00, 55.00, 57.00, 1.00, 1.00
36.00, 61.00, 61.00, 1.00, 1.00
36.00, 64.00, 63.00, 1.00, 1.00
36.00, 72.00, 67.00, 0.50, 0.00
36.75, 70.00, 66.00, 0.25, 0.00
37.00, 56.00, 58.00, 1.00, 1.00
37.00, 60.00, 60.00, 2.00, 1.00
37.00, 63.00, 62.00, 2.00, 1.00
37.00, 68.00, 65.00, 0.50, 0.00
37.50, 70.00, 66.00, 0.50, 0.00
38.00, 51.00, 55.00, 1.00, 1.00
38.00, 72.00, 67.00, 1.62, 0.00
39.00, 55.00, 57.00, 1.00, 1.00
39.00, 61.00, 61.00, 1.00, 1.00
39.00, 64.00, 63.00, 1.00, 1.00
39.62, 70.00, 66.00, 0.12, 0.00
39.75, 72.00, 67.00, 0.12, 0.00
39.87, 70.00, 66.00, 0.12, 0.00
40.00, 56.00, 58.00, 1.00, 1.00
40.00, 60.00, 60.00, 1.00, 1.00
40.00, 63.00, 62.00, 1.00, 1.00
40.00, 68.00, 65.00, 0.50, 0.00
40.75, 80.00, 72.00, 0.25, 0.00
41.00, 62.00, 61.00, 1.00, 1.00
41.00, 68.00, 65.00, 1.00, 1.00
41.00, 71.00, 67.00, 1.00, 1.00
41.00, 77.00, 70.00, 1.00, 0.00
42.00, 63.00, 62.00, 1.00, 1.00
42.00, 67.00, 64.00, 1.00, 1.00
42.00, 70.00, 66.00, 0.75, 0.00
42.75, 72.00, 67.00, 0.25, 0.00
43.00, 58.00, 59.00, 1.00, 1.00
43.00, 65.00, 63.00, 1.00, 1.00
43.00, 72.00, 67.00, 0.75, 0.00
43.00, 73.00, 68.00, 1.00, 0.00
43.75, 70.00, 66.00, 0.25, 0.00
44.00, 51.00, 55.00, 1.00, 1.00
44.00, 63.00, 62.00, 0.75, 1.00
44.00, 67.00, 64.00, 1.00, 0.00
44.75, 61.00, 61.00, 0.25, 1.00
45.00, 56.00, 58.00, 2.00, 1.00
45.00, 65.00, 63.00, 0.75, 1.00
45.00, 68.00, 65.00, 2.00, 0.00
45.00, 73.00, 68.00, 0.75, 0.00
45.75, 63.00, 62.00, 0.25, 1.00
45.75, 72.00, 67.00, 0.25, 0.00
46.00, 60.00, 60.00, 1.00, 1.00
46.00, 68.00, 65.00, 1.00, 0.00
47.00, 65.00, 63.00, 1.00, 0.00
48.00, 73.00, 68.00, 1.00, 0.00
49.00, 46.00, 52.00, 1.00, 1.00
49.00, 53.00, 56.00, 1.00, 1.00
49.00, 61.00, 61.00, 1.00, 1.00
49.00, 70.00, 66.00, 0.75, 0.00
49.75, 73.00, 68.00, 0.25, 0.00
50.00, 46.00, 52.00, 1.00, 1.00
50.00, 53.00, 56.00, 1.00, 1.00
50.00, 61.00, 61.00, 1.00, 1.00
50.00, 65.00, 63.00, 1.00, 0.00
50.00, 77.00, 70.00, 1.00, 0.00
51.00, 76.00, 69.00, 0.75, 0.00
51.75, 72.00, 67.00, 0.25, 0.00
52.00, 46.00, 52.00, 1.00, 1.00
52.00, 53.00, 56.00, 1.00, 1.00
52.00, 60.00, 60.00, 1.00, 1.00
52.00, 75.00, 69.00, 0.50, 0.00
52.50, 73.00, 68.00, 0.50, 0.00
53.00, 46.00, 52.00, 1.00, 1.00
53.00, 53.00, 56.00, 1.00, 1.00
53.00, 61.00, 61.00, 1.00, 1.00
53.00, 70.00, 66.00, 1.00, 0.00
53.00, 82.00, 73.00, 1.00, 0.00
54.00, 73.00, 68.00, 1.00, 0.00
55.00, 46.00, 52.00, 1.00, 1.00
55.00, 53.00, 56.00, 1.00, 1.00
55.00, 61.00, 61.00, 1.00, 1.00
55.00, 70.00, 66.00, 0.50, 0.00
55.50, 73.00, 68.00, 0.50, 0.00
56.00, 46.00, 52.00, 1.00, 1.00
56.00, 53.00, 56.00, 1.00, 1.00
56.00, 61.00, 61.00, 1.00, 1.00
56.00, 65.00, 63.00, 1.00, 0.00
56.00, 77.00, 70.00, 3.00, 0.00
57.00, 76.00, 69.00, 0.50, 0.00
57.50, 72.00, 67.00, 0.50, 0.00
58.00, 46.00, 52.00, 1.00, 1.00
58.00, 53.00, 56.00, 1.00, 1.00
58.00, 60.00, 60.00, 1.00, 1.00
58.00, 75.00, 69.00, 0.50, 0.00
58.50, 73.00, 68.00, 0.50, 0.00
59.00, 46.00, 52.00, 1.00, 1.00
59.00, 53.00, 56.00, 1.00, 1.00
59.00, 61.00, 61.00, 1.00, 1.00
59.00, 70.00, 66.00, 1.00, 0.00
59.00, 82.00, 73.00, 3.00, 0.00
60.00, 76.00, 69.00, 0.50, 0.00
60.50, 72.00, 67.00, 0.50, 0.00
61.00, 46.00, 52.00, 1.00, 1.00
61.00, 53.00, 56.00, 1.00, 1.00
61.00, 60.00, 60.00, 1.00, 1.00
61.00, 75.00, 69.00, 0.50, 0.00
61.50, 73.00, 68.00, 0.50, 0.00
62.00, 46.00, 52.00, 1.00, 1.00
62.00, 53.00, 56.00, 1.00, 1.00
62.00, 61.00, 61.00, 1.00, 1.00
62.00, 70.00, 66.00, 1.00, 0.00
62.00, 82.00, 73.00, 3.00, 0.00
63.00, 76.00, 69.00, 0.50, 0.00
63.50, 72.00, 67.00, 0.50, 0.00
64.00, 46.00, 52.00, 1.00, 1.00
64.00, 53.00, 56.00, 1.00, 1.00
64.00, 60.00, 60.00, 1.00, 1.00
64.00, 75.00, 69.00, 0.50, 0.00
64.50, 73.00, 68.00, 0.50, 0.00
65.00, 46.00, 52.00, 1.00, 1.00
65.00, 53.00, 56.00, 1.00, 1.00
65.00, 61.00, 61.00, 1.00, 1.00
65.00, 70.00, 66.00, 1.00, 0.00
65.00, 82.00, 73.00, 1.00, 0.00
66.00, 73.00, 68.00, 2.00, 0.00
67.00, 55.00, 57.00, 1.00, 1.00
67.00, 58.00, 59.00, 1.00, 1.00
67.00, 64.00, 63.00, 1.00, 1.00
68.00, 56.00, 58.00, 1.00, 1.00
68.00, 59.00, 60.00, 1.00, 1.00
68.00, 64.00, 63.00, 1.00, 1.00
68.00, 71.00, 67.00, 1.00, 0.00
69.00, 55.00, 57.00, 1.00, 1.00
69.00, 58.00, 59.00, 1.00, 1.00
69.00, 64.00, 63.00, 1.00, 1.00
69.00, 73.00, 68.00, 1.00, 0.00
70.00, 56.00, 58.00, 1.00, 1.00
70.00, 59.00, 60.00, 1.00, 1.00
70.00, 64.00, 63.00, 1.00, 1.00
70.00, 71.00, 67.00, 1.00, 0.00
71.00, 55.00, 57.00, 2.00, 1.00
71.00, 61.00, 61.00, 2.00, 1.00
71.00, 64.00, 63.00, 2.00, 1.00
71.00, 70.00, 66.00, 1.00, 0.00
72.00, 72.00, 67.00, 0.75, 0.00
72.75, 70.00, 66.00, 0.25, 0.00
73.00, 56.00, 58.00, 1.00, 1.00
73.00, 60.00, 60.00, 2.00, 1.00
73.00, 63.00, 62.00, 2.00, 1.00
73.00, 68.00, 65.00, 0.50, 0.00
73.50, 70.00, 66.00, 0.50, 0.00
74.00, 51.00, 55.00, 1.00, 1.00
74.00, 72.00, 67.00, 1.00, 0.00
75.00, 55.00, 57.00, 1.00, 1.00
75.00, 61.00, 61.00, 1.00, 1.00
75.00, 64.00, 63.00, 1.00, 1.00
75.00, 72.00, 67.00, 0.75, 0.00
75.75, 70.00, 66.00, 0.25, 0.00
76.00, 56.00, 58.00, 1.00, 1.00
76.00, 60.00, 60.00, 2.00, 1.00
76.00, 63.00, 62.00, 2.00, 1.00
76.00, 68.00, 65.00, 0.50, 0.00
76.75, 77.00, 70.00, 0.25, 0.00
77.00, 51.00, 55.00, 1.00, 1.00
77.00, 75.00, 69.00, 1.00, 0.00
78.00, 55.00, 57.00, 1.00, 1.00
78.00, 61.00, 61.00, 1.00, 1.00
78.00, 64.00, 63.00, 3.00, 1.00
78.00, 72.00, 67.00, 0.75, 0.00
78.75, 70.00, 66.00, 0.25, 0.00
79.00, 56.00, 58.00, 1.00, 1.00
79.00, 60.00, 60.00, 2.00, 1.00
79.00, 68.00, 65.00, 0.50, 0.00
79.50, 70.00, 66.00, 0.50, 0.00
80.00, 51.00, 55.00, 1.00, 1.00
80.00, 71.00, 66.00, 0.33, 0.00
80.33, 73.00, 68.00, 0.33, 0.00
80.83, 72.00, 67.00, 0.17, 0.00
81.00, 56.00, 58.00, 0.75, 1.00
81.00, 61.00, 61.00, 3.00, 1.00
81.00, 63.00, 62.00, 3.00, 0.00
81.75, 55.00, 57.00, 0.25, 1.00
82.00, 53.00, 56.00, 0.50, 1.00
82.50, 55.00, 57.00, 0.50, 1.00
83.00, 51.00, 55.00, 1.00, 1.00
84.00, 55.00, 57.00, 1.00, 1.00
84.00, 61.00, 61.00, 1.00, 1.00
84.00, 64.00, 63.00, 1.00, 1.00
84.00, 72.00, 67.00, 0.50, 0.00
84.75, 70.00, 66.00, 0.25, 0.00
85.00, 56.00, 58.00, 1.00, 1.00
85.00, 60.00, 60.00, 2.00, 1.00
85.00, 63.00, 62.00, 2.00, 1.00
85.00, 68.00, 65.00, 0.50, 0.00
85.50, 70.00, 66.00, 0.50, 0.00
86.00, 51.00, 55.00, 1.00, 1.00
86.00, 72.00, 67.00, 1.75, 0.00
87.00, 55.00, 57.00, 1.00, 1.00
87.00, 61.00, 61.00, 1.00, 1.00
87.00, 64.00, 63.00, 1.00, 1.00
87.75, 70.00, 66.00, 0.25, 0.00
88.00, 56.00, 58.00, 2.00, 1.00
88.00, 60.00, 60.00, 1.00, 1.00
88.00, 63.00, 62.00, 2.00, 1.00
88.00, 68.00, 65.00, 0.50, 0.00
88.00, 68.00, 65.00, 2.00, 0.00
88.50, 79.00, 71.00, 0.50, 0.00
89.00, 59.00, 60.00, 1.00, 1.00
89.00, 77.00, 70.00, 1.00, 0.00
90.00, 51.00, 55.00, 1.00, 1.00
90.00, 58.00, 59.00, 1.00, 1.00
90.00, 63.00, 62.00, 1.00, 1.00
90.00, 67.00, 64.00, 1.00, 0.00
90.00, 70.00, 66.00, 1.00, 0.00
91.00, 59.00, 60.00, 1.00, 1.00
91.00, 62.00, 61.00, 2.00, 1.00
91.00, 68.00, 65.00, 0.75, 0.00
91.00, 68.00, 65.00, 2.00, 0.00
91.75, 79.00, 71.00, 0.25, 0.00
92.00, 51.00, 55.00, 1.00, 1.00
92.00, 77.00, 70.00, 1.00, 0.00
93.00, 59.00, 60.00, 2.00, 1.00
93.00, 62.00, 61.00, 2.00, 1.00
93.00, 68.00, 65.00, 0.75, 0.00
93.00, 68.00, 65.00, 3.00, 0.00
93.75, 79.00, 71.00, 0.25, 0.00
94.00, 51.00, 55.00, 1.00, 1.00
94.00, 77.00, 70.00, 1.00, 0.00
95.00, 58.00, 59.00, 1.00, 1.00
95.00, 63.00, 62.00, 1.00, 1.00
95.00, 67.00, 64.00, 1.00, 0.00
95.00, 70.00, 66.00, 1.00, 0.00
96.00, 55.00, 57.00, 1.00, 1.00
96.00, 61.00, 61.00, 1.00, 1.00
96.00, 64.00, 63.00, 1.00, 1.00
96.00, 72.00, 67.00, 0.75, 0.00
96.75, 70.00, 66.00, 0.25, 0.00
97.00, 56.00, 58.00, 1.00, 1.00
97.00, 60.00, 60.00, 2.00, 1.00
97.00, 63.00, 62.00, 2.00, 1.00
97.00, 68.00, 65.00, 0.50, 0.00
97.50, 70.00, 66.00, 0.50, 0.00
98.00, 51.00, 55.00, 1.00, 1.00
98.00, 72.00, 67.00, 1.75, 0.00
99.00, 55.00, 57.00, 1.00, 1.00
99.00, 61.00, 61.00, 1.00, 1.00
99.00, 64.00, 63.00, 1.00, 1.00
99.75, 70.00, 66.00, 0.25, 0.00
100.00, 56.00, 58.00, 1.00, 1.00
100.00, 60.00, 60.00, 2.00, 1.00
100.00, 63.00, 62.00, 2.00, 1.00
100.00, 68.00, 65.00, 0.50, 0.00
100.50, 77.00, 70.00, 0.50, 0.00
101.00, 51.00, 55.00, 1.00, 1.00
101.00, 75.00, 69.00, 1.00, 0.00
102.00, 55.00, 57.00, 1.00, 1.00
102.00, 61.00, 61.00, 1.00, 1.00
102.00, 64.00, 63.00, 1.00, 1.00
102.00, 72.00, 67.00, 0.33, 0.00
102.33, 71.00, 67.00, 0.33, 0.00
102.67, 70.00, 66.00, 0.33, 0.00
103.00, 56.00, 58.00, 1.00, 1.00
103.00, 60.00, 60.00, 2.00, 1.00
103.00, 63.00, 62.00, 2.00, 1.00
103.00, 67.00, 64.00, 0.33, 0.00
103.33, 68.00, 65.00, 0.33, 0.00
103.67, 70.00, 66.00, 0.33, 0.00
104.00, 51.00, 55.00, 1.00, 1.00
104.00, 71.00, 66.00, 0.33, 0.00
104.33, 73.00, 68.00, 0.33, 0.00
104.83, 72.00, 67.00, 0.17, 0.00
105.00, 56.00, 58.00, 0.75, 1.00
105.00, 61.00, 61.00, 3.00, 1.00
105.00, 63.00, 62.00, 3.00, 0.00
105.75, 55.00, 57.00, 0.25, 1.00
106.00, 53.00, 56.00, 0.50, 1.00
106.50, 55.00, 57.00, 0.50, 1.00
107.00, 51.00, 55.00, 1.00, 1.00
108.00, 55.00, 57.00, 1.00, 1.00
108.00, 61.00, 61.00, 1.00, 1.00
108.00, 64.00, 63.00, 1.00, 1.00
108.00, 72.00, 67.00, 0.50, 0.00
108.75, 70.00, 66.00, 0.25, 0.00
109.00, 56.00, 58.00, 1.00, 1.00
109.00, 60.00, 60.00, 2.00, 1.00
109.00, 63.00, 62.00, 2.00, 1.00
109.00, 68.00, 65.00, 0.50, 0.00
109.50, 70.00, 66.00, 0.50, 0.00
110.00, 51.00, 55.00, 1.00, 1.00
110.00, 72.00, 67.00, 1.62, 0.00
111.00, 55.00, 57.00, 1.00, 1.00
111.00, 61.00, 61.00, 1.00, 1.00
111.00, 64.00, 63.00, 1.00, 1.00
111.62, 70.00, 66.00, 0.12, 0.00
111.75, 72.00, 67.00, 0.12, 0.00
111.87, 70.00, 66.00, 0.12, 0.00
112.00, 56.00, 58.00, 1.00, 1.00
112.00, 60.00, 60.00, 1.00, 1.00
112.00, 63.00, 62.00, 1.00, 1.00
112.00, 68.00, 65.00, 0.50, 0.00
112.75, 80.00, 72.00, 0.25, 0.00
113.00, 62.00, 61.00, 1.00, 1.00
113.00, 68.00, 65.00, 1.00, 1.00
113.00, 71.00, 67.00, 1.00, 1.00
113.00, 77.00, 70.00, 1.00, 0.00
114.00, 63.00, 62.00, 1.00, 1.00
114.00, 67.00, 64.00, 1.00, 1.00
114.00, 70.00, 66.00, 0.75, 0.00
114.75, 72.00, 67.00, 0.25, 0.00
115.00, 58.00, 59.00, 1.00, 1.00
115.00, 65.00, 63.00, 1.00, 1.00
115.00, 73.00, 68.00, 1.00, 0.00
116.00, 51.00, 55.00, 1.00, 1.00
116.00, 63.00, 62.00, 0.75, 1.00
116.00, 67.00, 64.00, 1.00, 0.00
116.00, 72.00, 67.00, 0.75, 0.00
116.75, 61.00, 61.00, 0.25, 1.00
116.75, 70.00, 66.00, 0.25, 0.00
117.00, 56.00, 58.00, 2.00, 1.00
117.00, 65.00, 63.00, 0.75, 1.00
117.00, 68.00, 65.00, 1.00, 0.00
117.00, 73.00, 68.00, 0.75, 0.00
117.75, 63.00, 62.00, 0.25, 1.00
117.75, 72.00, 67.00, 0.25, 0.00
118.00, 60.00, 60.00, 1.00, 1.00
118.00, 68.00, 65.00, 1.00, 0.00
119.00, 65.00, 63.00, 1.00, 0.00
120.00, 73.00, 68.00, 1.00, 0.00
121.00, 46.00, 52.00, 1.00, 1.00
121.00, 53.00, 56.00, 1.00, 1.00
121.00, 61.00, 61.00, 1.00, 1.00
121.00, 70.00, 66.00, 0.75, 0.00
121.75, 73.00, 68.00, 0.25, 0.00
122.00, 46.00, 52.00, 1.00, 1.00
122.00, 53.00, 56.00, 1.00, 1.00
122.00, 61.00, 61.00, 1.00, 1.00
122.00, 65.00, 63.00, 1.00, 0.00
122.00, 77.00, 70.00, 1.00, 0.00
123.00, 76.00, 69.00, 0.75, 0.00
123.75, 72.00, 67.00, 0.25, 0.00
124.00, 46.00, 52.00, 1.00, 1.00
124.00, 53.00, 56.00, 1.00, 1.00
124.00, 60.00, 60.00, 1.00, 1.00
124.00, 75.00, 69.00, 0.50, 0.00
124.50, 73.00, 68.00, 0.50, 0.00
125.00, 46.00, 52.00, 1.00, 1.00
125.00, 53.00, 56.00, 1.00, 1.00
125.00, 61.00, 61.00, 1.00, 1.00
125.00, 70.00, 66.00, 1.00, 0.00
125.00, 82.00, 73.00, 1.00, 0.00
126.00, 73.00, 68.00, 1.00, 0.00
127.00, 46.00, 52.00, 1.00, 1.00
127.00, 53.00, 56.00, 1.00, 1.00
127.00, 61.00, 61.00, 1.00, 1.00
127.00, 70.00, 66.00, 0.50, 0.00
127.50, 73.00, 68.00, 0.50, 0.00
128.00, 46.00, 52.00, 1.00, 1.00
128.00, 53.00, 56.00, 1.00, 1.00
128.00, 61.00, 61.00, 1.00, 1.00
128.00, 65.00, 63.00, 1.00, 0.00
128.00, 77.00, 70.00, 3.00, 0.00
129.00, 76.00, 69.00, 0.50, 0.00
129.50, 72.00, 67.00, 0.50, 0.00
130.00, 46.00, 52.00, 1.00, 1.00
130.00, 53.00, 56.00, 1.00, 1.00
130.00, 60.00, 60.00, 1.00, 1.00
130.00, 75.00, 69.00, 0.50, 0.00
130.50, 73.00, 68.00, 0.50, 0.00
131.00, 46.00, 52.00, 1.00, 1.00
131.00, 53.00, 56.00, 1.00, 1.00
131.00, 61.00, 61.00, 1.00, 1.00
131.00, 70.00, 66.00, 1.00, 0.00
131.00, 82.00, 73.00, 3.00, 0.00
132.00, 76.00, 69.00, 0.50, 0.00
132.50, 72.00, 67.00, 0.50, 0.00
133.00, 46.00, 52.00, 1.00, 1.00
133.00, 53.00, 56.00, 1.00, 1.00
133.00, 60.00, 60.00, 1.00, 1.00
133.00, 75.00, 69.00, 0.50, 0.00
133.50, 73.00, 68.00, 0.50, 0.00
134.00, 46.00, 52.00, 1.00, 1.00
134.00, 53.00, 56.00, 1.00, 1.00
134.00, 61.00, 61.00, 1.00, 1.00
134.00, 70.00, 66.00, 1.00, 0.00
134.00, 82.00, 73.00, 3.00, 0.00
135.00, 76.00, 69.00, 0.50, 0.00
135.50, 72.00, 67.00, 0.50, 0.00
136.00, 46.00, 52.00, 1.00, 1.00
136.00, 53.00, 56.00, 1.00, 1.00
136.00, 60.00, 60.00, 1.00, 1.00
136.00, 75.00, 69.00, 0.50, 0.00
136.50, 73.00, 68.00, 0.50, 0.00
137.00, 46.00, 52.00, 1.00, 1.00
137.00, 53.00, 56.00, 1.00, 1.00
137.00, 61.00, 61.00, 1.00, 1.00
137.00, 70.00, 66.00, 1.00, 0.00
137.00, 82.00, 73.00, 1.00, 0.00
138.00, 73.00, 68.00, 2.00, 0.00
139.00, 55.00, 57.00, 1.00, 1.00
139.00, 58.00, 59.00, 1.00, 1.00
139.00, 64.00, 63.00, 1.00, 1.00
140.00, 56.00, 58.00, 1.00, 1.00
140.00, 59.00, 60.00, 1.00, 1.00
140.00, 64.00, 63.00, 1.00, 1.00
140.00, 71.00, 67.00, 1.00, 0.00
141.00, 55.00, 57.00, 1.00, 1.00
141.00, 58.00, 59.00, 1.00, 1.00
141.00, 64.00, 63.00, 1.00, 1.00
141.00, 73.00, 68.00, 1.00, 0.00
142.00, 56.00, 58.00, 1.00, 1.00
142.00, 59.00, 60.00, 1.00, 1.00
142.00, 64.00, 63.00, 1.00, 1.00
142.00, 71.00, 67.00, 1.00, 0.00
143.00, 55.00, 57.00, 2.00, 1.00
143.00, 61.00, 61.00, 2.00, 1.00
143.00, 64.00, 63.00, 2.00, 1.00
143.00, 70.00, 66.00, 1.00, 0.00
144.00, 72.00, 67.00, 0.75, 0.00
144.75, 70.00, 66.00, 0.25, 0.00
145.00, 56.00, 58.00, 1.00, 1.00
145.00, 60.00, 60.00, 2.00, 1.00
145.00, 63.00, 62.00, 2.00, 1.00
145.00, 68.00, 65.00, 0.50, 0.00
145.50, 70.00, 66.00, 0.50, 0.00
146.00, 51.00, 55.00, 1.00, 1.00
146.00, 72.00, 67.00, 1.00, 0.00
147.00, 55.00, 57.00, 1.00, 1.00
147.00, 61.00, 61.00, 1.00, 1.00
147.00, 64.00, 63.00, 1.00, 1.00
147.00, 72.00, 67.00, 0.75, 0.00
147.75, 70.00, 66.00, 0.25, 0.00
148.00, 56.00, 58.00, 1.00, 1.00
148.00, 60.00, 60.00, 2.00, 1.00
148.00, 63.00, 62.00, 2.00, 1.00
148.00, 68.00, 65.00, 0.50, 0.00
148.75, 77.00, 70.00, 0.25, 0.00
149.00, 51.00, 55.00, 1.00, 1.00
149.00, 75.00, 69.00, 1.00, 0.00
150.00, 55.00, 57.00, 1.00, 1.00
150.00, 61.00, 61.00, 1.00, 1.00
150.00, 64.00, 63.00, 3.00, 1.00
150.00, 72.00, 67.00, 0.75, 0.00
150.75, 70.00, 66.00, 0.25, 0.00
151.00, 56.00, 58.00, 1.00, 1.00
151.00, 60.00, 60.00, 2.00, 1.00
151.00, 68.00, 65.00, 0.50, 0.00
151.50, 70.00, 66.00, 0.50, 0.00
152.00, 51.00, 55.00, 1.00, 1.00
152.00, 71.00, 66.00, 0.33, 0.00
152.33, 73.00, 68.00, 0.33, 0.00
152.83, 72.00, 67.00, 0.17, 0.00
153.00, 56.00, 58.00, 0.75, 1.00
153.00, 61.00, 61.00, 3.00, 1.00
153.00, 63.00, 62.00, 3.00, 0.00
153.75, 55.00, 57.00, 0.25, 1.00
154.00, 53.00, 56.00, 0.50, 1.00
154.50, 55.00, 57.00, 0.50, 1.00
155.00, 51.00, 55.00, 1.00, 1.00
156.00, 55.00, 57.00, 1.00, 1.00
156.00, 61.00, 61.00, 1.00, 1.00
156.00, 64.00, 63.00, 1.00, 1.00
156.00, 72.00, 67.00, 0.50, 0.00
156.75, 70.00, 66.00, 0.25, 0.00
157.00, 56.00, 58.00, 1.00, 1.00
157.00, 60.00, 60.00, 2.00, 1.00
157.00, 63.00, 62.00, 2.00, 1.00
157.00, 68.00, 65.00, 0.50, 0.00
157.50, 70.00, 66.00, 0.50, 0.00
158.00, 51.00, 55.00, 1.00, 1.00
158.00, 72.00, 67.00, 1.75, 0.00
159.00, 55.00, 57.00, 1.00, 1.00
159.00, 61.00, 61.00, 1.00, 1.00
159.00, 64.00, 63.00, 1.00, 1.00
159.75, 70.00, 66.00, 0.25, 0.00
160.00, 56.00, 58.00, 2.00, 1.00
160.00, 60.00, 60.00, 1.00, 1.00
160.00, 63.00, 62.00, 2.00, 1.00
160.00, 68.00, 65.00, 0.50, 0.00
160.00, 68.00, 65.00, 2.00, 0.00
160.50, 79.00, 71.00, 0.50, 0.00
161.00, 59.00, 60.00, 1.00, 1.00
161.00, 77.00, 70.00, 1.00, 0.00
162.00, 51.00, 55.00, 1.00, 1.00
162.00, 58.00, 59.00, 1.00, 1.00
162.00, 63.00, 62.00, 1.00, 1.00
162.00, 67.00, 64.00, 1.00, 0.00
162.00, 70.00, 66.00, 1.00, 0.00
163.00, 59.00, 60.00, 1.00, 1.00
163.00, 62.00, 61.00, 2.00, 1.00
163.00, 68.00, 65.00, 0.75, 0.00
163.00, 68.00, 65.00, 2.00, 0.00
163.75, 79.00, 71.00, 0.25, 0.00
164.00, 51.00, 55.00, 1.00, 1.00
164.00, 77.00, 70.00, 1.00, 0.00
165.00, 59.00, 60.00, 2.00, 1.00
165.00, 62.00, 61.00, 2.00, 1.00
165.00, 68.00, 65.00, 0.75, 0.00
165.00, 68.00, 65.00, 3.00, 0.00
165.75, 79.00, 71.00, 0.25, 0.00
166.00, 51.00, 55.00, 1.00, 1.00
166.00, 77.00, 70.00, 1.00, 0.00
167.00, 58.00, 59.00, 1.00, 1.00
167.00, 63.00, 62.00, 1.00, 1.00
167.00, 67.00, 64.00, 1.00, 0.00
167.00, 70.00, 66.00, 1.00, 0.00
168.00, 55.00, 57.00, 1.00, 1.00
168.00, 61.00, 61.00, 1.00, 1.00
168.00, 64.00, 63.00, 1.00, 1.00
168.00, 72.00, 67.00, 0.75, 0.00
168.75, 70.00, 66.00, 0.25, 0.00
169.00, 56.00, 58.00, 1.00, 1.00
169.00, 60.00, 60.00, 2.00, 1.00
169.00, 63.00, 62.00, 2.00, 1.00
169.00, 68.00, 65.00, 0.50, 0.00
169.50, 70.00, 66.00, 0.50, 0.00
170.00, 51.00, 55.00, 1.00, 1.00
170.00, 72.00, 67.00, 1.75, 0.00
171.00, 55.00, 57.00, 1.00, 1.00
171.00, 61.00, 61.00, 1.00, 1.00
171.00, 64.00, 63.00, 1.00, 1.00
171.75, 70.00, 66.00, 0.25, 0.00
172.00, 56.00, 58.00, 1.00, 1.00
172.00, 60.00, 60.00, 2.00, 1.00
172.00, 63.00, 62.00, 2.00, 1.00
172.00, 68.00, 65.00, 0.50, 0.00
172.50, 77.00, 70.00, 0.50, 0.00
173.00, 51.00, 55.00, 1.00, 1.00
173.00, 75.00, 69.00, 1.00, 0.00
174.00, 55.00, 57.00, 1.00, 1.00
174.00, 61.00, 61.00, 1.00, 1.00
174.00, 64.00, 63.00, 1.00, 1.00
174.00, 72.00, 67.00, 0.33, 0.00
174.33, 71.00, 67.00, 0.33, 0.00
174.67, 70.00, 66.00, 0.33, 0.00
175.00, 56.00, 58.00, 1.00, 1.00
175.00, 60.00, 60.00, 2.00, 1.00
175.00, 63.00, 62.00, 2.00, 1.00
175.00, 67.00, 64.00, 0.33, 0.00
175.33, 68.00, 65.00, 0.33, 0.00
175.67, 70.00, 66.00, 0.33, 0.00
176.00, 51.00, 55.00, 1.00, 1.00
176.00, 71.00, 66.00, 0.33, 0.00
176.33, 73.00, 68.00, 0.33, 0.00
176.83, 72.00, 67.00, 0.17, 0.00
177.00, 56.00, 58.00, 0.75, 1.00
177.00, 61.00, 61.00, 3.00, 1.00
177.00, 63.00, 62.00, 3.00, 0.00
177.75, 55.00, 57.00, 0.25, 1.00
178.00, 53.00, 56.00, 0.50, 1.00
178.50, 55.00, 57.00, 0.50, 1.00
179.00, 51.00, 55.00, 1.00, 1.00
180.00, 55.00, 57.00, 1.00, 1.00
180.00, 61.00, 61.00, 1.00, 1.00
180.00, 64.00, 63.00, 1.00, 1.00
180.00, 72.00, 67.00, 0.50, 0.00
180.75, 70.00, 66.00, 0.25, 0.00
181.00, 56.00, 58.00, 1.00, 1.00
181.00, 60.00, 60.00, 2.00, 1.00
181.00, 63.00, 62.00, 2.00, 1.00
181.00, 68.00, 65.00, 0.50, 0.00
181.50, 70.00, 66.00, 0.50, 0.00
182.00, 51.00, 55.00, 1.00, 1.00
182.00, 72.00, 67.00, 1.62, 0.00
183.00, 55.00, 57.00, 1.00, 1.00
183.00, 61.00, 61.00, 1.00, 1.00
183.00, 64.00, 63.00, 1.00, 1.00
183.62, 70.00, 66.00, 0.12, 0.00
183.75, 72.00, 67.00, 0.12, 0.00
183.87, 70.00, 66.00, 0.12, 0.00
184.00, 56.00, 58.00, 1.00, 1.00
184.00, 60.00, 60.00, 1.00, 1.00
184.00, 63.00, 62.00, 1.00, 1.00
184.00, 68.00, 65.00, 0.50, 0.00
184.75, 80.00, 72.00, 0.25, 0.00
185.00, 62.00, 61.00, 1.00, 1.00
185.00, 68.00, 65.00, 1.00, 1.00
185.00, 71.00, 67.00, 1.00, 1.00
185.00, 77.00, 70.00, 1.00, 0.00
186.00, 63.00, 62.00, 1.00, 1.00
186.00, 67.00, 64.00, 1.00, 1.00
186.00, 70.00, 66.00, 0.75, 0.00
186.75, 72.00, 67.00, 0.25, 0.00
187.00, 58.00, 59.00, 1.00, 1.00
187.00, 65.00, 63.00, 1.00, 1.00
187.00, 73.00, 68.00, 1.00, 0.00
188.00, 51.00, 55.00, 1.00, 1.00
188.00, 63.00, 62.00, 0.75, 1.00
188.00, 67.00, 64.00, 1.00, 0.00
188.00, 72.00, 67.00, 0.75, 0.00
188.75, 61.00, 61.00, 0.25, 1.00
188.75, 70.00, 66.00, 0.25, 0.00
189.00, 56.00, 58.00, 3.00, 1.00
189.00, 65.00, 63.00, 0.75, 1.00
189.00, 68.00, 65.00, 1.00, 0.00
189.00, 73.00, 68.00, 0.75, 0.00
189.75, 63.00, 62.00, 0.25, 1.00
189.75, 72.00, 67.00, 0.25, 0.00
190.00, 60.00, 60.00, 1.00, 1.00
190.00, 68.00, 65.00, 2.00, 0.00
191.00, 59.00, 60.00, 1.00, 1.00
192.00, 47.00, 52.00, 1.00, 1.00
192.00, 59.00, 59.00, 1.00, 1.00
192.00, 68.00, 64.00, 0.75, 0.00
192.75, 69.00, 65.00, 0.25, 0.00
193.00, 47.00, 52.00, 1.00, 1.00
193.00, 51.00, 54.00, 1.00, 1.00
193.00, 57.00, 58.00, 1.00, 1.00
193.00, 66.00, 63.00, 1.50, 0.00
194.00, 47.00, 52.00, 1.00, 1.00
194.00, 51.00, 54.00, 1.00, 1.00
194.00, 57.00, 58.00, 1.00, 1.00
194.50, 71.00, 66.00, 0.50, 0.00
195.00, 40.00, 48.00, 1.00, 1.00
195.00, 68.00, 64.00, 0.50, 0.00
195.75, 59.00, 59.00, 0.25, 0.00
196.00, 52.00, 55.00, 1.00, 1.00
196.00, 56.00, 57.00, 1.00, 1.00
196.00, 64.00, 62.00, 1.00, 0.00
197.00, 52.00, 55.00, 1.00, 1.00
197.00, 56.00, 57.00, 2.00, 1.00
197.00, 59.00, 59.00, 2.00, 1.00
197.00, 68.00, 64.00, 1.00, 0.00
198.00, 51.00, 54.00, 1.00, 1.00
198.00, 71.00, 66.00, 0.75, 0.00
198.75, 73.00, 67.00, 0.25, 0.00
199.00, 51.00, 54.00, 1.00, 1.00
199.00, 55.00, 56.00, 1.00, 1.00
199.00, 63.00, 61.00, 1.00, 1.00
199.00, 70.00, 65.00, 1.50, 0.00
200.00, 51.00, 54.00, 1.00, 1.00
200.00, 55.00, 56.00, 1.00, 1.00
200.00, 61.00, 60.00, 1.00, 1.00
200.50, 75.00, 68.00, 0.50, 0.00
201.00, 44.00, 50.00, 1.00, 1.00
201.00, 71.00, 66.00, 0.50, 0.00
201.75, 63.00, 61.00, 0.25, 0.00
202.00, 56.00, 57.00, 1.00, 1.00
202.00, 59.00, 59.00, 1.00, 1.00
202.00, 68.00, 64.00, 1.00, 0.00
203.00, 56.00, 57.00, 1.00, 1.00
203.00, 59.00, 59.00, 1.00, 1.00
203.00, 63.00, 61.00, 1.00, 1.00
203.00, 71.00, 66.00, 1.00, 0.00
204.00, 75.00, 68.00, 0.75, 0.00
204.75, 76.00, 69.00, 0.25, 0.00
205.00, 55.00, 57.00, 1.00, 1.00
205.00, 59.00, 59.00, 1.00, 1.00
205.00, 64.00, 62.00, 1.00, 1.00
205.00, 73.00, 67.00, 1.50, 0.00
206.00, 54.00, 56.00, 1.00, 1.00
206.00, 58.00, 58.00, 1.00, 1.00
206.00, 64.00, 62.00, 1.00, 1.00
206.50, 78.00, 70.00, 0.50, 0.00
207.00, 47.00, 52.00, 1.00, 1.00
207.00, 75.00, 68.00, 0.50, 0.00
207.50, 71.00, 66.00, 0.50, 0.00
208.00, 54.00, 56.00, 1.00, 1.00
208.00, 57.00, 58.00, 1.00, 1.00
208.00, 63.00, 61.00, 1.00, 1.00
208.00, 69.00, 65.00, 1.50, 0.00
209.00, 54.00, 56.00, 1.00, 1.00
209.00, 57.00, 58.00, 1.00, 1.00
209.00, 63.00, 61.00, 1.00, 1.00
209.50, 73.00, 67.00, 0.50, 0.00
210.00, 47.00, 52.00, 1.00, 1.00
210.00, 71.00, 66.00, 0.50, 0.00
210.50, 68.00, 64.00, 0.50, 0.00
211.00, 54.00, 56.00, 1.00, 1.00
211.00, 57.00, 58.00, 1.00, 1.00
211.00, 63.00, 61.00, 1.00, 1.00
211.00, 66.00, 63.00, 0.50, 0.00
211.50, 69.00, 65.00, 0.50, 0.00
212.00, 54.00, 56.00, 1.00, 1.00
212.00, 57.00, 58.00, 1.00, 1.00
212.00, 63.00, 61.00, 1.00, 1.00
212.00, 75.00, 68.00, 0.50, 0.00
212.50, 71.00, 66.00, 0.50, 0.00
213.00, 47.00, 52.00, 1.00, 1.00
213.00, 69.00, 65.00, 0.50, 0.00
213.50, 73.00, 67.00, 0.50, 0.00
214.00, 54.00, 56.00, 1.00, 1.00
214.00, 57.00, 58.00, 1.00, 1.00
214.00, 63.00, 61.00, 1.00, 1.00
214.00, 71.00, 66.00, 0.50, 0.00
214.50, 68.00, 64.00, 0.50, 0.00
215.00, 54.00, 56.00, 1.00, 1.00
215.00, 57.00, 58.00, 1.00, 1.00
215.00, 63.00, 61.00, 1.00, 1.00
215.00, 66.00, 63.00, 0.50, 0.00
215.50, 69.00, 65.00, 0.50, 0.00
216.00, 68.00, 64.00, 0.50, 0.00
216.50, 69.00, 65.00, 0.50, 0.00
217.00, 47.00, 52.00, 1.00, 1.00
217.00, 51.00, 54.00, 1.00, 1.00
217.00, 57.00, 58.00, 1.00, 1.00
217.00, 66.00, 63.00, 1.50, 0.00
218.00, 47.00, 52.00, 1.00, 1.00
218.00, 51.00, 54.00, 1.00, 1.00
218.00, 57.00, 58.00, 1.00, 1.00
218.50, 71.00, 66.00, 0.50, 0.00
219.00, 40.00, 48.00, 1.00, 1.00
219.00, 68.00, 64.00, 0.50, 0.00
219.75, 59.00, 59.00, 0.25, 0.00
220.00, 52.00, 55.00, 1.00, 1.00
220.00, 56.00, 57.00, 1.00, 1.00
220.00, 64.00, 62.00, 1.00, 0.00
221.00, 52.00, 55.00, 1.00, 1.00
221.00, 56.00, 57.00, 2.00, 1.00
221.00, 59.00, 59.00, 2.00, 1.00
221.00, 68.00, 64.00, 1.00, 0.00
222.00, 51.00, 54.00, 1.00, 1.00
222.00, 71.00, 66.00, 0.75, 0.00
222.75, 73.00, 67.00, 0.25, 0.00
223.00, 51.00, 54.00, 1.00, 1.00
223.00, 55.00, 56.00, 1.00, 1.00
223.00, 63.00, 61.00, 1.00, 1.00
223.00, 70.00, 65.00, 1.50, 0.00
224.00, 51.00, 54.00, 1.00, 1.00
224.00, 55.00, 56.00, 1.00, 1.00
224.00, 61.00, 60.00, 1.00, 1.00
224.50, 75.00, 68.00, 0.50, 0.00
225.00, 44.00, 50.00, 1.00, 1.00
225.00, 71.00, 66.00, 0.50, 0.00
225.75, 63.00, 61.00, 0.25, 0.00
226.00, 56.00, 57.00, 1.00, 1.00
226.00, 59.00, 59.00, 1.00, 1.00
226.00, 68.00, 64.00, 1.00, 0.00
227.00, 56.00, 57.00, 1.00, 1.00
227.00, 59.00, 59.00, 1.00, 1.00
227.00, 63.00, 61.00, 1.00, 1.00
227.00, 71.00, 66.00, 1.00, 0.00
228.00, 75.00, 68.00, 0.75, 0.00
228.75, 76.00, 69.00, 0.25, 0.00
229.00, 55.00, 57.00, 1.00, 1.00
229.00, 59.00, 59.00, 1.00, 1.00
229.00, 64.00, 62.00, 1.00, 1.00
229.00, 73.00, 67.00, 1.50, 0.00
230.00, 54.00, 56.00, 1.00, 1.00
230.00, 58.00, 58.00, 1.00, 1.00
230.00, 64.00, 62.00, 1.00, 1.00
230.50, 78.00, 70.00, 0.50, 0.00
231.00, 47.00, 52.00, 1.00, 1.00
231.00, 75.00, 68.00, 0.50, 0.00
231.50, 71.00, 66.00, 0.50, 0.00
232.00, 54.00, 56.00, 1.00, 1.00
232.00, 57.00, 58.00, 1.00, 1.00
232.00, 63.00, 61.00, 1.00, 1.00
232.00, 69.00, 65.00, 1.50, 0.00
233.00, 54.00, 56.00, 1.00, 1.00
233.00, 57.00, 58.00, 1.00, 1.00
233.00, 63.00, 61.00, 1.00, 1.00
233.50, 73.00, 67.00, 0.50, 0.00
234.00, 71.00, 66.00, 0.50, 0.00
234.50, 68.00, 64.00, 0.50, 0.00
235.00, 47.00, 52.00, 1.00, 1.00
235.00, 51.00, 54.00, 1.00, 1.00
235.00, 57.00, 58.00, 1.00, 1.00
235.00, 66.00, 63.00, 1.00, 0.00
236.00, 47.00, 52.00, 1.00, 1.00
236.00, 51.00, 54.00, 1.00, 1.00
236.00, 57.00, 58.00, 1.00, 1.00
236.00, 69.00, 65.00, 1.00, 0.00
237.00, 40.00, 48.00, 1.00, 1.00
237.00, 68.00, 64.00, 0.50, 0.00
237.75, 59.00, 59.00, 0.25, 0.00
238.00, 52.00, 55.00, 1.00, 1.00
238.00, 56.00, 57.00, 1.00, 1.00
238.00, 64.00, 62.00, 1.00, 0.00
239.00, 68.00, 64.00, 1.33, 0.00
240.00, 54.00, 56.00, 1.00, 1.00
240.00, 59.00, 59.00, 1.00, 1.00
240.00, 64.00, 62.00, 1.00, 1.00
240.33, 70.00, 65.00, 0.33, 0.00
240.67, 71.00, 66.00, 0.33, 0.00
241.00, 54.00, 56.00, 1.00, 1.00
241.00, 59.00, 59.00, 1.00, 1.00
241.00, 64.00, 62.00, 1.00, 1.00
241.00, 73.00, 67.00, 1.00, 0.00
242.00, 54.00, 56.00, 1.00, 1.00
242.00, 58.00, 58.00, 1.00, 1.00
242.00, 64.00, 62.00, 1.00, 1.00
242.00, 75.00, 68.00, 0.33, 0.00
242.33, 76.00, 69.00, 0.33, 0.00
242.67, 78.00, 70.00, 0.33, 0.00
243.00, 54.00, 56.00, 1.00, 1.00
243.00, 61.00, 60.00, 1.00, 1.00
243.00, 64.00, 62.00, 1.00, 1.00
243.00, 80.00, 71.00, 0.33, 0.00
243.33, 82.00, 72.00, 0.33, 0.00
243.67, 83.00, 73.00, 0.33, 0.00
244.00, 54.00, 56.00, 1.00, 1.00
244.00, 58.00, 58.00, 1.00, 1.00
244.00, 64.00, 62.00, 1.00, 1.00
244.00, 85.00, 74.00, 1.00, 0.00
245.00, 54.00, 56.00, 1.00, 1.00
245.00, 59.00, 59.00, 1.00, 1.00
245.00, 63.00, 61.00, 1.00, 1.00
245.00, 87.00, 75.00, 1.00, 0.00
246.00, 54.00, 56.00, 1.00, 1.00
246.00, 59.00, 59.00, 1.00, 1.00
246.00, 64.00, 62.00, 1.00, 1.00
246.00, 68.00, 64.00, 0.33, 0.00
246.33, 70.00, 65.00, 0.33, 0.00
246.67, 71.00, 66.00, 0.33, 0.00
247.00, 54.00, 56.00, 1.00, 1.00
247.00, 59.00, 59.00, 1.00, 1.00
247.00, 64.00, 62.00, 1.00, 1.00
247.00, 73.00, 67.00, 0.75, 0.00
247.75, 75.00, 68.00, 0.25, 0.00
248.00, 54.00, 56.00, 1.00, 1.00
248.00, 58.00, 58.00, 1.00, 1.00
248.00, 64.00, 62.00, 1.00, 1.00
248.00, 76.00, 69.00, 0.33, 0.00
248.33, 78.00, 70.00, 0.33, 0.00
248.67, 80.00, 71.00, 0.33, 0.00
249.00, 54.00, 56.00, 1.00, 1.00
249.00, 64.00, 62.00, 1.00, 1.00
249.00, 82.00, 72.00, 0.33, 0.00
249.33, 83.00, 73.00, 0.33, 0.00
249.67, 85.00, 74.00, 0.33, 0.00
250.00, 54.00, 56.00, 1.00, 1.00
250.00, 59.00, 59.00, 1.00, 1.00
250.00, 63.00, 61.00, 1.00, 1.00
250.00, 87.00, 75.00, 2.00, 0.00
251.00, 54.00, 56.00, 1.00, 1.00
251.00, 59.00, 59.00, 1.00, 1.00
251.00, 63.00, 61.00, 1.00, 1.00
252.00, 54.00, 56.00, 1.00, 1.00
252.00, 59.00, 59.00, 1.00, 1.00
252.00, 64.00, 62.00, 1.00, 1.00
252.00, 68.00, 64.00, 0.33, 0.00
252.33, 70.00, 65.00, 0.33, 0.00
252.67, 71.00, 66.00, 0.33, 0.00
253.00, 54.00, 56.00, 1.00, 1.00
253.00, 59.00, 59.00, 1.00, 1.00
253.00, 64.00, 62.00, 1.00, 1.00
253.00, 73.00, 67.00, 1.00, 0.00
254.00, 54.00, 56.00, 1.00, 1.00
254.00, 58.00, 58.00, 1.00, 1.00
254.00, 64.00, 62.00, 1.00, 1.00
254.00, 75.00, 68.00, 0.33, 0.00
254.33, 76.00, 69.00, 0.33, 0.00
254.67, 78.00, 70.00, 0.33, 0.00
255.00, 54.00, 56.00, 1.00, 1.00
255.00, 61.00, 60.00, 1.00, 1.00
255.00, 64.00, 62.00, 1.00, 1.00
255.00, 80.00, 71.00, 0.33, 0.00
255.33, 82.00, 72.00, 0.33, 0.00
255.67, 83.00, 73.00, 0.33, 0.00
256.00, 54.00, 56.00, 1.00, 1.00
256.00, 58.00, 58.00, 1.00, 1.00
256.00, 64.00, 62.00, 1.00, 1.00
256.00, 85.00, 74.00, 1.00, 0.00
257.00, 54.00, 56.00, 1.00, 1.00
257.00, 59.00, 59.00, 1.00, 1.00
257.00, 63.00, 61.00, 1.00, 1.00
257.00, 87.00, 75.00, 1.00, 0.00
258.00, 54.00, 56.00, 1.00, 1.00
258.00, 59.00, 59.00, 1.00, 1.00
258.00, 64.00, 62.00, 1.00, 1.00
258.00, 68.00, 64.00, 0.33, 0.00
258.33, 70.00, 65.00, 0.33, 0.00
258.67, 71.00, 66.00, 0.33, 0.00
259.00, 54.00, 56.00, 1.00, 1.00
259.00, 59.00, 59.00, 1.00, 1.00
259.00, 64.00, 62.00, 1.00, 1.00
259.00, 73.00, 67.00, 0.75, 0.00
259.75, 75.00, 68.00, 0.25, 0.00
260.00, 54.00, 56.00, 1.00, 1.00
260.00, 58.00, 58.00, 1.00, 1.00
260.00, 64.00, 62.00, 1.00, 1.00
260.00, 76.00, 69.00, 0.33, 0.00
260.33, 78.00, 70.00, 0.33, 0.00
260.67, 80.00, 71.00, 0.33, 0.00
261.00, 54.00, 56.00, 1.00, 1.00
261.00, 64.00, 62.00, 1.00, 1.00
261.00, 82.00, 72.00, 0.33, 0.00
261.33, 83.00, 73.00, 0.33, 0.00
261.67, 85.00, 74.00, 0.33, 0.00
262.00, 59.00, 59.00, 1.00, 1.00
262.00, 63.00, 61.00, 1.00, 1.00
262.00, 87.00, 75.00, 1.00, 0.00
263.00, 71.00, 66.00, 1.00, 0.00
264.00, 68.00, 64.00, 0.75, 0.00
264.75, 69.00, 65.00, 0.25, 0.00
265.00, 47.00, 52.00, 1.00, 1.00
265.00, 51.00, 54.00, 1.00, 1.00
265.00, 57.00, 58.00, 1.00, 1.00
265.00, 66.00, 63.00, 1.50, 0.00
266.00, 47.00, 52.00, 1.00, 1.00
266.00, 51.00, 54.00, 1.00, 1.00
266.00, 57.00, 58.00, 1.00, 1.00
266.50, 71.00, 66.00, 0.50, 0.00
267.00, 40.00, 48.00, 1.00, 1.00
267.00, 68.00, 64.00, 0.50, 0.00
267.75, 59.00, 59.00, 0.25, 0.00
268.00, 52.00, 55.00, 1.00, 1.00
268.00, 56.00, 57.00, 1.00, 1.00
268.00, 64.00, 62.00, 1.00, 0.00
269.00, 52.00, 55.00, 1.00, 1.00
269.00, 56.00, 57.00, 2.00, 1.00
269.00, 59.00, 59.00, 2.00, 1.00
269.00, 68.00, 64.00, 1.00, 0.00
270.00, 51.00, 54.00, 1.00, 1.00
270.00, 71.00, 66.00, 0.75, 0.00
270.75, 73.00, 67.00, 0.25, 0.00
271.00, 51.00, 54.00, 1.00, 1.00
271.00, 55.00, 56.00, 1.00, 1.00
271.00, 63.00, 61.00, 1.00, 1.00
271.00, 70.00, 65.00, 1.50, 0.00
272.00, 51.00, 54.00, 1.00, 1.00
272.00, 55.00, 56.00, 1.00, 1.00
272.00, 61.00, 60.00, 1.00, 1.00
272.50, 75.00, 68.00, 0.50, 0.00
273.00, 44.00, 50.00, 1.00, 1.00
273.00, 71.00, 66.00, 0.50, 0.00
273.75, 63.00, 61.00, 0.25, 0.00
274.00, 56.00, 57.00, 1.00, 1.00
274.00, 59.00, 59.00, 1.00, 1.00
274.00, 68.00, 64.00, 1.00, 0.00
275.00, 56.00, 57.00, 1.00, 1.00
275.00, 59.00, 59.00, 1.00, 1.00
275.00, 63.00, 61.00, 1.00, 1.00
275.00, 71.00, 66.00, 1.00, 0.00
276.00, 75.00, 68.00, 0.75, 0.00
276.75, 76.00, 69.00, 0.25, 0.00
277.00, 55.00, 57.00, 1.00, 1.00
277.00, 59.00, 59.00, 1.00, 1.00
277.00, 64.00, 62.00, 1.00, 1.00
277.00, 73.00, 67.00, 1.50, 0.00
278.00, 54.00, 56.00, 1.00, 1.00
278.00, 58.00, 58.00, 1.00, 1.00
278.00, 64.00, 62.00, 1.00, 1.00
278.50, 78.00, 70.00, 0.50, 0.00
279.00, 47.00, 52.00, 1.00, 1.00
279.00, 75.00, 68.00, 0.50, 0.00
279.50, 71.00, 66.00, 0.50, 0.00
280.00, 54.00, 56.00, 1.00, 1.00
280.00, 57.00, 58.00, 1.00, 1.00
280.00, 63.00, 61.00, 1.00, 1.00
280.00, 69.00, 65.00, 1.00, 0.00
281.00, 54.00, 56.00, 1.00, 1.00
281.00, 57.00, 58.00, 1.00, 1.00
281.00, 63.00, 61.00, 1.00, 1.00
281.00, 73.00, 67.00, 1.00, 0.00
282.00, 47.00, 52.00, 1.00, 1.00
282.00, 71.00, 66.00, 0.50, 0.00
282.50, 68.00, 64.00, 0.50, 0.00
283.00, 54.00, 56.00, 1.00, 1.00
283.00, 57.00, 58.00, 1.00, 1.00
283.00, 63.00, 61.00, 1.00, 1.00
283.00, 66.00, 63.00, 0.50, 0.00
283.50, 69.00, 65.00, 0.50, 0.00
284.00, 54.00, 56.00, 1.00, 1.00
284.00, 57.00, 58.00, 1.00, 1.00
284.00, 63.00, 61.00, 1.00, 1.00
284.00, 75.00, 68.00, 0.50, 0.00
284.50, 71.00, 66.00, 0.50, 0.00
285.00, 47.00, 52.00, 1.00, 1.00
285.00, 69.00, 65.00, 0.50, 0.00
285.50, 73.00, 67.00, 0.50, 0.00
286.00, 54.00, 56.00, 1.00, 1.00
286.00, 57.00, 58.00, 1.00, 1.00
286.00, 63.00, 61.00, 1.00, 1.00
286.00, 71.00, 66.00, 0.50, 0.00
286.50, 68.00, 64.00, 0.50, 0.00
287.00, 54.00, 56.00, 1.00, 1.00
287.00, 57.00, 58.00, 1.00, 1.00
287.00, 63.00, 61.00, 1.00, 1.00
287.00, 66.00, 63.00, 0.50, 0.00
287.50, 69.00, 65.00, 0.50, 0.00
288.00, 68.00, 64.00, 0.50, 0.00
288.50, 69.00, 65.00, 0.50, 0.00
289.00, 47.00, 52.00, 1.00, 1.00
289.00, 51.00, 54.00, 1.00, 1.00
289.00, 57.00, 58.00, 1.00, 1.00
289.00, 66.00, 63.00, 1.50, 0.00
290.00, 47.00, 52.00, 1.00, 1.00
290.00, 51.00, 54.00, 1.00, 1.00
290.00, 57.00, 58.00, 1.00, 1.00
290.50, 71.00, 66.00, 0.50, 0.00
291.00, 40.00, 48.00, 1.00, 1.00
291.00, 68.00, 64.00, 0.50, 0.00
291.75, 59.00, 59.00, 0.25, 0.00
292.00, 52.00, 55.00, 1.00, 1.00
292.00, 56.00, 57.00, 1.00, 1.00
292.00, 64.00, 62.00, 1.00, 0.00
293.00, 52.00, 55.00, 1.00, 1.00
293.00, 56.00, 57.00, 2.00, 1.00
293.00, 59.00, 59.00, 2.00, 1.00
293.00, 68.00, 64.00, 1.00, 0.00
294.00, 51.00, 54.00, 1.00, 1.00
294.00, 71.00, 66.00, 0.75, 0.00
294.75, 73.00, 67.00, 0.25, 0.00
295.00, 51.00, 54.00, 1.00, 1.00
295.00, 55.00, 56.00, 1.00, 1.00
295.00, 63.00, 61.00, 1.00, 1.00
295.00, 70.00, 65.00, 1.50, 0.00
296.00, 51.00, 54.00, 1.00, 1.00
296.00, 55.00, 56.00, 1.00, 1.00
296.00, 61.00, 60.00, 1.00, 1.00
296.50, 75.00, 68.00, 0.50, 0.00
297.00, 44.00, 50.00, 1.00, 1.00
297.00, 71.00, 66.00, 0.50, 0.00
297.75, 63.00, 61.00, 0.25, 0.00
298.00, 56.00, 57.00, 1.00, 1.00
298.00, 59.00, 59.00, 1.00, 1.00
298.00, 68.00, 64.00, 1.00, 0.00
299.00, 56.00, 57.00, 1.00, 1.00
299.00, 59.00, 59.00, 1.00, 1.00
299.00, 63.00, 61.00, 1.00, 1.00
299.00, 71.00, 66.00, 1.00, 0.00
300.00, 75.00, 68.00, 0.75, 0.00
300.75, 76.00, 69.00, 0.25, 0.00
301.00, 55.00, 57.00, 1.00, 1.00
301.00, 59.00, 59.00, 1.00, 1.00
301.00, 64.00, 62.00, 1.00, 1.00
301.00, 73.00, 67.00, 1.50, 0.00
302.00, 54.00, 56.00, 1.00, 1.00
302.00, 58.00, 58.00, 1.00, 1.00
302.00, 64.00, 62.00, 1.00, 1.00
302.50, 78.00, 70.00, 0.50, 0.00
303.00, 47.00, 52.00, 1.00, 1.00
303.00, 75.00, 68.00, 0.50, 0.00
303.50, 71.00, 66.00, 0.50, 0.00
304.00, 54.00, 56.00, 1.00, 1.00
304.00, 57.00, 58.00, 1.00, 1.00
304.00, 63.00, 61.00, 1.00, 1.00
304.00, 69.00, 65.00, 1.50, 0.00
305.00, 54.00, 56.00, 1.00, 1.00
305.00, 57.00, 58.00, 1.00, 1.00
305.00, 63.00, 61.00, 1.00, 1.00
305.50, 73.00, 67.00, 0.50, 0.00
306.00, 71.00, 66.00, 0.50, 0.00
306.50, 68.00, 64.00, 0.50, 0.00
307.00, 47.00, 52.00, 1.00, 1.00
307.00, 51.00, 54.00, 1.00, 1.00
307.00, 57.00, 58.00, 1.00, 1.00
307.00, 66.00, 63.00, 1.50, 0.00
308.00, 47.00, 52.00, 1.00, 1.00
308.00, 51.00, 54.00, 1.00, 1.00
308.00, 57.00, 58.00, 1.00, 1.00
308.50, 69.00, 65.00, 0.50, 0.00
309.00, 40.00, 48.00, 1.00, 1.00
309.00, 68.00, 64.00, 0.50, 0.00
309.75, 59.00, 59.00, 0.25, 0.00
310.00, 52.00, 55.00, 1.00, 1.00
310.00, 56.00, 57.00, 1.00, 1.00
310.00, 64.00, 62.00, 1.00, 0.00
311.00, 68.00, 64.00, 1.33, 0.00
312.00, 54.00, 56.00, 1.00, 1.00
312.00, 59.00, 59.00, 1.00, 1.00
312.00, 64.00, 62.00, 1.00, 1.00
312.33, 70.00, 65.00, 0.33, 0.00
312.67, 71.00, 66.00, 0.33, 0.00
313.00, 54.00, 56.00, 1.00, 1.00
313.00, 59.00, 59.00, 1.00, 1.00
313.00, 64.00, 62.00, 1.00, 1.00
313.00, 73.00, 67.00, 1.00, 0.00
314.00, 54.00, 56.00, 1.00, 1.00
314.00, 58.00, 58.00, 1.00, 1.00
314.00, 64.00, 62.00, 1.00, 1.00
314.00, 75.00, 68.00, 0.33, 0.00
314.33, 76.00, 69.00, 0.33, 0.00
314.67, 78.00, 70.00, 0.33, 0.00
315.00, 54.00, 56.00, 1.00, 1.00
315.00, 61.00, 60.00, 1.00, 1.00
315.00, 64.00, 62.00, 1.00, 1.00
315.00, 80.00, 71.00, 0.33, 0.00
315.33, 82.00, 72.00, 0.33, 0.00
315.67, 83.00, 73.00, 0.33, 0.00
316.00, 54.00, 56.00, 1.00, 1.00
316.00, 58.00, 58.00, 1.00, 1.00
316.00, 64.00, 62.00, 1.00, 1.00
316.00, 85.00, 74.00, 1.00, 0.00
317.00, 54.00, 56.00, 1.00, 1.00
317.00, 59.00, 59.00, 1.00, 1.00
317.00, 63.00, 61.00, 1.00, 1.00
317.00, 87.00, 75.00, 1.00, 0.00
318.00, 54.00, 56.00, 1.00, 1.00
318.00, 59.00, 59.00, 1.00, 1.00
318.00, 64.00, 62.00, 1.00, 1.00
318.00, 68.00, 64.00, 0.33, 0.00
318.33, 70.00, 65.00, 0.33, 0.00
318.67, 71.00, 66.00, 0.33, 0.00
319.00, 54.00, 56.00, 1.00, 1.00
319.00, 59.00, 59.00, 1.00, 1.00
319.00, 64.00, 62.00, 1.00, 1.00
319.00, 73.00, 67.00, 0.75, 0.00
319.75, 75.00, 68.00, 0.25, 0.00
320.00, 54.00, 56.00, 1.00, 1.00
320.00, 58.00, 58.00, 1.00, 1.00
320.00, 64.00, 62.00, 1.00, 1.00
320.00, 76.00, 69.00, 0.33, 0.00
320.33, 78.00, 70.00, 0.33, 0.00
320.67, 80.00, 71.00, 0.33, 0.00
321.00, 54.00, 56.00, 1.00, 1.00
321.00, 64.00, 62.00, 1.00, 1.00
321.00, 82.00, 72.00, 0.33, 0.00
321.33, 83.00, 73.00, 0.33, 0.00
321.67, 85.00, 74.00, 0.33, 0.00
322.00, 54.00, 56.00, 1.00, 1.00
322.00, 59.00, 59.00, 1.00, 1.00
322.00, 63.00, 61.00, 1.00, 1.00
322.00, 87.00, 75.00, 2.00, 0.00
323.00, 54.00, 56.00, 1.00, 1.00
323.00, 59.00, 59.00, 1.00, 1.00
323.00, 63.00, 61.00, 1.00, 1.00
324.00, 54.00, 56.00, 1.00, 1.00
324.00, 59.00, 59.00, 1.00, 1.00
324.00, 64.00, 62.00, 1.00, 1.00
324.00, 68.00, 64.00, 0.33, 0.00
324.33, 70.00, 65.00, 0.33, 0.00
324.67, 71.00, 66.00, 0.33, 0.00
325.00, 54.00, 56.00, 1.00, 1.00
325.00, 59.00, 59.00, 1.00, 1.00
325.00, 64.00, 62.00, 1.00, 1.00
325.00, 73.00, 67.00, 1.00, 0.00
326.00, 54.00, 56.00, 1.00, 1.00
326.00, 58.00, 58.00, 1.00, 1.00
326.00, 64.00, 62.00, 1.00, 1.00
326.00, 75.00, 68.00, 0.33, 0.00
326.33, 76.00, 69.00, 0.33, 0.00
326.67, 78.00, 70.00, 0.33, 0.00
327.00, 54.00, 56.00, 1.00, 1.00
327.00, 61.00, 60.00, 1.00, 1.00
327.00, 64.00, 62.00, 1.00, 1.00
327.00, 80.00, 71.00, 0.33, 0.00
327.33, 82.00, 72.00, 0.33, 0.00
327.67, 83.00, 73.00, 0.33, 0.00
328.00, 54.00, 56.00, 1.00, 1.00
328.00, 58.00, 58.00, 1.00, 1.00
328.00, 64.00, 62.00, 1.00, 1.00
328.00, 85.00, 74.00, 1.00, 0.00
329.00, 54.00, 56.00, 1.00, 1.00
329.00, 59.00, 59.00, 1.00, 1.00
329.00, 63.00, 61.00, 1.00, 1.00
329.00, 87.00, 75.00, 1.00, 0.00
330.00, 54.00, 56.00, 1.00, 1.00
330.00, 59.00, 59.00, 1.00, 1.00
330.00, 64.00, 62.00, 1.00, 1.00
330.00, 68.00, 64.00, 0.33, 0.00
330.33, 70.00, 65.00, 0.33, 0.00
330.67, 71.00, 66.00, 0.33, 0.00
331.00, 54.00, 56.00, 1.00, 1.00
331.00, 59.00, 59.00, 1.00, 1.00
331.00, 64.00, 62.00, 1.00, 1.00
331.00, 73.00, 67.00, 0.75, 0.00
331.75, 75.00, 68.00, 0.25, 0.00
332.00, 54.00, 56.00, 1.00, 1.00
332.00, 58.00, 58.00, 1.00, 1.00
332.00, 64.00, 62.00, 1.00, 1.00
332.00, 76.00, 69.00, 0.33, 0.00
332.33, 78.00, 70.00, 0.33, 0.00
332.67, 80.00, 71.00, 0.33, 0.00
333.00, 54.00, 56.00, 1.00, 1.00
333.00, 64.00, 62.00, 1.00, 1.00
333.00, 82.00, 72.00, 0.33, 0.00
333.33, 83.00, 73.00, 0.33, 0.00
333.67, 85.00, 74.00, 0.33, 0.00
334.00, 59.00, 59.00, 1.00, 1.00
334.00, 63.00, 61.00, 1.00, 1.00
334.00, 87.00, 75.00, 1.00, 0.00
335.00, 71.00, 66.00, 1.00, 0.00
336.00, 68.00, 64.00, 0.75, 0.00
336.75, 69.00, 65.00, 0.25, 0.00
337.00, 47.00, 52.00, 1.00, 1.00
337.00, 51.00, 54.00, 1.00, 1.00
337.00, 57.00, 58.00, 1.00, 1.00
337.00, 66.00, 63.00, 1.50, 0.00
338.00, 47.00, 52.00, 1.00, 1.00
338.00, 51.00, 54.00, 1.00, 1.00
338.00, 57.00, 58.00, 1.00, 1.00
338.50, 71.00, 66.00, 0.50, 0.00
339.00, 40.00, 48.00, 1.00, 1.00
339.00, 68.00, 64.00, 0.50, 0.00
339.75, 59.00, 59.00, 0.25, 0.00
340.00, 52.00, 55.00, 1.00, 1.00
340.00, 56.00, 57.00, 1.00, 1.00
340.00, 64.00, 62.00, 1.00, 0.00
341.00, 52.00, 55.00, 1.00, 1.00
341.00, 56.00, 57.00, 2.00, 1.00
341.00, 59.00, 59.00, 2.00, 1.00
341.00, 68.00, 64.00, 1.00, 0.00
342.00, 51.00, 54.00, 1.00, 1.00
342.00, 71.00, 66.00, 0.75, 0.00
342.75, 73.00, 67.00, 0.25, 0.00
343.00, 51.00, 54.00, 1.00, 1.00
343.00, 55.00, 56.00, 1.00, 1.00
343.00, 63.00, 61.00, 1.00, 1.00
343.00, 70.00, 65.00, 1.50, 0.00
344.00, 51.00, 54.00, 1.00, 1.00
344.00, 55.00, 56.00, 1.00, 1.00
344.00, 61.00, 60.00, 1.00, 1.00
344.50, 75.00, 68.00, 0.50, 0.00
345.00, 44.00, 50.00, 1.00, 1.00
345.00, 71.00, 66.00, 0.50, 0.00
345.75, 63.00, 61.00, 0.25, 0.00
346.00, 56.00, 57.00, 1.00, 1.00
346.00, 59.00, 59.00, 1.00, 1.00
346.00, 68.00, 64.00, 1.00, 0.00
347.00, 56.00, 57.00, 1.00, 1.00
347.00, 59.00, 59.00, 1.00, 1.00
347.00, 63.00, 61.00, 1.00, 1.00
347.00, 71.00, 66.00, 1.00, 0.00
348.00, 75.00, 68.00, 0.75, 0.00
348.75, 76.00, 69.00, 0.25, 0.00
349.00, 55.00, 57.00, 1.00, 1.00
349.00, 59.00, 59.00, 1.00, 1.00
349.00, 64.00, 62.00, 1.00, 1.00
349.00, 73.00, 67.00, 1.50, 0.00
350.00, 54.00, 56.00, 1.00, 1.00
350.00, 58.00, 58.00, 1.00, 1.00
350.00, 64.00, 62.00, 1.00, 1.00
350.50, 78.00, 70.00, 0.50, 0.00
351.00, 47.00, 52.00, 1.00, 1.00
351.00, 75.00, 68.00, 0.50, 0.00
351.50, 71.00, 66.00, 0.50, 0.00
352.00, 54.00, 56.00, 1.00, 1.00
352.00, 57.00, 58.00, 1.00, 1.00
352.00, 63.00, 61.00, 1.00, 1.00
352.00, 69.00, 65.00, 1.00, 0.00
353.00, 54.00, 56.00, 1.00, 1.00
353.00, 57.00, 58.00, 1.00, 1.00
353.00, 63.00, 61.00, 1.00, 1.00
353.00, 73.00, 67.00, 1.00, 0.00
354.00, 47.00, 52.00, 1.00, 1.00
354.00, 71.00, 66.00, 0.50, 0.00
354.50, 68.00, 64.00, 0.50, 0.00
355.00, 54.00, 56.00, 1.00, 1.00
355.00, 57.00, 58.00, 1.00, 1.00
355.00, 63.00, 61.00, 1.00, 1.00
355.00, 66.00, 63.00, 0.50, 0.00
355.50, 69.00, 65.00, 0.50, 0.00
356.00, 54.00, 56.00, 1.00, 1.00
356.00, 57.00, 58.00, 1.00, 1.00
356.00, 63.00, 61.00, 1.00, 1.00
356.00, 75.00, 68.00, 0.50, 0.00
356.50, 71.00, 66.00, 0.50, 0.00
357.00, 47.00, 52.00, 1.00, 1.00
357.00, 69.00, 65.00, 0.50, 0.00
357.50, 73.00, 67.00, 0.50, 0.00
358.00, 54.00, 56.00, 1.00, 1.00
358.00, 57.00, 58.00, 1.00, 1.00
358.00, 63.00, 61.00, 1.00, 1.00
358.00, 71.00, 66.00, 0.50, 0.00
358.50, 68.00, 64.00, 0.50, 0.00
359.00, 54.00, 56.00, 1.00, 1.00
359.00, 57.00, 58.00, 1.00, 1.00
359.00, 63.00, 61.00, 1.00, 1.00
359.00, 66.00, 63.00, 0.50, 0.00
359.50, 69.00, 65.00, 0.50, 0.00
360.00, 68.00, 64.00, 0.50, 0.00
360.50, 69.00, 65.00, 0.50, 0.00
361.00, 47.00, 52.00, 1.00, 1.00
361.00, 51.00, 54.00, 1.00, 1.00
361.00, 57.00, 58.00, 1.00, 1.00
361.00, 66.00, 63.00, 1.50, 0.00
362.00, 47.00, 52.00, 1.00, 1.00
362.00, 51.00, 54.00, 1.00, 1.00
362.00, 57.00, 58.00, 1.00, 1.00
362.50, 71.00, 66.00, 0.50, 0.00
363.00, 40.00, 48.00, 1.00, 1.00
363.00, 68.00, 64.00, 0.50, 0.00
363.75, 59.00, 59.00, 0.25, 0.00
364.00, 52.00, 55.00, 1.00, 1.00
364.00, 56.00, 57.00, 1.00, 1.00
364.00, 64.00, 62.00, 1.00, 0.00
365.00, 52.00, 55.00, 1.00, 1.00
365.00, 56.00, 57.00, 2.00, 1.00
365.00, 59.00, 59.00, 2.00, 1.00
365.00, 68.00, 64.00, 1.00, 0.00
366.00, 51.00, 54.00, 1.00, 1.00
366.00, 71.00, 66.00, 0.75, 0.00
366.75, 73.00, 67.00, 0.25, 0.00
367.00, 51.00, 54.00, 1.00, 1.00
367.00, 55.00, 56.00, 1.00, 1.00
367.00, 63.00, 61.00, 1.00, 1.00
367.00, 70.00, 65.00, 1.50, 0.00
368.00, 51.00, 54.00, 1.00, 1.00
368.00, 55.00, 56.00, 1.00, 1.00
368.00, 61.00, 60.00, 1.00, 1.00
368.50, 75.00, 68.00, 0.50, 0.00
369.00, 44.00, 50.00, 1.00, 1.00
369.00, 71.00, 66.00, 0.50, 0.00
369.75, 63.00, 61.00, 0.25, 0.00
370.00, 56.00, 57.00, 1.00, 1.00
370.00, 59.00, 59.00, 1.00, 1.00
370.00, 68.00, 64.00, 1.00, 0.00
371.00, 56.00, 57.00, 1.00, 1.00
371.00, 59.00, 59.00, 1.00, 1.00
371.00, 63.00, 61.00, 1.00, 1.00
371.00, 71.00, 66.00, 1.00, 0.00
372.00, 75.00, 68.00, 0.75, 0.00
372.75, 76.00, 69.00, 0.25, 0.00
373.00, 55.00, 57.00, 1.00, 1.00
373.00, 59.00, 59.00, 1.00, 1.00
373.00, 64.00, 62.00, 1.00, 1.00
373.00, 73.00, 67.00, 1.50, 0.00
374.00, 54.00, 56.00, 1.00, 1.00
374.00, 58.00, 58.00, 1.00, 1.00
374.00, 64.00, 62.00, 1.00, 1.00
374.50, 78.00, 70.00, 0.50, 0.00
375.00, 47.00, 52.00, 1.00, 1.00
375.00, 75.00, 68.00, 0.50, 0.00
375.50, 71.00, 66.00, 0.50, 0.00
376.00, 54.00, 56.00, 1.00, 1.00
376.00, 57.00, 58.00, 1.00, 1.00
376.00, 63.00, 61.00, 1.00, 1.00
376.00, 69.00, 65.00, 1.50, 0.00
377.00, 54.00, 56.00, 1.00, 1.00
377.00, 57.00, 58.00, 1.00, 1.00
377.00, 63.00, 61.00, 1.00, 1.00
377.50, 73.00, 67.00, 0.50, 0.00
378.00, 71.00, 66.00, 0.50, 0.00
378.50, 68.00, 64.00, 0.50, 0.00
379.00, 47.00, 52.00, 1.00, 1.00
379.00, 51.00, 54.00, 1.00, 1.00
379.00, 57.00, 58.00, 1.00, 1.00
379.00, 66.00, 63.00, 1.50, 0.00
380.00, 47.00, 52.00, 1.00, 1.00
380.00, 51.00, 54.00, 1.00, 1.00
380.00, 57.00, 58.00, 1.00, 1.00
380.50, 69.00, 65.00, 0.50, 0.00
381.00, 40.00, 48.00, 1.00, 1.00
381.00, 68.00, 64.00, 0.50, 0.00
381.75, 59.00, 59.00, 0.25, 0.00
382.00, 52.00, 55.00, 1.00, 1.00
382.00, 56.00, 57.00, 1.00, 1.00
382.00, 64.00, 62.00, 2.00, 0.00
383.00, 64.00, 62.00, 1.00, 1.00
384.00, 55.00, 57.00, 1.00, 1.00
384.00, 61.00, 61.00, 1.00, 1.00
384.00, 64.00, 63.00, 1.00, 1.00
384.00, 72.00, 67.00, 0.75, 0.00
384.75, 70.00, 66.00, 0.25, 0.00
385.00, 56.00, 58.00, 1.00, 1.00
385.00, 60.00, 60.00, 2.00, 1.00
385.00, 63.00, 62.00, 2.00, 1.00
385.00, 68.00, 65.00, 0.50, 0.00
385.50, 70.00, 66.00, 0.50, 0.00
386.00, 51.00, 55.00, 1.00, 1.00
386.00, 72.00, 67.00, 1.00, 0.00
387.00, 55.00, 57.00, 1.00, 1.00
387.00, 61.00, 61.00, 1.00, 1.00
387.00, 64.00, 63.00, 1.00, 1.00
387.75, 70.00, 66.00, 0.25, 0.00
388.00, 56.00, 58.00, 1.00, 1.00
388.00, 60.00, 60.00, 2.00, 1.00
388.00, 63.00, 62.00, 2.00, 1.00
388.00, 68.00, 65.00, 0.50, 0.00
388.50, 77.00, 70.00, 0.50, 0.00
389.00, 51.00, 55.00, 1.00, 1.00
389.00, 75.00, 69.00, 1.00, 0.00
390.00, 55.00, 57.00, 1.00, 1.00
390.00, 61.00, 61.00, 1.00, 1.00
390.00, 64.00, 63.00, 1.00, 1.00
390.00, 72.00, 67.00, 0.75, 0.00
390.75, 70.00, 66.00, 0.25, 0.00
391.00, 56.00, 58.00, 1.00, 1.00
391.00, 60.00, 60.00, 2.00, 1.00
391.00, 63.00, 62.00, 2.00, 1.00
391.00, 68.00, 65.00, 0.50, 0.00
391.50, 70.00, 66.00, 0.50, 0.00
392.00, 51.00, 55.00, 1.00, 1.00
392.00, 72.00, 67.00, 1.00, 0.00
393.00, 56.00, 58.00, 0.75, 1.00
393.00, 61.00, 61.00, 3.00, 1.00
393.00, 63.00, 62.00, 3.00, 0.00
393.75, 55.00, 57.00, 0.25, 1.00
394.00, 53.00, 56.00, 0.50, 1.00
394.50, 55.00, 57.00, 0.50, 1.00
395.00, 51.00, 55.00, 1.00, 1.00
396.00, 55.00, 57.00, 1.00, 1.00
396.00, 61.00, 61.00, 1.00, 1.00
396.00, 64.00, 63.00, 1.00, 1.00
396.00, 72.00, 67.00, 0.75, 0.00
396.75, 70.00, 66.00, 0.25, 0.00
397.00, 56.00, 58.00, 1.00, 1.00
397.00, 60.00, 60.00, 2.00, 1.00
397.00, 63.00, 62.00, 2.00, 1.00
397.00, 68.00, 65.00, 0.50, 0.00
397.50, 70.00, 66.00, 0.50, 0.00
398.00, 51.00, 55.00, 1.00, 1.00
398.00, 72.00, 67.00, 1.75, 0.00
399.00, 55.00, 57.00, 1.00, 1.00
399.00, 61.00, 61.00, 1.00, 1.00
399.00, 64.00, 63.00, 1.00, 1.00
399.75, 70.00, 66.00, 0.25, 0.00
400.00, 56.00, 58.00, 2.00, 1.00
400.00, 60.00, 60.00, 1.00, 1.00
400.00, 63.00, 62.00, 2.00, 1.00
400.00, 68.00, 65.00, 0.50, 0.00
400.00, 68.00, 65.00, 2.00, 0.00
400.50, 79.00, 71.00, 0.50, 0.00
401.00, 59.00, 60.00, 1.00, 1.00
401.00, 77.00, 70.00, 1.00, 0.00
402.00, 51.00, 55.00, 1.00, 1.00
402.00, 58.00, 59.00, 1.00, 1.00
402.00, 63.00, 62.00, 1.00, 1.00
402.00, 67.00, 64.00, 1.00, 0.00
402.00, 70.00, 66.00, 1.00, 0.00
403.00, 59.00, 60.00, 1.00, 1.00
403.00, 62.00, 61.00, 2.00, 1.00
403.00, 68.00, 65.00, 0.75, 0.00
403.00, 68.00, 65.00, 2.00, 0.00
403.75, 79.00, 71.00, 0.25, 0.00
404.00, 51.00, 55.00, 1.00, 1.00
404.00, 77.00, 70.00, 1.00, 0.00
405.00, 59.00, 60.00, 2.00, 1.00
405.00, 62.00, 61.00, 2.00, 1.00
405.00, 68.00, 65.00, 0.50, 0.00
405.00, 68.00, 65.00, 3.00, 0.00
405.50, 79.00, 71.00, 0.50, 0.00
406.00, 51.00, 55.00, 2.00, 1.00
406.00, 77.00, 70.00, 1.00, 0.00
407.00, 58.00, 59.00, 1.00, 1.00
407.00, 63.00, 62.00, 1.00, 1.00
407.00, 67.00, 64.00, 1.00, 0.00
407.00, 70.00, 66.00, 1.00, 0.00
408.00, 55.00, 57.00, 1.00, 1.00
408.00, 61.00, 61.00, 1.00, 1.00
408.00, 64.00, 63.00, 1.00, 1.00
408.00, 72.00, 67.00, 0.75, 0.00
408.75, 70.00, 66.00, 0.25, 0.00
409.00, 56.00, 58.00, 1.00, 1.00
409.00, 60.00, 60.00, 2.00, 1.00
409.00, 63.00, 62.00, 2.00, 1.00
409.00, 68.00, 65.00, 0.50, 0.00
409.50, 70.00, 66.00, 0.50, 0.00
410.00, 51.00, 55.00, 1.00, 1.00
410.00, 72.00, 67.00, 1.75, 0.00
411.00, 55.00, 57.00, 1.00, 1.00
411.00, 61.00, 61.00, 1.00, 1.00
411.00, 64.00, 63.00, 1.00, 1.00
411.75, 70.00, 66.00, 0.25, 0.00
412.00, 56.00, 58.00, 1.00, 1.00
412.00, 60.00, 60.00, 2.00, 1.00
412.00, 63.00, 62.00, 2.00, 1.00
412.00, 68.00, 65.00, 0.50, 0.00
412.50, 77.00, 70.00, 0.50, 0.00
413.00, 51.00, 55.00, 1.00, 1.00
413.00, 75.00, 69.00, 1.00, 0.00
414.00, 55.00, 57.00, 1.00, 1.00
414.00, 61.00, 61.00, 1.00, 1.00
414.00, 64.00, 63.00, 1.00, 1.00
414.00, 72.00, 67.00, 0.75, 0.00
414.75, 70.00, 66.00, 0.25, 0.00
415.00, 56.00, 58.00, 1.00, 1.00
415.00, 60.00, 60.00, 2.00, 1.00
415.00, 63.00, 62.00, 2.00, 1.00
415.00, 67.00, 64.00, 0.33, 0.00
415.33, 68.00, 65.00, 0.33, 0.00
415.67, 70.00, 66.00, 0.33, 0.00
416.00, 51.00, 55.00, 1.00, 1.00
416.00, 71.00, 66.00, 0.33, 0.00
416.33, 73.00, 68.00, 0.33, 0.00
416.83, 72.00, 67.00, 0.17, 0.00
417.00, 56.00, 58.00, 0.75, 1.00
417.00, 61.00, 61.00, 3.00, 1.00
417.00, 63.00, 62.00, 3.00, 0.00
417.75, 55.00, 57.00, 0.25, 1.00
418.00, 53.00, 56.00, 0.50, 1.00
418.50, 55.00, 57.00, 0.50, 1.00
419.00, 51.00, 55.00, 1.00, 1.00
420.00, 55.00, 57.00, 1.00, 1.00
420.00, 61.00, 61.00, 1.00, 1.00
420.00, 64.00, 63.00, 1.00, 1.00
420.00, 72.00, 67.00, 0.50, 0.00
420.75, 70.00, 66.00, 0.25, 0.00
421.00, 56.00, 58.00, 1.00, 1.00
421.00, 60.00, 60.00, 2.00, 1.00
421.00, 63.00, 62.00, 2.00, 1.00
421.00, 68.00, 65.00, 0.50, 0.00
421.50, 70.00, 66.00, 0.50, 0.00
422.00, 51.00, 55.00, 1.00, 1.00
422.00, 72.00, 67.00, 1.62, 0.00
423.00, 55.00, 57.00, 1.00, 1.00
423.00, 61.00, 61.00, 1.00, 1.00
423.00, 64.00, 63.00, 1.00, 1.00
423.62, 70.00, 66.00, 0.12, 0.00
423.75, 72.00, 67.00, 0.12, 0.00
423.87, 70.00, 66.00, 0.12, 0.00
424.00, 56.00, 58.00, 1.00, 1.00
424.00, 60.00, 60.00, 1.00, 1.00
424.00, 63.00, 62.00, 1.00, 1.00
424.00, 68.00, 65.00, 0.50, 0.00
424.75, 80.00, 72.00, 0.25, 0.00
425.00, 62.00, 61.00, 1.00, 1.00
425.00, 68.00, 65.00, 1.00, 1.00
425.00, 71.00, 67.00, 1.00, 1.00
425.00, 77.00, 70.00, 1.00, 0.00
426.00, 63.00, 62.00, 1.00, 1.00
426.00, 67.00, 64.00, 1.00, 1.00
426.00, 70.00, 66.00, 0.75, 0.00
426.75, 72.00, 67.00, 0.25, 0.00
427.00, 58.00, 59.00, 1.00, 1.00
427.00, 65.00, 63.00, 1.00, 1.00
427.00, 72.00, 67.00, 0.75, 0.00
427.00, 73.00, 68.00, 1.00, 0.00
427.75, 70.00, 66.00, 0.25, 0.00
428.00, 51.00, 55.00, 1.00, 1.00
428.00, 63.00, 62.00, 0.75, 1.00
428.00, 67.00, 64.00, 1.00, 0.00
428.75, 61.00, 61.00, 0.25, 1.00
429.00, 56.00, 58.00, 2.00, 1.00
429.00, 65.00, 63.00, 0.75, 1.00
429.00, 68.00, 65.00, 2.00, 0.00
429.00, 73.00, 68.00, 0.75, 0.00
429.75, 63.00, 62.00, 0.25, 1.00
429.75, 72.00, 67.00, 0.25, 0.00
430.00, 60.00, 60.00, 1.00, 1.00
430.00, 68.00, 65.00, 1.00, 0.00
431.00, 65.00, 63.00, 1.00, 0.00
432.00, 73.00, 68.00, 1.00, 0.00
433.00, 46.00, 52.00, 1.00, 1.00
433.00, 53.00, 56.00, 1.00, 1.00
433.00, 61.00, 61.00, 1.00, 1.00
433.00, 70.00, 66.00, 0.75, 0.00
433.75, 73.00, 68.00, 0.25, 0.00
434.00, 46.00, 52.00, 1.00, 1.00
434.00, 53.00, 56.00, 1.00, 1.00
434.00, 61.00, 61.00, 1.00, 1.00
434.00, 65.00, 63.00, 1.00, 0.00
434.00, 77.00, 70.00, 1.00, 0.00
435.00, 76.00, 69.00, 0.75, 0.00
435.75, 72.00, 67.00, 0.25, 0.00
436.00, 46.00, 52.00, 1.00, 1.00
436.00, 53.00, 56.00, 1.00, 1.00
436.00, 60.00, 60.00, 1.00, 1.00
436.00, 75.00, 69.00, 0.50, 0.00
436.50, 73.00, 68.00, 0.50, 0.00
437.00, 46.00, 52.00, 1.00, 1.00
437.00, 53.00, 56.00, 1.00, 1.00
437.00, 61.00, 61.00, 1.00, 1.00
437.00, 70.00, 66.00, 1.00, 0.00
437.00, 82.00, 73.00, 1.00, 0.00
438.00, 73.00, 68.00, 1.00, 0.00
439.00, 46.00, 52.00, 1.00, 1.00
439.00, 53.00, 56.00, 1.00, 1.00
439.00, 61.00, 61.00, 1.00, 1.00
439.00, 70.00, 66.00, 0.50, 0.00
439.50, 73.00, 68.00, 0.50, 0.00
440.00, 46.00, 52.00, 1.00, 1.00
440.00, 53.00, 56.00, 1.00, 1.00
440.00, 61.00, 61.00, 1.00, 1.00
440.00, 65.00, 63.00, 1.00, 0.00
440.00, 77.00, 70.00, 3.00, 0.00
441.00, 76.00, 69.00, 0.50, 0.00
441.50, 72.00, 67.00, 0.50, 0.00
442.00, 46.00, 52.00, 1.00, 1.00
442.00, 53.00, 56.00, 1.00, 1.00
442.00, 60.00, 60.00, 1.00, 1.00
442.00, 75.00, 69.00, 0.50, 0.00
442.50, 73.00, 68.00, 0.50, 0.00
443.00, 46.00, 52.00, 1.00, 1.00
443.00, 53.00, 56.00, 1.00, 1.00
443.00, 61.00, 61.00, 1.00, 1.00
443.00, 70.00, 66.00, 1.00, 0.00
443.00, 82.00, 73.00, 3.00, 0.00
444.00, 76.00, 69.00, 0.50, 0.00
444.50, 72.00, 67.00, 0.50, 0.00
445.00, 46.00, 52.00, 1.00, 1.00
445.00, 53.00, 56.00, 1.00, 1.00
445.00, 60.00, 60.00, 1.00, 1.00
445.00, 75.00, 69.00, 0.50, 0.00
445.50, 73.00, 68.00, 0.50, 0.00
446.00, 46.00, 52.00, 1.00, 1.00
446.00, 53.00, 56.00, 1.00, 1.00
446.00, 61.00, 61.00, 1.00, 1.00
446.00, 70.00, 66.00, 1.00, 0.00
446.00, 82.00, 73.00, 3.00, 0.00
447.00, 76.00, 69.00, 0.50, 0.00
447.50, 72.00, 67.00, 0.50, 0.00
448.00, 46.00, 52.00, 1.00, 1.00
448.00, 53.00, 56.00, 1.00, 1.00
448.00, 60.00, 60.00, 1.00, 1.00
448.00, 75.00, 69.00, 0.50, 0.00
448.50, 73.00, 68.00, 0.50, 0.00
449.00, 46.00, 52.00, 1.00, 1.00
449.00, 53.00, 56.00, 1.00, 1.00
449.00, 61.00, 61.00, 1.00, 1.00
449.00, 70.00, 66.00, 1.00, 0.00
449.00, 82.00, 73.00, 1.00, 0.00
450.00, 73.00, 68.00, 2.00, 0.00
451.00, 55.00, 57.00, 1.00, 1.00
451.00, 58.00, 59.00, 1.00, 1.00
451.00, 64.00, 63.00, 1.00, 1.00
452.00, 56.00, 58.00, 1.00, 1.00
452.00, 59.00, 60.00, 1.00, 1.00
452.00, 64.00, 63.00, 1.00, 1.00
452.00, 71.00, 67.00, 1.00, 0.00
453.00, 55.00, 57.00, 1.00, 1.00
453.00, 58.00, 59.00, 1.00, 1.00
453.00, 64.00, 63.00, 1.00, 1.00
453.00, 73.00, 68.00, 1.00, 0.00
454.00, 56.00, 58.00, 1.00, 1.00
454.00, 59.00, 60.00, 1.00, 1.00
454.00, 64.00, 63.00, 1.00, 1.00
454.00, 71.00, 67.00, 1.00, 0.00
455.00, 55.00, 57.00, 2.00, 1.00
455.00, 61.00, 61.00, 2.00, 1.00
455.00, 64.00, 63.00, 2.00, 1.00
455.00, 70.00, 66.00, 1.00, 0.00
456.00, 72.00, 67.00, 0.75, 0.00
456.75, 70.00, 66.00, 0.25, 0.00
457.00, 56.00, 58.00, 1.00, 1.00
457.00, 60.00, 60.00, 2.00, 1.00
457.00, 63.00, 62.00, 2.00, 1.00
457.00, 68.00, 65.00, 0.50, 0.00
457.50, 70.00, 66.00, 0.50, 0.00
458.00, 51.00, 55.00, 1.00, 1.00
458.00, 72.00, 67.00, 1.00, 0.00
459.00, 55.00, 57.00, 1.00, 1.00
459.00, 61.00, 61.00, 1.00, 1.00
459.00, 64.00, 63.00, 1.00, 1.00
459.00, 72.00, 67.00, 0.75, 0.00
459.75, 70.00, 66.00, 0.25, 0.00
460.00, 56.00, 58.00, 1.00, 1.00
460.00, 60.00, 60.00, 2.00, 1.00
460.00, 63.00, 62.00, 2.00, 1.00
460.00, 68.00, 65.00, 0.50, 0.00
460.75, 77.00, 70.00, 0.25, 0.00
461.00, 51.00, 55.00, 1.00, 1.00
461.00, 75.00, 69.00, 1.00, 0.00
462.00, 55.00, 57.00, 1.00, 1.00
462.00, 61.00, 61.00, 1.00, 1.00
462.00, 64.00, 63.00, 3.00, 1.00
462.00, 72.00, 67.00, 0.75, 0.00
462.75, 70.00, 66.00, 0.25, 0.00
463.00, 56.00, 58.00, 1.00, 1.00
463.00, 60.00, 60.00, 2.00, 1.00
463.00, 68.00, 65.00, 0.50, 0.00
463.50, 70.00, 66.00, 0.50, 0.00
464.00, 51.00, 55.00, 1.00, 1.00
464.00, 71.00, 66.00, 0.33, 0.00
464.33, 73.00, 68.00, 0.33, 0.00
464.83, 72.00, 67.00, 0.17, 0.00
465.00, 56.00, 58.00, 0.75, 1.00
465.00, 61.00, 61.00, 3.00, 1.00
465.00, 63.00, 62.00, 3.00, 0.00
465.75, 55.00, 57.00, 0.25, 1.00
466.00, 53.00, 56.00, 0.50, 1.00
466.50, 55.00, 57.00, 0.50, 1.00
467.00, 51.00, 55.00, 1.00, 1.00
468.00, 55.00, 57.00, 1.00, 1.00
468.00, 61.00, 61.00, 1.00, 1.00
468.00, 64.00, 63.00, 1.00, 1.00
468.00, 72.00, 67.00, 0.50, 0.00
468.75, 70.00, 66.00, 0.25, 0.00
469.00, 56.00, 58.00, 1.00, 1.00
469.00, 60.00, 60.00, 2.00, 1.00
469.00, 63.00, 62.00, 2.00, 1.00
469.00, 68.00, 65.00, 0.50, 0.00
469.50, 70.00, 66.00, 0.50, 0.00
470.00, 51.00, 55.00, 1.00, 1.00
470.00, 72.00, 67.00, 1.75, 0.00
471.00, 55.00, 57.00, 1.00, 1.00
471.00, 61.00, 61.00, 1.00, 1.00
471.00, 64.00, 63.00, 1.00, 1.00
471.75, 70.00, 66.00, 0.25, 0.00
472.00, 56.00, 58.00, 2.00, 1.00
472.00, 60.00, 60.00, 1.00, 1.00
472.00, 63.00, 62.00, 2.00, 1.00
472.00, 68.00, 65.00, 0.50, 0.00
472.00, 68.00, 65.00, 2.00, 0.00
472.50, 79.00, 71.00, 0.50, 0.00
473.00, 59.00, 60.00, 1.00, 1.00
473.00, 77.00, 70.00, 1.00, 0.00
474.00, 51.00, 55.00, 1.00, 1.00
474.00, 58.00, 59.00, 1.00, 1.00
474.00, 63.00, 62.00, 1.00, 1.00
474.00, 67.00, 64.00, 1.00, 0.00
474.00, 70.00, 66.00, 1.00, 0.00
475.00, 59.00, 60.00, 1.00, 1.00
475.00, 62.00, 61.00, 2.00, 1.00
475.00, 68.00, 65.00, 0.75, 0.00
475.00, 68.00, 65.00, 2.00, 0.00
475.75, 79.00, 71.00, 0.25, 0.00
476.00, 51.00, 55.00, 1.00, 1.00
476.00, 77.00, 70.00, 1.00, 0.00
477.00, 59.00, 60.00, 2.00, 1.00
477.00, 62.00, 61.00, 2.00, 1.00
477.00, 68.00, 65.00, 0.75, 0.00
477.00, 68.00, 65.00, 3.00, 0.00
477.75, 79.00, 71.00, 0.25, 0.00
478.00, 51.00, 55.00, 1.00, 1.00
478.00, 77.00, 70.00, 1.00, 0.00
479.00, 58.00, 59.00, 1.00, 1.00
479.00, 63.00, 62.00, 1.00, 1.00
479.00, 67.00, 64.00, 1.00, 0.00
479.00, 70.00, 66.00, 1.00, 0.00
480.00, 55.00, 57.00, 1.00, 1.00
480.00, 61.00, 61.00, 1.00, 1.00
480.00, 64.00, 63.00, 1.00, 1.00
480.00, 72.00, 67.00, 0.75, 0.00
480.75, 70.00, 66.00, 0.25, 0.00
481.00, 56.00, 58.00, 1.00, 1.00
481.00, 60.00, 60.00, 2.00, 1.00
481.00, 63.00, 62.00, 2.00, 1.00
481.00, 68.00, 65.00, 0.50, 0.00
481.50, 70.00, 66.00, 0.50, 0.00
482.00, 51.00, 55.00, 1.00, 1.00
482.00, 72.00, 67.00, 1.75, 0.00
483.00, 55.00, 57.00, 1.00, 1.00
483.00, 61.00, 61.00, 1.00, 1.00
483.00, 64.00, 63.00, 1.00, 1.00
483.75, 70.00, 66.00, 0.25, 0.00
484.00, 56.00, 58.00, 1.00, 1.00
484.00, 60.00, 60.00, 2.00, 1.00
484.00, 63.00, 62.00, 2.00, 1.00
484.00, 68.00, 65.00, 0.50, 0.00
484.50, 77.00, 70.00, 0.50, 0.00
485.00, 51.00, 55.00, 1.00, 1.00
485.00, 75.00, 69.00, 1.00, 0.00
486.00, 55.00, 57.00, 1.00, 1.00
486.00, 61.00, 61.00, 1.00, 1.00
486.00, 64.00, 63.00, 1.00, 1.00
486.00, 72.00, 67.00, 0.33, 0.00
486.33, 71.00, 67.00, 0.33, 0.00
486.67, 70.00, 66.00, 0.33, 0.00
487.00, 56.00, 58.00, 1.00, 1.00
487.00, 60.00, 60.00, 2.00, 1.00
487.00, 63.00, 62.00, 2.00, 1.00
487.00, 67.00, 64.00, 0.33, 0.00
487.33, 68.00, 65.00, 0.33, 0.00
487.67, 70.00, 66.00, 0.33, 0.00
488.00, 51.00, 55.00, 1.00, 1.00
488.00, 71.00, 66.00, 0.33, 0.00
488.33, 73.00, 68.00, 0.33, 0.00
488.83, 72.00, 67.00, 0.17, 0.00
489.00, 56.00, 58.00, 0.75, 1.00
489.00, 61.00, 61.00, 3.00, 1.00
489.00, 63.00, 62.00, 3.00, 0.00
489.75, 55.00, 57.00, 0.25, 1.00
490.00, 53.00, 56.00, 0.50, 1.00
490.50, 55.00, 57.00, 0.50, 1.00
491.00, 51.00, 55.00, 1.00, 1.00
492.00, 55.00, 57.00, 1.00, 1.00
492.00, 61.00, 61.00, 1.00, 1.00
492.00, 64.00, 63.00, 1.00, 1.00
492.00, 72.00, 67.00, 0.50, 0.00
492.75, 70.00, 66.00, 0.25, 0.00
493.00, 56.00, 58.00, 1.00, 1.00
493.00, 60.00, 60.00, 2.00, 1.00
493.00, 63.00, 62.00, 2.00, 1.00
493.00, 68.00, 65.00, 0.50, 0.00
493.50, 70.00, 66.00, 0.50, 0.00
494.00, 51.00, 55.00, 1.00, 1.00
494.00, 72.00, 67.00, 1.62, 0.00
495.00, 55.00, 57.00, 1.00, 1.00
495.00, 61.00, 61.00, 1.00, 1.00
495.00, 64.00, 63.00, 1.00, 1.00
495.62, 70.00, 66.00, 0.12, 0.00
495.75, 72.00, 67.00, 0.12, 0.00
495.87, 70.00, 66.00, 0.12, 0.00
496.00, 56.00, 58.00, 1.00, 1.00
496.00, 60.00, 60.00, 1.00, 1.00
496.00, 63.00, 62.00, 1.00, 1.00
496.00, 68.00, 65.00, 0.50, 0.00
496.75, 80.00, 72.00, 0.25, 0.00
497.00, 62.00, 61.00, 1.00, 1.00
497.00, 68.00, 65.00, 1.00, 1.00
497.00, 71.00, 67.00, 1.00, 1.00
497.00, 77.00, 70.00, 1.00, 0.00
498.00, 63.00, 62.00, 1.00, 1.00
498.00, 67.00, 64.00, 1.00, 1.00
498.00, 70.00, 66.00, 0.75, 0.00
498.75, 72.00, 67.00, 0.25, 0.00
499.00, 58.00, 59.00, 1.00, 1.00
499.00, 65.00, 63.00, 1.00, 1.00
499.00, 73.00, 68.00, 1.00, 0.00
500.00, 51.00, 55.00, 1.00, 1.00
500.00, 63.00, 62.00, 0.75, 1.00
500.00, 67.00, 64.00, 1.00, 0.00
500.00, 72.00, 67.00, 0.75, 0.00
500.75, 61.00, 61.00, 0.25, 1.00
500.75, 70.00, 66.00, 0.25, 0.00
501.00, 56.00, 58.00, 2.00, 1.00
501.00, 65.00, 63.00, 0.75, 1.00
501.00, 68.00, 65.00, 1.00, 0.00
501.00, 73.00, 68.00, 0.75, 0.00
501.75, 63.00, 62.00, 0.25, 1.00
501.75, 72.00, 67.00, 0.25, 0.00
502.00, 60.00, 60.00, 1.00, 1.00
502.00, 68.00, 65.00, 1.00, 0.00
