ontime, MNN, MPN, duration, channel
1.00, 57.00, 58.00, 1.00, 1.00
1.00, 59.00, 59.00, 1.00, 1.00
1.00, 65.00, 63.00, 1.00, 1.00
2.00, 57.00, 58.00, 1.00, 1.00
2.00, 60.00, 60.00, 1.00, 1.00
2.00, 65.00, 63.00, 1.00, 1.00
3.00, 57.00, 58.00, 1.00, 1.00
3.00, 62.00, 61.00, 1.00, 1.00
3.00, 65.00, 63.00, 1.00, 1.00
4.00, 57.00, 58.00, 1.00, 1.00
4.00, 59.00, 59.00, 1.00, 1.00
4.00, 65.00, 63.00, 1.00, 1.00
5.00, 57.00, 58.00, 1.00, 1.00
5.00, 60.00, 60.00, 1.00, 1.00
5.00, 65.00, 63.00, 1.00, 1.00
6.00, 57.00, 58.00, 1.00, 1.00
6.00, 62.00, 61.00, 1.00, 1.00
6.00, 65.00, 63.00, 1.00, 1.00
7.00, 57.00, 58.00, 1.00, 1.00
7.00, 59.00, 59.00, 1.00, 1.00
7.00, 65.00, 63.00, 1.00, 1.00
8.00, 57.00, 58.00, 1.00, 1.00
8.00, 60.00, 60.00, 1.00, 1.00
8.00, 65.00, 63.00, 1.00, 1.00
9.00, 62.00, 61.00, 0.33, 0.00
9.33, 64.00, 62.00, 0.33, 0.00
9.67, 62.00, 61.00, 0.33, 0.00
10.00, 57.00, 58.00, 3.00, 1.00
10.00, 60.00, 60.00, 2.00, 1.00
10.00, 65.00, 63.00, 3.00, 1.00
12.00, 62.00, 61.00, 1.00, 1.00
12.00, 71.00, 66.00, 0.75, 0.00
12.75, 72.00, 67.00, 0.25, 0.00
13.00, 57.00, 58.00, 1.00, 1.00
13.00, 62.00, 61.00, 1.00, 1.00
13.00, 65.00, 63.00, 1.00, 1.00
13.00, 74.00, 68.00, 1.00, 0.00
14.00, 57.00, 58.00, 1.00, 1.00
14.00, 62.00, 61.00, 1.00, 1.00
14.00, 65.00, 63.00, 1.00, 1.00
14.00, 69.00, 65.00, 1.00, 0.00
15.00, 57.00, 58.00, 1.00, 1.00
15.00, 60.00, 60.00, 1.00, 1.00
15.00, 65.00, 63.00, 1.00, 1.00
15.00, 72.00, 67.00, 2.00, 0.00
16.00, 57.00, 58.00, 1.00, 1.00
16.00, 60.00, 60.00, 1.00, 1.00
16.00, 65.00, 63.00, 1.00, 1.00
17.00, 57.00, 58.00, 1.00, 1.00
17.00, 60.00, 60.00, 1.00, 1.00
17.00, 65.00, 63.00, 1.00, 1.00
17.00, 71.00, 66.00, 0.50, 0.00
17.50, 72.00, 67.00, 0.50, 0.00
18.00, 55.00, 57.00, 1.00, 1.00
18.00, 60.00, 60.00, 1.00, 1.00
18.00, 65.00, 63.00, 1.00, 1.00
18.00, 74.00, 68.00, 0.50, 0.00
18.50, 76.00, 69.00, 0.50, 0.00
19.00, 55.00, 57.00, 1.00, 1.00
19.00, 59.00, 59.00, 1.00, 1.00
19.00, 65.00, 63.00, 1.00, 1.00
19.00, 77.00, 70.00, 1.00, 0.00
20.00, 55.00, 57.00, 1.00, 1.00
20.00, 59.00, 59.00, 1.00, 1.00
20.00, 65.00, 63.00, 1.00, 1.00
20.00, 79.00, 71.00, 0.75, 0.00
20.75, 74.00, 68.00, 0.25, 0.00
21.00, 55.00, 57.00, 1.00, 1.00
21.00, 59.00, 59.00, 1.00, 1.00
21.00, 64.00, 62.00, 1.00, 1.00
21.00, 76.00, 69.00, 3.00, 0.00
22.00, 55.00, 57.00, 1.00, 1.00
22.00, 59.00, 59.00, 1.00, 1.00
22.00, 64.00, 62.00, 1.00, 1.00
23.00, 55.00, 57.00, 1.00, 1.00
23.00, 59.00, 59.00, 1.00, 1.00
23.00, 64.00, 62.00, 1.00, 1.00
24.00, 54.00, 56.00, 1.00, 1.00
24.00, 58.00, 58.00, 1.00, 1.00
24.00, 64.00, 62.00, 1.00, 1.00
24.00, 78.00, 70.00, 1.00, 0.00
25.00, 54.00, 56.00, 1.00, 1.00
25.00, 58.00, 58.00, 1.00, 1.00
25.00, 63.00, 61.00, 1.00, 1.00
25.00, 75.00, 68.00, 2.00, 0.00
26.00, 54.00, 56.00, 1.00, 1.00
26.00, 58.00, 58.00, 1.00, 1.00
26.00, 63.00, 61.00, 1.00, 1.00
27.00, 53.00, 56.00, 1.00, 1.00
27.00, 57.00, 58.00, 1.00, 1.00
27.00, 63.00, 62.00, 1.00, 1.00
27.00, 77.00, 70.00, 1.00, 0.00
28.00, 53.00, 56.00, 1.00, 1.00
28.00, 57.00, 58.00, 1.00, 1.00
28.00, 62.00, 61.00, 1.00, 1.00
28.00, 74.00, 68.00, 2.00, 0.00
29.00, 53.00, 56.00, 1.00, 1.00
29.00, 57.00, 58.00, 1.00, 1.00
29.00, 62.00, 61.00, 1.00, 1.00
30.00, 52.00, 55.00, 1.00, 1.00
30.00, 56.00, 57.00, 1.00, 1.00
30.00, 62.00, 61.00, 1.00, 1.00
30.00, 76.00, 69.00, 0.25, 0.00
30.25, 71.00, 66.00, 2.75, 0.00
31.00, 52.00, 55.00, 1.00, 1.00
31.00, 56.00, 57.00, 1.00, 1.00
31.00, 62.00, 61.00, 1.00, 1.00
32.00, 52.00, 55.00, 1.00, 1.00
32.00, 56.00, 57.00, 1.00, 1.00
32.00, 62.00, 61.00, 1.00, 1.00
33.00, 52.00, 55.00, 1.00, 1.00
33.00, 57.00, 58.00, 1.00, 1.00
33.00, 62.00, 61.00, 1.00, 1.00
33.00, 72.00, 67.00, 0.25, 0.00
33.25, 68.00, 64.00, 2.75, 0.00
34.00, 52.00, 55.00, 1.00, 1.00
34.00, 59.00, 59.00, 1.00, 1.00
34.00, 62.00, 61.00, 1.00, 1.00
35.00, 52.00, 55.00, 1.00, 1.00
35.00, 59.00, 59.00, 1.00, 1.00
35.00, 62.00, 61.00, 1.00, 1.00
36.00, 45.00, 51.00, 1.00, 1.00
36.00, 71.00, 66.00, 0.33, 0.00
36.33, 72.00, 67.00, 0.33, 0.00
36.67, 71.00, 66.00, 0.33, 0.00
37.00, 57.00, 58.00, 1.00, 1.00
37.00, 62.00, 61.00, 1.00, 1.00
37.00, 65.00, 63.00, 1.00, 1.00
37.00, 69.00, 65.00, 0.33, 0.00
37.33, 71.00, 66.00, 0.33, 0.00
37.67, 72.00, 67.00, 0.33, 0.00
38.00, 57.00, 58.00, 1.00, 1.00
38.00, 62.00, 61.00, 1.00, 1.00
38.00, 65.00, 63.00, 1.00, 1.00
38.00, 76.00, 69.00, 0.50, 0.00
38.50, 74.00, 68.00, 0.17, 0.00
38.67, 69.00, 65.00, 0.33, 0.00
39.00, 57.00, 58.00, 1.00, 1.00
39.00, 60.00, 60.00, 1.00, 1.00
39.00, 65.00, 63.00, 1.00, 1.00
39.00, 72.00, 67.00, 2.00, 0.00
40.00, 57.00, 58.00, 1.00, 1.00
40.00, 60.00, 60.00, 1.00, 1.00
40.00, 65.00, 63.00, 1.00, 1.00
41.00, 57.00, 58.00, 1.00, 1.00
41.00, 60.00, 60.00, 1.00, 1.00
41.00, 65.00, 63.00, 1.00, 1.00
41.00, 71.00, 66.00, 0.50, 0.00
41.50, 72.00, 67.00, 0.50, 0.00
42.00, 55.00, 57.00, 1.00, 1.00
42.00, 60.00, 60.00, 1.00, 1.00
42.00, 65.00, 63.00, 1.00, 1.00
42.00, 74.00, 68.00, 0.20, 0.00
42.20, 76.00, 69.00, 0.20, 0.00
42.40, 74.00, 68.00, 0.20, 0.00
42.60, 73.00, 67.00, 0.20, 0.00
42.80, 74.00, 68.00, 0.20, 0.00
43.00, 55.00, 57.00, 1.00, 1.00
43.00, 59.00, 59.00, 1.00, 1.00
43.00, 65.00, 63.00, 1.00, 1.00
43.00, 75.00, 68.00, 0.20, 0.00
43.20, 76.00, 69.00, 0.20, 0.00
43.40, 77.00, 70.00, 0.20, 0.00
43.60, 78.00, 70.00, 0.20, 0.00
43.80, 79.00, 71.00, 0.20, 0.00
44.00, 55.00, 57.00, 1.00, 1.00
44.00, 59.00, 59.00, 1.00, 1.00
44.00, 65.00, 63.00, 1.00, 1.00
44.00, 80.00, 71.00, 0.20, 0.00
44.20, 83.00, 73.00, 0.20, 0.00
44.40, 81.00, 72.00, 0.20, 0.00
44.60, 79.00, 71.00, 0.20, 0.00
44.80, 77.00, 70.00, 0.20, 0.00
45.00, 55.00, 57.00, 1.00, 1.00
45.00, 59.00, 59.00, 1.00, 1.00
45.00, 64.00, 62.00, 1.00, 1.00
45.00, 76.00, 69.00, 3.00, 0.00
46.00, 55.00, 57.00, 1.00, 1.00
46.00, 59.00, 59.00, 1.00, 1.00
46.00, 64.00, 62.00, 1.00, 1.00
47.00, 55.00, 57.00, 1.00, 1.00
47.00, 59.00, 59.00, 1.00, 1.00
47.00, 64.00, 62.00, 1.00, 1.00
48.00, 54.00, 56.00, 1.00, 1.00
48.00, 58.00, 58.00, 1.00, 1.00
48.00, 64.00, 62.00, 1.00, 1.00
49.00, 54.00, 56.00, 1.00, 1.00
49.00, 58.00, 58.00, 1.00, 1.00
49.00, 63.00, 61.00, 1.00, 1.00
49.00, 75.00, 68.00, 2.00, 0.00
50.00, 54.00, 56.00, 1.00, 1.00
50.00, 58.00, 58.00, 1.00, 1.00
50.00, 63.00, 61.00, 1.00, 1.00
51.00, 53.00, 56.00, 1.00, 1.00
51.00, 57.00, 58.00, 1.00, 1.00
51.00, 63.00, 62.00, 1.00, 1.00
51.00, 76.00, 69.00, 0.17, 0.00
51.17, 77.00, 70.00, 0.17, 0.00
51.33, 80.00, 72.00, 0.17, 0.00
51.50, 79.00, 71.00, 0.17, 0.00
51.67, 78.00, 70.00, 0.17, 0.00
51.83, 77.00, 70.00, 0.17, 0.00
52.00, 53.00, 56.00, 1.00, 1.00
52.00, 57.00, 58.00, 1.00, 1.00
52.00, 62.00, 61.00, 1.00, 1.00
52.00, 74.00, 68.00, 2.00, 0.00
53.00, 53.00, 56.00, 1.00, 1.00
53.00, 57.00, 58.00, 1.00, 1.00
53.00, 62.00, 61.00, 1.00, 1.00
54.00, 40.00, 48.00, 1.00, 1.00
54.00, 52.00, 55.00, 1.00, 1.00
54.00, 84.00, 74.00, 0.50, 0.00
54.75, 83.00, 73.00, 0.25, 0.00
55.00, 52.00, 55.00, 1.00, 1.00
55.00, 59.00, 59.00, 1.00, 1.00
55.00, 62.00, 61.00, 1.00, 1.00
55.00, 80.00, 71.00, 0.50, 0.00
56.00, 52.00, 55.00, 1.00, 1.00
56.00, 59.00, 59.00, 1.00, 1.00
56.00, 62.00, 61.00, 1.00, 1.00
56.00, 68.00, 64.00, 1.00, 0.00
57.00, 45.00, 51.00, 1.00, 1.00
57.00, 69.00, 65.00, 3.00, 0.00
58.00, 52.00, 55.00, 1.00, 1.00
58.00, 57.00, 58.00, 1.00, 1.00
58.00, 60.00, 60.00, 1.00, 1.00
59.00, 57.00, 58.00, 1.00, 1.00
59.00, 60.00, 60.00, 1.00, 1.00
59.00, 64.00, 62.00, 1.00, 1.00
60.00, 57.00, 58.00, 1.00, 1.00
60.00, 62.00, 61.00, 1.00, 1.00
60.00, 65.00, 63.00, 1.00, 1.00
60.00, 71.00, 66.00, 0.75, 0.00
60.75, 72.00, 67.00, 0.25, 0.00
61.00, 57.00, 58.00, 1.00, 1.00
61.00, 62.00, 61.00, 1.00, 1.00
61.00, 65.00, 63.00, 1.00, 1.00
61.00, 74.00, 68.00, 1.00, 0.00
62.00, 57.00, 58.00, 1.00, 1.00
62.00, 62.00, 61.00, 1.00, 1.00
62.00, 65.00, 63.00, 1.00, 1.00
62.00, 69.00, 65.00, 1.00, 0.00
63.00, 57.00, 58.00, 1.00, 1.00
63.00, 60.00, 60.00, 1.00, 1.00
63.00, 65.00, 63.00, 1.00, 1.00
63.00, 72.00, 67.00, 2.00, 0.00
64.00, 57.00, 58.00, 1.00, 1.00
64.00, 60.00, 60.00, 1.00, 1.00
64.00, 65.00, 63.00, 1.00, 1.00
65.00, 57.00, 58.00, 1.00, 1.00
65.00, 60.00, 60.00, 1.00, 1.00
65.00, 65.00, 63.00, 1.00, 1.00
65.00, 71.00, 66.00, 0.50, 0.00
65.50, 72.00, 67.00, 0.50, 0.00
66.00, 55.00, 57.00, 1.00, 1.00
66.00, 60.00, 60.00, 1.00, 1.00
66.00, 65.00, 63.00, 1.00, 1.00
66.00, 74.00, 68.00, 0.50, 0.00
66.50, 73.00, 67.00, 0.50, 0.00
67.00, 55.00, 57.00, 1.00, 1.00
67.00, 59.00, 59.00, 1.00, 1.00
67.00, 65.00, 63.00, 1.00, 1.00
67.00, 74.00, 68.00, 0.33, 0.00
67.33, 76.00, 69.00, 0.33, 0.00
67.67, 77.00, 70.00, 0.33, 0.00
68.00, 55.00, 57.00, 1.00, 1.00
68.00, 59.00, 59.00, 1.00, 1.00
68.00, 65.00, 63.00, 1.00, 1.00
68.00, 79.00, 71.00, 0.50, 0.00
68.75, 74.00, 68.00, 0.25, 0.00
69.00, 55.00, 57.00, 1.00, 1.00
69.00, 59.00, 59.00, 1.00, 1.00
69.00, 64.00, 62.00, 1.00, 1.00
69.00, 76.00, 69.00, 3.00, 0.00
70.00, 55.00, 57.00, 1.00, 1.00
70.00, 59.00, 59.00, 1.00, 1.00
70.00, 64.00, 62.00, 1.00, 1.00
71.00, 55.00, 57.00, 1.00, 1.00
71.00, 59.00, 59.00, 1.00, 1.00
71.00, 64.00, 62.00, 1.00, 1.00
72.00, 54.00, 56.00, 1.00, 1.00
72.00, 58.00, 58.00, 1.00, 1.00
72.00, 64.00, 62.00, 1.00, 1.00
72.00, 78.00, 70.00, 1.00, 0.00
73.00, 54.00, 56.00, 1.00, 1.00
73.00, 58.00, 58.00, 1.00, 1.00
73.00, 63.00, 61.00, 1.00, 1.00
73.00, 75.00, 68.00, 2.00, 0.00
74.00, 54.00, 56.00, 1.00, 1.00
74.00, 58.00, 58.00, 1.00, 1.00
74.00, 63.00, 61.00, 1.00, 1.00
75.00, 53.00, 56.00, 1.00, 1.00
75.00, 57.00, 58.00, 1.00, 1.00
75.00, 63.00, 62.00, 1.00, 1.00
75.00, 77.00, 70.00, 1.00, 0.00
76.00, 53.00, 56.00, 1.00, 1.00
76.00, 57.00, 58.00, 1.00, 1.00
76.00, 62.00, 61.00, 1.00, 1.00
76.00, 74.00, 68.00, 2.00, 0.00
77.00, 53.00, 56.00, 1.00, 1.00
77.00, 57.00, 58.00, 1.00, 1.00
77.00, 62.00, 61.00, 1.00, 1.00
78.00, 52.00, 55.00, 1.00, 1.00
78.00, 56.00, 57.00, 1.00, 1.00
78.00, 62.00, 61.00, 1.00, 1.00
78.00, 76.00, 69.00, 0.25, 0.00
78.25, 71.00, 66.00, 2.75, 0.00
79.00, 52.00, 55.00, 1.00, 1.00
79.00, 56.00, 57.00, 1.00, 1.00
79.00, 62.00, 61.00, 1.00, 1.00
80.00, 52.00, 55.00, 1.00, 1.00
80.00, 56.00, 57.00, 1.00, 1.00
80.00, 62.00, 61.00, 1.00, 1.00
81.00, 52.00, 55.00, 1.00, 1.00
81.00, 57.00, 58.00, 1.00, 1.00
81.00, 62.00, 61.00, 1.00, 1.00
81.00, 72.00, 67.00, 0.25, 0.00
81.25, 68.00, 64.00, 2.50, 0.00
82.00, 52.00, 55.00, 1.00, 1.00
82.00, 59.00, 59.00, 1.00, 1.00
82.00, 62.00, 61.00, 1.00, 1.00
83.00, 52.00, 55.00, 1.00, 1.00
83.00, 59.00, 59.00, 1.00, 1.00
83.00, 62.00, 61.00, 1.00, 1.00
83.75, 71.00, 66.00, 0.25, 0.00
84.00, 45.00, 51.00, 1.00, 1.00
84.00, 71.00, 66.00, 0.17, 0.00
84.17, 71.00, 66.00, 0.17, 0.00
84.33, 71.00, 66.00, 0.17, 0.00
84.50, 71.00, 66.00, 0.17, 0.00
84.67, 72.00, 67.00, 0.17, 0.00
84.83, 71.00, 66.00, 0.17, 0.00
85.00, 57.00, 58.00, 1.00, 1.00
85.00, 62.00, 61.00, 1.00, 1.00
85.00, 65.00, 63.00, 1.00, 1.00
85.00, 69.00, 65.00, 0.33, 0.00
85.33, 71.00, 66.00, 0.33, 0.00
85.67, 72.00, 67.00, 0.33, 0.00
86.00, 57.00, 58.00, 1.00, 1.00
86.00, 62.00, 61.00, 1.00, 1.00
86.00, 65.00, 63.00, 1.00, 1.00
86.00, 76.00, 69.00, 0.33, 0.00
86.33, 74.00, 68.00, 0.33, 0.00
86.67, 69.00, 65.00, 0.33, 0.00
87.00, 57.00, 58.00, 1.00, 1.00
87.00, 60.00, 60.00, 1.00, 1.00
87.00, 65.00, 63.00, 1.00, 1.00
87.00, 72.00, 67.00, 2.00, 0.00
88.00, 57.00, 58.00, 1.00, 1.00
88.00, 60.00, 60.00, 1.00, 1.00
88.00, 65.00, 63.00, 1.00, 1.00
89.00, 56.00, 58.00, 1.00, 1.00
89.00, 60.00, 60.00, 1.00, 1.00
89.00, 65.00, 63.00, 1.00, 1.00
89.00, 71.00, 66.00, 0.50, 0.00
89.50, 72.00, 67.00, 0.50, 0.00
90.00, 55.00, 57.00, 1.00, 1.00
90.00, 60.00, 60.00, 1.00, 1.00
90.00, 65.00, 63.00, 1.00, 1.00
90.00, 74.00, 68.00, 0.20, 0.00
90.20, 76.00, 69.00, 0.20, 0.00
90.40, 74.00, 68.00, 0.20, 0.00
90.60, 73.00, 67.00, 0.20, 0.00
90.80, 74.00, 68.00, 0.20, 0.00
91.00, 55.00, 57.00, 1.00, 1.00
91.00, 59.00, 59.00, 1.00, 1.00
91.00, 65.00, 63.00, 1.00, 1.00
91.00, 83.00, 73.00, 0.20, 0.00
91.20, 77.00, 70.00, 0.20, 0.00
91.40, 81.00, 72.00, 0.20, 0.00
91.60, 76.00, 69.00, 0.20, 0.00
91.80, 79.00, 71.00, 0.20, 0.00
92.00, 55.00, 57.00, 1.00, 1.00
92.00, 59.00, 59.00, 1.00, 1.00
92.00, 65.00, 63.00, 1.00, 1.00
92.00, 74.00, 68.00, 0.20, 0.00
92.20, 77.00, 70.00, 0.20, 0.00
92.40, 69.00, 65.00, 0.20, 0.00
92.60, 67.00, 64.00, 0.20, 0.00
92.80, 74.00, 68.00, 0.20, 0.00
93.00, 55.00, 57.00, 1.00, 1.00
93.00, 59.00, 59.00, 1.00, 1.00
93.00, 64.00, 62.00, 1.00, 1.00
93.00, 76.00, 69.00, 3.00, 0.00
94.00, 55.00, 57.00, 1.00, 1.00
94.00, 59.00, 59.00, 1.00, 1.00
94.00, 64.00, 62.00, 1.00, 1.00
95.00, 55.00, 57.00, 1.00, 1.00
95.00, 59.00, 59.00, 1.00, 1.00
95.00, 64.00, 62.00, 1.00, 1.00
96.00, 54.00, 56.00, 1.00, 1.00
96.00, 58.00, 58.00, 1.00, 1.00
96.00, 64.00, 62.00, 1.00, 1.00
97.00, 54.00, 56.00, 1.00, 1.00
97.00, 58.00, 58.00, 1.00, 1.00
97.00, 63.00, 61.00, 1.00, 1.00
97.00, 75.00, 68.00, 2.00, 0.00
98.00, 54.00, 56.00, 1.00, 1.00
98.00, 58.00, 58.00, 1.00, 1.00
98.00, 63.00, 61.00, 1.00, 1.00
99.00, 53.00, 56.00, 1.00, 1.00
99.00, 57.00, 58.00, 1.00, 1.00
99.00, 63.00, 62.00, 1.00, 1.00
99.00, 76.00, 69.00, 0.17, 0.00
99.17, 77.00, 70.00, 0.17, 0.00
99.33, 80.00, 72.00, 0.17, 0.00
99.50, 79.00, 71.00, 0.17, 0.00
99.67, 78.00, 70.00, 0.17, 0.00
99.83, 77.00, 70.00, 0.17, 0.00
100.00, 53.00, 56.00, 1.00, 1.00
100.00, 57.00, 58.00, 1.00, 1.00
100.00, 62.00, 61.00, 1.00, 1.00
100.00, 74.00, 68.00, 2.00, 0.00
101.00, 53.00, 56.00, 1.00, 1.00
101.00, 57.00, 58.00, 1.00, 1.00
101.00, 62.00, 61.00, 1.00, 1.00
102.00, 40.00, 48.00, 1.00, 1.00
102.00, 52.00, 55.00, 1.00, 1.00
102.00, 84.00, 74.00, 0.50, 0.00
102.75, 83.00, 73.00, 0.25, 0.00
103.00, 52.00, 55.00, 1.00, 1.00
103.00, 59.00, 59.00, 1.00, 1.00
103.00, 62.00, 61.00, 1.00, 1.00
103.00, 80.00, 71.00, 0.50, 0.00
104.00, 52.00, 55.00, 1.00, 1.00
104.00, 59.00, 59.00, 1.00, 1.00
104.00, 62.00, 61.00, 1.00, 1.00
104.00, 68.00, 64.00, 1.00, 0.00
105.00, 45.00, 51.00, 1.00, 1.00
105.00, 69.00, 65.00, 2.00, 0.00
106.00, 52.00, 55.00, 1.00, 1.00
106.00, 60.00, 60.00, 1.00, 1.00
107.00, 64.00, 62.00, 1.00, 0.00
108.00, 47.00, 52.00, 1.00, 1.00
108.00, 56.00, 57.00, 1.00, 1.00
108.00, 76.00, 69.00, 0.50, 0.00
109.00, 40.00, 48.00, 1.00, 1.00
109.00, 75.00, 68.00, 0.50, 0.00
109.50, 71.00, 66.00, 0.50, 0.00
110.00, 40.00, 48.00, 1.00, 1.00
110.00, 74.00, 68.00, 0.50, 0.00
110.50, 71.00, 66.00, 0.50, 0.00
111.00, 48.00, 53.00, 1.00, 1.00
111.00, 57.00, 58.00, 1.00, 1.00
111.00, 74.00, 68.00, 0.33, 0.00
111.33, 76.00, 69.00, 0.33, 0.00
111.67, 74.00, 68.00, 0.33, 0.00
112.00, 40.00, 48.00, 1.00, 1.00
112.00, 72.00, 67.00, 0.50, 0.00
112.75, 81.00, 72.00, 0.25, 0.00
113.00, 40.00, 48.00, 1.00, 1.00
113.00, 69.00, 65.00, 1.00, 0.00
114.00, 47.00, 52.00, 1.00, 1.00
114.00, 56.00, 57.00, 1.00, 1.00
114.00, 76.00, 69.00, 0.33, 0.00
114.33, 77.00, 70.00, 0.33, 0.00
114.67, 76.00, 69.00, 0.33, 0.00
115.00, 40.00, 48.00, 1.00, 1.00
115.00, 75.00, 68.00, 0.50, 0.00
115.75, 71.00, 66.00, 0.25, 0.00
116.00, 40.00, 48.00, 1.00, 1.00
116.00, 74.00, 68.00, 0.50, 0.00
116.50, 71.00, 66.00, 0.50, 0.00
117.00, 45.00, 51.00, 1.00, 1.00
117.00, 54.00, 56.00, 1.00, 1.00
117.00, 74.00, 68.00, 0.33, 0.00
117.33, 76.00, 69.00, 0.33, 0.00
117.67, 74.00, 68.00, 0.33, 0.00
118.00, 40.00, 48.00, 1.00, 1.00
118.00, 73.00, 67.00, 0.50, 0.00
118.75, 72.00, 67.00, 0.25, 0.00
119.00, 40.00, 48.00, 1.00, 1.00
119.00, 63.00, 61.00, 1.00, 0.00
120.00, 47.00, 52.00, 1.00, 1.00
120.00, 56.00, 57.00, 1.00, 1.00
120.00, 76.00, 69.00, 1.00, 0.00
121.00, 40.00, 48.00, 1.00, 1.00
121.00, 75.00, 68.00, 0.25, 0.00
121.25, 71.00, 66.00, 0.50, 0.00
122.00, 40.00, 48.00, 1.00, 1.00
122.00, 74.00, 68.00, 0.25, 0.00
122.25, 71.00, 66.00, 0.50, 0.00
123.00, 48.00, 53.00, 1.00, 1.00
123.00, 57.00, 58.00, 1.00, 1.00
123.00, 74.00, 68.00, 0.33, 0.00
123.33, 76.00, 69.00, 0.33, 0.00
123.67, 74.00, 68.00, 0.33, 0.00
124.00, 40.00, 48.00, 1.00, 1.00
124.00, 72.00, 67.00, 0.50, 0.00
124.75, 76.00, 69.00, 0.25, 0.00
124.75, 84.00, 74.00, 0.25, 0.00
125.00, 40.00, 48.00, 1.00, 1.00
125.00, 69.00, 65.00, 1.00, 0.00
126.00, 67.00, 64.00, 0.33, 1.00
126.00, 70.00, 66.00, 0.33, 0.00
126.33, 66.00, 63.00, 0.33, 1.00
126.33, 76.00, 69.00, 0.33, 0.00
126.67, 65.00, 63.00, 0.33, 1.00
126.67, 69.00, 65.00, 0.33, 0.00
126.67, 74.00, 68.00, 0.33, 0.00
127.00, 64.00, 62.00, 1.00, 1.00
127.00, 68.00, 64.00, 1.00, 0.00
127.00, 71.00, 66.00, 1.00, 0.00
128.00, 64.00, 62.00, 1.00, 1.00
128.00, 68.00, 64.00, 1.00, 0.00
128.00, 71.00, 66.00, 1.00, 0.00
129.00, 67.00, 64.00, 0.33, 1.00
129.00, 70.00, 66.00, 0.33, 0.00
129.33, 66.00, 63.00, 0.33, 1.00
129.33, 76.00, 69.00, 0.33, 0.00
129.67, 65.00, 63.00, 0.33, 1.00
129.67, 69.00, 65.00, 0.33, 0.00
129.67, 74.00, 68.00, 0.33, 0.00
130.00, 64.00, 62.00, 2.00, 1.00
130.00, 68.00, 64.00, 4.50, 0.00
130.00, 71.00, 66.00, 2.75, 0.00
132.00, 57.00, 58.00, 1.00, 1.00
132.00, 62.00, 61.00, 1.00, 1.00
132.00, 65.00, 63.00, 1.00, 1.00
132.75, 72.00, 67.00, 0.25, 0.00
133.00, 57.00, 58.00, 1.00, 1.00
133.00, 62.00, 61.00, 1.00, 1.00
133.00, 65.00, 63.00, 1.00, 1.00
133.00, 74.00, 68.00, 1.50, 0.00
134.00, 57.00, 58.00, 1.00, 1.00
134.00, 62.00, 61.00, 1.00, 1.00
134.00, 65.00, 63.00, 1.00, 1.00
134.50, 69.00, 65.00, 0.50, 0.00
135.00, 57.00, 58.00, 1.00, 1.00
135.00, 60.00, 60.00, 1.00, 1.00
135.00, 65.00, 63.00, 1.00, 1.00
135.00, 72.00, 67.00, 2.00, 0.00
136.00, 57.00, 58.00, 1.00, 1.00
136.00, 60.00, 60.00, 1.00, 1.00
136.00, 65.00, 63.00, 1.00, 1.00
137.00, 57.00, 58.00, 1.00, 1.00
137.00, 60.00, 60.00, 1.00, 1.00
137.00, 65.00, 63.00, 1.00, 1.00
137.00, 71.00, 66.00, 0.50, 0.00
137.50, 72.00, 67.00, 0.50, 0.00
138.00, 55.00, 57.00, 1.00, 1.00
138.00, 60.00, 60.00, 1.00, 1.00
138.00, 65.00, 63.00, 1.00, 1.00
138.00, 74.00, 68.00, 0.75, 0.00
138.75, 73.00, 67.00, 0.25, 0.00
139.00, 55.00, 57.00, 1.00, 1.00
139.00, 59.00, 59.00, 1.00, 1.00
139.00, 65.00, 63.00, 1.00, 1.00
139.00, 74.00, 68.00, 0.33, 0.00
139.33, 76.00, 69.00, 0.33, 0.00
139.67, 77.00, 70.00, 0.33, 0.00
140.00, 55.00, 57.00, 1.00, 1.00
140.00, 59.00, 59.00, 1.00, 1.00
140.00, 65.00, 63.00, 1.00, 1.00
140.00, 79.00, 71.00, 0.50, 0.00
140.75, 74.00, 68.00, 0.25, 0.00
141.00, 55.00, 57.00, 1.00, 1.00
141.00, 59.00, 59.00, 1.00, 1.00
141.00, 64.00, 62.00, 1.00, 1.00
141.00, 76.00, 69.00, 3.00, 0.00
142.00, 55.00, 57.00, 1.00, 1.00
142.00, 59.00, 59.00, 1.00, 1.00
142.00, 64.00, 62.00, 1.00, 1.00
143.00, 55.00, 57.00, 1.00, 1.00
143.00, 59.00, 59.00, 1.00, 1.00
143.00, 64.00, 62.00, 1.00, 1.00
144.00, 54.00, 56.00, 1.00, 1.00
144.00, 58.00, 58.00, 1.00, 1.00
144.00, 64.00, 62.00, 1.00, 1.00
144.00, 78.00, 70.00, 1.00, 0.00
145.00, 54.00, 56.00, 1.00, 1.00
145.00, 58.00, 58.00, 1.00, 1.00
145.00, 63.00, 61.00, 1.00, 1.00
145.00, 75.00, 68.00, 2.00, 0.00
146.00, 54.00, 56.00, 1.00, 1.00
146.00, 58.00, 58.00, 1.00, 1.00
146.00, 63.00, 61.00, 1.00, 1.00
147.00, 53.00, 56.00, 1.00, 1.00
147.00, 57.00, 58.00, 1.00, 1.00
147.00, 63.00, 62.00, 1.00, 1.00
147.00, 77.00, 70.00, 1.00, 0.00
148.00, 53.00, 56.00, 1.00, 1.00
148.00, 57.00, 58.00, 1.00, 1.00
148.00, 62.00, 61.00, 1.00, 1.00
148.00, 74.00, 68.00, 2.00, 0.00
149.00, 53.00, 56.00, 1.00, 1.00
149.00, 57.00, 58.00, 1.00, 1.00
149.00, 62.00, 61.00, 1.00, 1.00
150.00, 52.00, 55.00, 1.00, 1.00
150.00, 56.00, 57.00, 1.00, 1.00
150.00, 62.00, 61.00, 1.00, 1.00
150.00, 76.00, 69.00, 0.25, 0.00
150.25, 71.00, 66.00, 2.75, 0.00
151.00, 52.00, 55.00, 1.00, 1.00
151.00, 56.00, 57.00, 1.00, 1.00
151.00, 62.00, 61.00, 1.00, 1.00
152.00, 52.00, 55.00, 1.00, 1.00
152.00, 56.00, 57.00, 1.00, 1.00
152.00, 62.00, 61.00, 1.00, 1.00
153.00, 52.00, 55.00, 1.00, 1.00
153.00, 57.00, 58.00, 1.00, 1.00
153.00, 62.00, 61.00, 1.00, 1.00
153.00, 72.00, 67.00, 0.25, 0.00
153.25, 68.00, 64.00, 2.50, 0.00
154.00, 52.00, 55.00, 1.00, 1.00
154.00, 59.00, 59.00, 1.00, 1.00
154.00, 62.00, 61.00, 1.00, 1.00
155.00, 52.00, 55.00, 1.00, 1.00
155.00, 59.00, 59.00, 1.00, 1.00
155.00, 62.00, 61.00, 1.00, 1.00
155.75, 71.00, 66.00, 0.25, 0.00
156.00, 45.00, 51.00, 1.00, 1.00
156.00, 71.00, 66.00, 0.25, 0.00
156.25, 71.00, 66.00, 0.25, 0.00
156.50, 72.00, 67.00, 0.25, 0.00
156.75, 71.00, 66.00, 0.25, 0.00
157.00, 57.00, 58.00, 1.00, 1.00
157.00, 62.00, 61.00, 1.00, 1.00
157.00, 65.00, 63.00, 1.00, 1.00
157.00, 69.00, 65.00, 0.33, 0.00
157.33, 71.00, 66.00, 0.33, 0.00
157.67, 72.00, 67.00, 0.33, 0.00
158.00, 57.00, 58.00, 1.00, 1.00
158.00, 62.00, 61.00, 1.00, 1.00
158.00, 65.00, 63.00, 1.00, 1.00
158.00, 76.00, 69.00, 0.50, 0.00
158.50, 74.00, 68.00, 0.17, 0.00
158.67, 69.00, 65.00, 0.33, 0.00
159.00, 57.00, 58.00, 1.00, 1.00
159.00, 60.00, 60.00, 1.00, 1.00
159.00, 65.00, 63.00, 1.00, 1.00
159.00, 72.00, 67.00, 2.00, 0.00
160.00, 57.00, 58.00, 1.00, 1.00
160.00, 60.00, 60.00, 1.00, 1.00
160.00, 65.00, 63.00, 1.00, 1.00
161.00, 56.00, 58.00, 1.00, 1.00
161.00, 60.00, 60.00, 1.00, 1.00
161.00, 65.00, 63.00, 1.00, 1.00
161.00, 71.00, 66.00, 0.33, 0.00
161.33, 72.00, 67.00, 0.33, 0.00
161.67, 73.00, 67.00, 0.33, 0.00
162.00, 55.00, 57.00, 1.00, 1.00
162.00, 60.00, 60.00, 1.00, 1.00
162.00, 65.00, 63.00, 1.00, 1.00
162.00, 74.00, 68.00, 0.20, 0.00
162.20, 76.00, 69.00, 0.20, 0.00
162.40, 74.00, 68.00, 0.20, 0.00
162.60, 73.00, 67.00, 0.20, 0.00
162.80, 74.00, 68.00, 0.20, 0.00
163.00, 55.00, 57.00, 1.00, 1.00
163.00, 59.00, 59.00, 1.00, 1.00
163.00, 65.00, 63.00, 1.00, 1.00
163.00, 75.00, 68.00, 0.20, 0.00
163.20, 76.00, 69.00, 0.20, 0.00
163.40, 77.00, 70.00, 0.20, 0.00
163.60, 78.00, 70.00, 0.20, 0.00
163.80, 79.00, 71.00, 0.20, 0.00
164.00, 55.00, 57.00, 1.00, 1.00
164.00, 59.00, 59.00, 1.00, 1.00
164.00, 65.00, 63.00, 1.00, 1.00
164.00, 80.00, 71.00, 0.20, 0.00
164.20, 83.00, 73.00, 0.20, 0.00
164.40, 81.00, 72.00, 0.20, 0.00
164.60, 79.00, 71.00, 0.20, 0.00
164.80, 77.00, 70.00, 0.20, 0.00
165.00, 55.00, 57.00, 1.00, 1.00
165.00, 59.00, 59.00, 1.00, 1.00
165.00, 64.00, 62.00, 1.00, 1.00
165.00, 76.00, 69.00, 3.00, 0.00
166.00, 55.00, 57.00, 1.00, 1.00
166.00, 59.00, 59.00, 1.00, 1.00
166.00, 64.00, 62.00, 1.00, 1.00
167.00, 55.00, 57.00, 1.00, 1.00
167.00, 59.00, 59.00, 1.00, 1.00
167.00, 64.00, 62.00, 1.00, 1.00
168.00, 54.00, 56.00, 1.00, 1.00
168.00, 58.00, 58.00, 1.00, 1.00
168.00, 64.00, 62.00, 1.00, 1.00
169.00, 54.00, 56.00, 1.00, 1.00
169.00, 58.00, 58.00, 1.00, 1.00
169.00, 63.00, 61.00, 1.00, 1.00
169.00, 75.00, 68.00, 2.00, 0.00
170.00, 54.00, 56.00, 1.00, 1.00
170.00, 58.00, 58.00, 1.00, 1.00
170.00, 63.00, 61.00, 1.00, 1.00
171.00, 53.00, 56.00, 1.00, 1.00
171.00, 57.00, 58.00, 1.00, 1.00
171.00, 63.00, 62.00, 1.00, 1.00
171.00, 76.00, 69.00, 0.17, 0.00
171.17, 77.00, 70.00, 0.17, 0.00
171.33, 80.00, 72.00, 0.17, 0.00
171.50, 79.00, 71.00, 0.17, 0.00
171.67, 78.00, 70.00, 0.17, 0.00
171.83, 77.00, 70.00, 0.17, 0.00
172.00, 53.00, 56.00, 1.00, 1.00
172.00, 57.00, 58.00, 1.00, 1.00
172.00, 62.00, 61.00, 1.00, 1.00
172.00, 74.00, 68.00, 2.00, 0.00
173.00, 53.00, 56.00, 1.00, 1.00
173.00, 57.00, 58.00, 1.00, 1.00
173.00, 62.00, 61.00, 1.00, 1.00
174.00, 40.00, 48.00, 1.00, 1.00
174.00, 84.00, 74.00, 0.50, 0.00
174.75, 83.00, 73.00, 0.25, 0.00
175.00, 52.00, 55.00, 1.00, 1.00
175.00, 59.00, 59.00, 1.00, 1.00
175.00, 62.00, 61.00, 1.00, 1.00
175.00, 80.00, 71.00, 0.50, 0.00
176.00, 52.00, 55.00, 1.00, 1.00
176.00, 59.00, 59.00, 1.00, 1.00
176.00, 62.00, 61.00, 1.00, 1.00
176.00, 68.00, 64.00, 1.00, 0.00
177.00, 45.00, 51.00, 3.00, 1.00
177.00, 69.00, 65.00, 3.00, 0.00
178.00, 52.00, 55.00, 1.00, 1.00
178.00, 57.00, 58.00, 1.00, 1.00
178.00, 61.00, 60.00, 1.00, 0.00
179.00, 52.00, 55.00, 1.00, 1.00
179.00, 57.00, 58.00, 1.00, 1.00
179.00, 61.00, 60.00, 1.00, 0.00
180.00, 45.00, 51.00, 1.00, 1.00
180.00, 52.00, 55.00, 1.00, 1.00
180.00, 61.00, 60.00, 1.00, 0.00
180.00, 73.00, 67.00, 0.50, 0.00
180.50, 71.00, 66.00, 0.50, 0.00
181.00, 45.00, 51.00, 1.00, 1.00
181.00, 52.00, 55.00, 1.00, 1.00
181.00, 61.00, 60.00, 1.00, 0.00
181.00, 69.00, 65.00, 1.00, 0.00
182.00, 45.00, 51.00, 1.00, 1.00
182.00, 52.00, 55.00, 1.00, 1.00
182.00, 61.00, 60.00, 1.00, 0.00
182.00, 66.00, 63.00, 1.00, 0.00
183.00, 45.00, 51.00, 1.00, 1.00
183.00, 52.00, 55.00, 1.00, 1.00
183.00, 62.00, 61.00, 0.50, 0.00
183.00, 64.00, 62.00, 3.00, 0.00
183.50, 62.00, 61.00, 0.50, 0.00
184.00, 45.00, 51.00, 1.00, 1.00
184.00, 52.00, 55.00, 1.00, 1.00
184.00, 62.00, 61.00, 1.00, 0.00
185.00, 45.00, 51.00, 1.00, 1.00
185.00, 52.00, 55.00, 1.00, 1.00
185.00, 61.00, 60.00, 0.50, 0.00
185.50, 59.00, 59.00, 0.50, 0.00
186.00, 45.00, 51.00, 1.00, 1.00
186.00, 52.00, 55.00, 1.00, 1.00
186.00, 61.00, 60.00, 1.00, 0.00
186.00, 73.00, 67.00, 0.50, 0.00
186.50, 71.00, 66.00, 0.50, 0.00
187.00, 45.00, 51.00, 1.00, 1.00
187.00, 52.00, 55.00, 1.00, 1.00
187.00, 61.00, 60.00, 1.00, 0.00
187.00, 69.00, 65.00, 1.00, 0.00
188.00, 45.00, 51.00, 1.00, 1.00
188.00, 52.00, 55.00, 1.00, 1.00
188.00, 61.00, 60.00, 1.00, 0.00
188.00, 66.00, 63.00, 1.00, 0.00
189.00, 45.00, 51.00, 1.00, 1.00
189.00, 52.00, 55.00, 1.00, 1.00
189.00, 62.00, 61.00, 0.33, 0.00
189.00, 64.00, 62.00, 3.00, 0.00
189.33, 62.00, 61.00, 0.33, 0.00
189.67, 62.00, 61.00, 0.33, 0.00
190.00, 45.00, 51.00, 1.00, 1.00
190.00, 62.00, 61.00, 1.00, 0.00
191.00, 45.00, 51.00, 1.00, 1.00
191.00, 52.00, 55.00, 1.00, 1.00
191.00, 61.00, 60.00, 0.50, 0.00
191.50, 59.00, 59.00, 0.50, 0.00
192.00, 45.00, 51.00, 1.00, 1.00
192.00, 52.00, 55.00, 1.00, 1.00
192.00, 59.00, 59.00, 1.00, 1.00
192.00, 62.00, 61.00, 1.00, 0.00
192.00, 64.00, 62.00, 0.50, 0.00
192.50, 66.00, 63.00, 0.50, 0.00
193.00, 45.00, 51.00, 1.00, 1.00
193.00, 52.00, 55.00, 1.00, 1.00
193.00, 59.00, 59.00, 1.00, 1.00
193.00, 62.00, 61.00, 1.00, 0.00
193.00, 64.00, 62.00, 1.00, 0.00
193.00, 68.00, 64.00, 1.00, 0.00
194.00, 45.00, 51.00, 1.00, 1.00
194.00, 52.00, 55.00, 1.00, 1.00
194.00, 59.00, 59.00, 1.00, 1.00
194.00, 62.00, 61.00, 1.00, 0.00
194.00, 64.00, 62.00, 1.00, 0.00
194.00, 69.00, 65.00, 1.00, 0.00
195.00, 45.00, 51.00, 1.00, 1.00
195.00, 52.00, 55.00, 1.00, 1.00
195.00, 59.00, 59.00, 1.00, 1.00
195.00, 62.00, 61.00, 1.00, 0.00
195.00, 64.00, 62.00, 1.00, 0.00
195.00, 68.00, 64.00, 1.00, 0.00
195.00, 71.00, 66.00, 0.50, 0.00
195.50, 73.00, 67.00, 0.50, 0.00
196.00, 45.00, 51.00, 1.00, 1.00
196.00, 52.00, 55.00, 1.00, 1.00
196.00, 59.00, 59.00, 1.00, 1.00
196.00, 62.00, 61.00, 1.00, 0.00
196.00, 64.00, 62.00, 1.00, 0.00
196.00, 68.00, 64.00, 1.00, 0.00
196.00, 74.00, 68.00, 1.00, 0.00
197.00, 45.00, 51.00, 1.00, 1.00
197.00, 52.00, 55.00, 1.00, 1.00
197.00, 59.00, 59.00, 1.00, 1.00
197.00, 62.00, 61.00, 1.00, 0.00
197.00, 64.00, 62.00, 1.00, 0.00
197.00, 68.00, 64.00, 1.00, 0.00
197.00, 75.00, 68.00, 1.00, 0.00
198.00, 45.00, 51.00, 1.00, 1.00
198.00, 52.00, 55.00, 1.00, 1.00
198.00, 59.00, 59.00, 1.00, 1.00
198.00, 62.00, 61.00, 1.00, 0.00
198.00, 64.00, 62.00, 1.00, 0.00
198.00, 68.00, 64.00, 1.00, 0.00
198.00, 76.00, 69.00, 0.50, 0.00
198.50, 74.00, 68.00, 0.50, 0.00
199.00, 45.00, 51.00, 1.00, 1.00
199.00, 52.00, 55.00, 1.00, 1.00
199.00, 59.00, 59.00, 1.00, 1.00
199.00, 62.00, 61.00, 1.00, 0.00
199.00, 64.00, 62.00, 1.00, 0.00
199.00, 68.00, 64.00, 1.00, 0.00
199.00, 71.00, 66.00, 1.00, 0.00
200.00, 45.00, 51.00, 1.00, 1.00
200.00, 52.00, 55.00, 1.00, 1.00
200.00, 59.00, 59.00, 1.00, 1.00
200.00, 62.00, 61.00, 1.00, 0.00
200.00, 64.00, 62.00, 1.00, 0.00
200.00, 68.00, 64.00, 1.00, 0.00
200.00, 73.00, 67.00, 1.00, 0.00
201.00, 45.00, 51.00, 0.50, 1.00
201.00, 52.00, 55.00, 0.50, 1.00
201.00, 57.00, 58.00, 0.50, 1.00
201.00, 61.00, 60.00, 0.50, 0.00
201.00, 69.00, 65.00, 0.50, 0.00
201.50, 73.00, 67.00, 0.50, 0.00
202.00, 40.00, 48.00, 2.00, 1.00
202.00, 52.00, 55.00, 2.00, 1.00
202.00, 59.00, 59.00, 1.00, 0.00
202.00, 64.00, 62.00, 1.00, 0.00
202.00, 68.00, 64.00, 1.00, 0.00
202.00, 71.00, 66.00, 2.00, 0.00
203.00, 62.00, 61.00, 1.00, 0.00
203.00, 66.00, 63.00, 1.00, 0.00
204.00, 45.00, 51.00, 1.00, 1.00
204.00, 52.00, 55.00, 1.00, 1.00
204.00, 61.00, 60.00, 1.00, 0.00
204.00, 64.00, 62.00, 1.00, 0.00
204.00, 73.00, 67.00, 0.50, 0.00
204.50, 71.00, 66.00, 0.50, 0.00
205.00, 45.00, 51.00, 1.00, 1.00
205.00, 52.00, 55.00, 1.00, 1.00
205.00, 61.00, 60.00, 1.00, 0.00
205.00, 69.00, 65.00, 1.00, 0.00
206.00, 45.00, 51.00, 1.00, 1.00
206.00, 52.00, 55.00, 1.00, 1.00
206.00, 61.00, 60.00, 1.00, 0.00
206.00, 66.00, 63.00, 1.00, 0.00
207.00, 45.00, 51.00, 1.00, 1.00
207.00, 52.00, 55.00, 1.00, 1.00
207.00, 62.00, 61.00, 0.50, 0.00
207.00, 64.00, 62.00, 3.00, 0.00
207.50, 62.00, 61.00, 0.50, 0.00
208.00, 45.00, 51.00, 1.00, 1.00
208.00, 52.00, 55.00, 1.00, 1.00
208.00, 62.00, 61.00, 1.00, 0.00
209.00, 45.00, 51.00, 1.00, 1.00
209.00, 52.00, 55.00, 1.00, 1.00
209.00, 61.00, 60.00, 0.50, 0.00
209.50, 59.00, 59.00, 0.50, 0.00
210.00, 45.00, 51.00, 1.00, 1.00
210.00, 52.00, 55.00, 1.00, 1.00
210.00, 61.00, 60.00, 1.00, 0.00
210.00, 73.00, 67.00, 0.50, 0.00
210.50, 71.00, 66.00, 0.50, 0.00
211.00, 45.00, 51.00, 1.00, 1.00
211.00, 52.00, 55.00, 1.00, 1.00
211.00, 61.00, 60.00, 1.00, 0.00
211.00, 69.00, 65.00, 1.00, 0.00
212.00, 45.00, 51.00, 1.00, 1.00
212.00, 52.00, 55.00, 1.00, 1.00
212.00, 61.00, 60.00, 1.00, 0.00
212.00, 66.00, 63.00, 1.00, 0.00
213.00, 45.00, 51.00, 1.00, 1.00
213.00, 52.00, 55.00, 1.00, 1.00
213.00, 62.00, 61.00, 0.33, 0.00
213.00, 64.00, 62.00, 3.00, 0.00
213.33, 62.00, 61.00, 0.33, 0.00
213.67, 62.00, 61.00, 0.33, 0.00
214.00, 45.00, 51.00, 1.00, 1.00
214.00, 52.00, 55.00, 1.00, 1.00
214.00, 62.00, 61.00, 1.00, 0.00
215.00, 45.00, 51.00, 1.00, 1.00
215.00, 52.00, 55.00, 1.00, 1.00
215.00, 61.00, 60.00, 0.50, 0.00
215.50, 59.00, 59.00, 0.50, 0.00
216.00, 45.00, 51.00, 1.00, 1.00
216.00, 52.00, 55.00, 1.00, 1.00
216.00, 59.00, 59.00, 1.00, 1.00
216.00, 62.00, 61.00, 1.00, 0.00
216.00, 64.00, 62.00, 0.50, 0.00
216.50, 66.00, 63.00, 0.50, 0.00
217.00, 45.00, 51.00, 1.00, 1.00
217.00, 52.00, 55.00, 1.00, 1.00
217.00, 59.00, 59.00, 1.00, 1.00
217.00, 62.00, 61.00, 1.00, 0.00
217.00, 64.00, 62.00, 1.00, 0.00
217.00, 68.00, 64.00, 1.00, 0.00
218.00, 45.00, 51.00, 1.00, 1.00
218.00, 52.00, 55.00, 1.00, 1.00
218.00, 59.00, 59.00, 1.00, 1.00
218.00, 62.00, 61.00, 1.00, 0.00
218.00, 64.00, 62.00, 1.00, 0.00
218.00, 69.00, 65.00, 1.00, 0.00
219.00, 45.00, 51.00, 1.00, 1.00
219.00, 52.00, 55.00, 1.00, 1.00
219.00, 59.00, 59.00, 1.00, 1.00
219.00, 62.00, 61.00, 1.00, 0.00
219.00, 64.00, 62.00, 1.00, 0.00
219.00, 68.00, 64.00, 1.00, 0.00
219.00, 71.00, 66.00, 0.50, 0.00
219.50, 72.00, 66.00, 0.50, 0.00
220.00, 45.00, 51.00, 1.00, 1.00
220.00, 52.00, 55.00, 1.00, 1.00
220.00, 57.00, 58.00, 1.00, 1.00
220.00, 61.00, 60.00, 1.00, 0.00
220.00, 69.00, 65.00, 1.00, 0.00
220.00, 73.00, 67.00, 1.50, 0.00
221.00, 45.00, 51.00, 1.00, 1.00
221.00, 52.00, 55.00, 1.00, 1.00
221.00, 57.00, 58.00, 1.00, 1.00
221.00, 61.00, 60.00, 0.50, 0.00
221.00, 69.00, 65.00, 0.50, 0.00
221.50, 66.00, 63.00, 0.50, 0.00
221.50, 78.00, 70.00, 0.50, 0.00
222.00, 45.00, 51.00, 1.00, 1.00
222.00, 52.00, 55.00, 1.00, 1.00
222.00, 59.00, 59.00, 1.00, 1.00
222.00, 64.00, 62.00, 1.00, 0.00
222.00, 68.00, 64.00, 1.00, 0.00
222.00, 76.00, 69.00, 0.50, 0.00
222.50, 71.00, 66.00, 0.50, 0.00
223.00, 45.00, 51.00, 1.00, 1.00
223.00, 52.00, 55.00, 1.00, 1.00
223.00, 61.00, 60.00, 1.00, 0.00
223.00, 69.00, 65.00, 1.00, 0.00
223.00, 73.00, 67.00, 1.50, 0.00
224.00, 45.00, 51.00, 1.00, 1.00
224.00, 52.00, 55.00, 1.00, 1.00
224.00, 61.00, 60.00, 0.50, 0.00
224.00, 69.00, 65.00, 0.50, 0.00
224.50, 66.00, 63.00, 0.50, 0.00
224.50, 78.00, 70.00, 0.50, 0.00
225.00, 45.00, 51.00, 1.00, 1.00
225.00, 52.00, 55.00, 1.00, 1.00
225.00, 59.00, 59.00, 1.00, 1.00
225.00, 62.00, 61.00, 1.00, 0.00
225.00, 64.00, 62.00, 1.00, 0.00
225.00, 68.00, 64.00, 1.00, 0.00
225.00, 76.00, 69.00, 0.50, 0.00
225.50, 75.00, 68.00, 0.50, 0.00
226.00, 45.00, 51.00, 1.00, 1.00
226.00, 52.00, 55.00, 1.00, 1.00
226.00, 59.00, 59.00, 1.00, 1.00
226.00, 62.00, 61.00, 1.00, 0.00
226.00, 64.00, 62.00, 1.00, 0.00
226.00, 68.00, 64.00, 1.00, 0.00
226.00, 74.00, 68.00, 1.50, 0.00
227.00, 45.00, 51.00, 1.00, 1.00
227.00, 52.00, 55.00, 1.00, 1.00
227.00, 59.00, 59.00, 1.00, 1.00
227.00, 62.00, 61.00, 1.00, 0.00
227.00, 64.00, 62.00, 1.00, 0.00
227.00, 68.00, 64.00, 1.00, 0.00
227.50, 72.00, 66.00, 0.50, 0.00
228.00, 45.00, 51.00, 1.00, 1.00
228.00, 52.00, 55.00, 1.00, 1.00
228.00, 61.00, 60.00, 1.00, 0.00
228.00, 69.00, 65.00, 1.00, 0.00
228.00, 73.00, 67.00, 0.50, 0.00
228.50, 71.00, 66.00, 0.50, 0.00
229.00, 45.00, 51.00, 1.00, 1.00
229.00, 52.00, 55.00, 1.00, 1.00
229.00, 61.00, 60.00, 1.00, 0.00
229.00, 69.00, 65.00, 1.00, 0.00
230.00, 45.00, 51.00, 1.00, 1.00
230.00, 52.00, 55.00, 1.00, 1.00
230.00, 61.00, 60.00, 1.00, 0.00
230.00, 66.00, 63.00, 1.00, 0.00
231.00, 45.00, 51.00, 1.00, 1.00
231.00, 52.00, 55.00, 1.00, 1.00
231.00, 62.00, 61.00, 0.50, 0.00
231.00, 64.00, 62.00, 3.00, 0.00
231.50, 62.00, 61.00, 0.50, 0.00
232.00, 45.00, 51.00, 1.00, 1.00
232.00, 52.00, 55.00, 1.00, 1.00
232.00, 62.00, 61.00, 1.00, 0.00
233.00, 45.00, 51.00, 1.00, 1.00
233.00, 52.00, 55.00, 1.00, 1.00
233.00, 61.00, 60.00, 0.50, 0.00
233.50, 59.00, 59.00, 0.50, 0.00
234.00, 45.00, 51.00, 1.00, 1.00
234.00, 52.00, 55.00, 1.00, 1.00
234.00, 61.00, 60.00, 1.00, 0.00
234.00, 73.00, 67.00, 0.50, 0.00
234.50, 71.00, 66.00, 0.50, 0.00
235.00, 45.00, 51.00, 1.00, 1.00
235.00, 52.00, 55.00, 1.00, 1.00
235.00, 61.00, 60.00, 1.00, 0.00
235.00, 69.00, 65.00, 1.00, 0.00
236.00, 45.00, 51.00, 1.00, 1.00
236.00, 52.00, 55.00, 1.00, 1.00
236.00, 61.00, 60.00, 1.00, 0.00
236.00, 66.00, 63.00, 1.00, 0.00
237.00, 45.00, 51.00, 1.00, 1.00
237.00, 52.00, 55.00, 1.00, 1.00
237.00, 62.00, 61.00, 0.33, 0.00
237.00, 64.00, 62.00, 3.00, 0.00
237.33, 62.00, 61.00, 0.33, 0.00
237.67, 62.00, 61.00, 0.33, 0.00
238.00, 45.00, 51.00, 1.00, 1.00
238.00, 52.00, 55.00, 1.00, 1.00
238.00, 62.00, 61.00, 1.00, 0.00
239.00, 45.00, 51.00, 1.00, 1.00
239.00, 52.00, 55.00, 1.00, 1.00
239.00, 61.00, 60.00, 0.50, 0.00
239.50, 59.00, 59.00, 0.50, 0.00
240.00, 45.00, 51.00, 1.00, 1.00
240.00, 52.00, 55.00, 1.00, 1.00
240.00, 59.00, 59.00, 1.00, 1.00
240.00, 62.00, 61.00, 1.00, 0.00
240.00, 64.00, 62.00, 0.50, 0.00
240.50, 66.00, 63.00, 0.50, 0.00
241.00, 45.00, 51.00, 1.00, 1.00
241.00, 52.00, 55.00, 1.00, 1.00
241.00, 59.00, 59.00, 1.00, 1.00
241.00, 62.00, 61.00, 1.00, 0.00
241.00, 64.00, 62.00, 1.00, 0.00
241.00, 68.00, 64.00, 1.00, 0.00
242.00, 45.00, 51.00, 1.00, 1.00
242.00, 52.00, 55.00, 1.00, 1.00
242.00, 59.00, 59.00, 1.00, 1.00
242.00, 62.00, 61.00, 1.00, 0.00
242.00, 64.00, 62.00, 1.00, 0.00
242.00, 69.00, 65.00, 1.00, 0.00
243.00, 45.00, 51.00, 1.00, 1.00
243.00, 52.00, 55.00, 1.00, 1.00
243.00, 59.00, 59.00, 1.00, 1.00
243.00, 62.00, 61.00, 1.00, 0.00
243.00, 64.00, 62.00, 1.00, 0.00
243.00, 68.00, 64.00, 1.00, 0.00
243.00, 71.00, 66.00, 0.50, 0.00
243.50, 73.00, 67.00, 0.50, 0.00
244.00, 45.00, 51.00, 1.00, 1.00
244.00, 52.00, 55.00, 1.00, 1.00
244.00, 59.00, 59.00, 1.00, 1.00
244.00, 62.00, 61.00, 1.00, 0.00
244.00, 64.00, 62.00, 1.00, 0.00
244.00, 68.00, 64.00, 1.00, 0.00
244.00, 74.00, 68.00, 1.00, 0.00
245.00, 45.00, 51.00, 1.00, 1.00
245.00, 52.00, 55.00, 1.00, 1.00
245.00, 59.00, 59.00, 1.00, 1.00
245.00, 62.00, 61.00, 1.00, 0.00
245.00, 64.00, 62.00, 1.00, 0.00
245.00, 68.00, 64.00, 1.00, 0.00
245.00, 75.00, 68.00, 1.00, 0.00
246.00, 45.00, 51.00, 1.00, 1.00
246.00, 52.00, 55.00, 1.00, 1.00
246.00, 59.00, 59.00, 1.00, 1.00
246.00, 62.00, 61.00, 1.00, 0.00
246.00, 64.00, 62.00, 1.00, 0.00
246.00, 68.00, 64.00, 1.00, 0.00
246.00, 76.00, 69.00, 0.50, 0.00
246.50, 74.00, 68.00, 0.50, 0.00
247.00, 45.00, 51.00, 1.00, 1.00
247.00, 52.00, 55.00, 1.00, 1.00
247.00, 59.00, 59.00, 1.00, 1.00
247.00, 62.00, 61.00, 1.00, 0.00
247.00, 64.00, 62.00, 1.00, 0.00
247.00, 68.00, 64.00, 1.00, 0.00
247.00, 71.00, 66.00, 1.00, 0.00
248.00, 45.00, 51.00, 1.00, 1.00
248.00, 52.00, 55.00, 1.00, 1.00
248.00, 59.00, 59.00, 1.00, 1.00
248.00, 62.00, 61.00, 1.00, 0.00
248.00, 64.00, 62.00, 1.00, 0.00
248.00, 68.00, 64.00, 1.00, 0.00
248.00, 73.00, 67.00, 0.50, 0.00
248.50, 71.00, 66.00, 0.50, 0.00
249.00, 45.00, 51.00, 0.50, 1.00
249.00, 52.00, 55.00, 0.50, 1.00
249.00, 57.00, 58.00, 0.50, 1.00
249.00, 61.00, 60.00, 0.50, 0.00
249.00, 69.00, 65.00, 0.50, 0.00
249.50, 73.00, 67.00, 0.50, 0.00
250.00, 40.00, 48.00, 2.00, 1.00
250.00, 52.00, 55.00, 2.00, 1.00
250.00, 59.00, 59.00, 1.50, 0.00
250.00, 64.00, 62.00, 1.50, 0.00
250.00, 68.00, 64.00, 1.50, 0.00
250.00, 71.00, 66.00, 2.00, 0.00
251.50, 62.00, 61.00, 0.50, 0.00
251.50, 66.00, 63.00, 0.50, 0.00
252.00, 45.00, 51.00, 1.00, 1.00
252.00, 52.00, 55.00, 1.00, 1.00
252.00, 61.00, 60.00, 1.00, 0.00
252.00, 64.00, 62.00, 1.00, 0.00
252.00, 73.00, 67.00, 0.50, 0.00
252.50, 71.00, 66.00, 0.50, 0.00
253.00, 45.00, 51.00, 1.00, 1.00
253.00, 52.00, 55.00, 1.00, 1.00
253.00, 61.00, 60.00, 1.00, 0.00
253.00, 69.00, 65.00, 1.00, 0.00
254.00, 45.00, 51.00, 1.00, 1.00
254.00, 52.00, 55.00, 1.00, 1.00
254.00, 61.00, 60.00, 1.00, 0.00
254.00, 66.00, 63.00, 1.00, 0.00
255.00, 45.00, 51.00, 1.00, 1.00
255.00, 52.00, 55.00, 1.00, 1.00
255.00, 62.00, 61.00, 0.50, 0.00
255.00, 64.00, 62.00, 3.00, 0.00
255.50, 62.00, 61.00, 0.50, 0.00
256.00, 45.00, 51.00, 1.00, 1.00
256.00, 52.00, 55.00, 1.00, 1.00
256.00, 62.00, 61.00, 1.00, 0.00
257.00, 45.00, 51.00, 1.00, 1.00
257.00, 52.00, 55.00, 1.00, 1.00
257.00, 61.00, 60.00, 0.50, 0.00
257.50, 59.00, 59.00, 0.50, 0.00
258.00, 45.00, 51.00, 1.00, 1.00
258.00, 52.00, 55.00, 1.00, 1.00
258.00, 61.00, 60.00, 1.00, 0.00
258.00, 73.00, 67.00, 0.50, 0.00
258.50, 71.00, 66.00, 0.50, 0.00
259.00, 45.00, 51.00, 1.00, 1.00
259.00, 52.00, 55.00, 1.00, 1.00
259.00, 61.00, 60.00, 1.00, 0.00
259.00, 69.00, 65.00, 1.00, 0.00
260.00, 45.00, 51.00, 1.00, 1.00
260.00, 52.00, 55.00, 1.00, 1.00
260.00, 61.00, 60.00, 1.00, 0.00
260.00, 66.00, 63.00, 1.00, 0.00
261.00, 45.00, 51.00, 1.00, 1.00
261.00, 52.00, 55.00, 1.00, 1.00
261.00, 62.00, 61.00, 0.33, 0.00
261.00, 64.00, 62.00, 3.00, 0.00
261.33, 62.00, 61.00, 0.33, 0.00
261.67, 62.00, 61.00, 0.33, 0.00
262.00, 45.00, 51.00, 1.00, 1.00
262.00, 52.00, 55.00, 1.00, 1.00
262.00, 62.00, 61.00, 1.00, 0.00
263.00, 45.00, 51.00, 1.00, 1.00
263.00, 52.00, 55.00, 1.00, 1.00
263.00, 61.00, 60.00, 0.50, 0.00
263.50, 59.00, 59.00, 0.50, 0.00
264.00, 45.00, 51.00, 1.00, 1.00
264.00, 52.00, 55.00, 1.00, 1.00
264.00, 59.00, 59.00, 1.00, 1.00
264.00, 62.00, 61.00, 1.00, 0.00
264.00, 64.00, 62.00, 0.50, 0.00
264.50, 66.00, 63.00, 0.50, 0.00
265.00, 45.00, 51.00, 1.00, 1.00
265.00, 52.00, 55.00, 1.00, 1.00
265.00, 59.00, 59.00, 1.00, 1.00
265.00, 62.00, 61.00, 1.00, 0.00
265.00, 64.00, 62.00, 1.00, 0.00
265.00, 68.00, 64.00, 1.00, 0.00
266.00, 45.00, 51.00, 1.00, 1.00
266.00, 52.00, 55.00, 1.00, 1.00
266.00, 59.00, 59.00, 1.00, 1.00
266.00, 62.00, 61.00, 1.00, 0.00
266.00, 64.00, 62.00, 1.00, 0.00
266.00, 69.00, 65.00, 1.00, 0.00
267.00, 45.00, 51.00, 1.00, 1.00
267.00, 52.00, 55.00, 1.00, 1.00
267.00, 59.00, 59.00, 1.00, 1.00
267.00, 62.00, 61.00, 1.00, 0.00
267.00, 64.00, 62.00, 1.00, 0.00
267.00, 68.00, 64.00, 1.00, 0.00
267.00, 71.00, 66.00, 0.50, 0.00
267.50, 73.00, 67.00, 0.50, 0.00
268.00, 45.00, 51.00, 1.00, 1.00
268.00, 52.00, 55.00, 1.00, 1.00
268.00, 59.00, 59.00, 1.00, 1.00
268.00, 62.00, 61.00, 1.00, 0.00
268.00, 64.00, 62.00, 1.00, 0.00
268.00, 68.00, 64.00, 1.00, 0.00
268.00, 74.00, 68.00, 1.00, 0.00
269.00, 45.00, 51.00, 1.00, 1.00
269.00, 52.00, 55.00, 1.00, 1.00
269.00, 59.00, 59.00, 1.00, 1.00
269.00, 62.00, 61.00, 1.00, 0.00
269.00, 64.00, 62.00, 1.00, 0.00
269.00, 68.00, 64.00, 1.00, 0.00
269.00, 76.00, 69.00, 1.00, 0.00
270.00, 45.00, 51.00, 0.50, 1.00
270.00, 52.00, 55.00, 0.50, 1.00
270.00, 59.00, 59.00, 0.50, 1.00
270.00, 62.00, 61.00, 0.50, 0.00
270.00, 68.00, 64.00, 0.50, 0.00
270.00, 77.00, 70.00, 0.50, 0.00
270.75, 64.00, 62.00, 0.25, 0.00
270.75, 76.00, 69.00, 0.25, 0.00
271.00, 65.00, 63.00, 1.50, 0.00
271.00, 77.00, 70.00, 1.50, 0.00
272.50, 64.00, 62.00, 0.50, 0.00
272.50, 76.00, 69.00, 0.50, 0.00
273.00, 65.00, 63.00, 0.75, 0.00
273.00, 77.00, 70.00, 0.75, 0.00
273.75, 64.00, 62.00, 0.25, 0.00
273.75, 76.00, 69.00, 0.25, 0.00
274.00, 65.00, 63.00, 11.00, 1.00
274.00, 77.00, 70.00, 1.50, 0.00
275.50, 71.00, 66.00, 1.25, 0.00
276.00, 57.00, 58.00, 1.00, 1.00
276.00, 62.00, 61.00, 1.00, 1.00
276.00, 65.00, 63.00, 3.00, 1.00
276.75, 72.00, 67.00, 0.25, 0.00
277.00, 57.00, 58.00, 1.00, 1.00
277.00, 62.00, 61.00, 1.00, 1.00
277.00, 74.00, 68.00, 1.00, 0.00
278.00, 57.00, 58.00, 1.00, 1.00
278.00, 62.00, 61.00, 1.00, 1.00
278.00, 69.00, 65.00, 1.00, 0.00
279.00, 57.00, 58.00, 1.00, 1.00
279.00, 60.00, 60.00, 1.00, 1.00
279.00, 65.00, 63.00, 3.00, 1.00
279.00, 72.00, 67.00, 2.00, 0.00
280.00, 57.00, 58.00, 1.00, 1.00
280.00, 60.00, 60.00, 1.00, 1.00
281.00, 57.00, 58.00, 1.00, 1.00
281.00, 60.00, 60.00, 1.00, 1.00
281.00, 71.00, 66.00, 0.50, 0.00
281.50, 72.00, 67.00, 0.50, 0.00
282.00, 55.00, 57.00, 1.00, 1.00
282.00, 60.00, 60.00, 1.00, 1.00
282.00, 74.00, 68.00, 0.50, 0.00
282.50, 73.00, 67.00, 0.50, 0.00
283.00, 55.00, 57.00, 1.00, 1.00
283.00, 59.00, 59.00, 1.00, 1.00
283.00, 74.00, 68.00, 0.33, 0.00
283.33, 76.00, 69.00, 0.33, 0.00
283.67, 77.00, 70.00, 0.33, 0.00
284.00, 55.00, 57.00, 1.00, 1.00
284.00, 59.00, 59.00, 1.00, 1.00
284.00, 79.00, 71.00, 0.50, 0.00
284.75, 74.00, 68.00, 0.25, 0.00
285.00, 55.00, 57.00, 1.00, 1.00
285.00, 59.00, 59.00, 1.00, 1.00
285.00, 64.00, 62.00, 1.00, 1.00
285.00, 76.00, 69.00, 3.00, 0.00
286.00, 55.00, 57.00, 1.00, 1.00
286.00, 59.00, 59.00, 1.00, 1.00
286.00, 64.00, 62.00, 1.00, 1.00
287.00, 55.00, 57.00, 1.00, 1.00
287.00, 59.00, 59.00, 1.00, 1.00
287.00, 64.00, 62.00, 1.00, 1.00
288.00, 54.00, 56.00, 1.00, 1.00
288.00, 58.00, 58.00, 1.00, 1.00
288.00, 64.00, 62.00, 1.00, 1.00
288.00, 78.00, 70.00, 1.00, 0.00
289.00, 54.00, 56.00, 1.00, 1.00
289.00, 58.00, 58.00, 1.00, 1.00
289.00, 63.00, 61.00, 1.00, 1.00
289.00, 75.00, 68.00, 2.00, 0.00
290.00, 54.00, 56.00, 1.00, 1.00
290.00, 58.00, 58.00, 1.00, 1.00
290.00, 63.00, 61.00, 1.00, 1.00
291.00, 53.00, 56.00, 1.00, 1.00
291.00, 57.00, 58.00, 1.00, 1.00
291.00, 63.00, 62.00, 1.00, 1.00
291.00, 77.00, 70.00, 1.00, 0.00
292.00, 53.00, 56.00, 1.00, 1.00
292.00, 57.00, 58.00, 1.00, 1.00
292.00, 62.00, 61.00, 1.00, 1.00
292.00, 74.00, 68.00, 2.00, 0.00
293.00, 53.00, 56.00, 1.00, 1.00
293.00, 57.00, 58.00, 1.00, 1.00
293.00, 62.00, 61.00, 1.00, 1.00
294.00, 52.00, 55.00, 1.00, 1.00
294.00, 56.00, 57.00, 1.00, 1.00
294.00, 62.00, 61.00, 1.00, 1.00
294.00, 76.00, 69.00, 0.25, 0.00
294.25, 71.00, 66.00, 2.75, 0.00
295.00, 52.00, 55.00, 1.00, 1.00
295.00, 56.00, 57.00, 1.00, 1.00
295.00, 62.00, 61.00, 1.00, 1.00
296.00, 52.00, 55.00, 1.00, 1.00
296.00, 56.00, 57.00, 1.00, 1.00
296.00, 62.00, 61.00, 1.00, 1.00
297.00, 52.00, 55.00, 1.00, 1.00
297.00, 57.00, 58.00, 1.00, 1.00
297.00, 62.00, 61.00, 1.00, 1.00
297.00, 72.00, 67.00, 0.25, 0.00
297.25, 68.00, 64.00, 2.50, 0.00
298.00, 52.00, 55.00, 1.00, 1.00
298.00, 59.00, 59.00, 1.00, 1.00
298.00, 62.00, 61.00, 1.00, 1.00
299.00, 52.00, 55.00, 1.00, 1.00
299.00, 59.00, 59.00, 1.00, 1.00
299.00, 62.00, 61.00, 1.00, 1.00
299.75, 71.00, 66.00, 0.25, 0.00
300.00, 45.00, 51.00, 1.00, 1.00
300.00, 71.00, 66.00, 0.33, 0.00
300.33, 72.00, 67.00, 0.33, 0.00
300.67, 71.00, 66.00, 0.33, 0.00
301.00, 57.00, 58.00, 1.00, 1.00
301.00, 62.00, 61.00, 1.00, 1.00
301.00, 65.00, 63.00, 1.00, 1.00
301.00, 69.00, 65.00, 0.33, 0.00
301.33, 71.00, 66.00, 0.33, 0.00
301.67, 72.00, 67.00, 0.33, 0.00
302.00, 57.00, 58.00, 1.00, 1.00
302.00, 62.00, 61.00, 1.00, 1.00
302.00, 65.00, 63.00, 1.00, 1.00
302.00, 76.00, 69.00, 0.50, 0.00
302.50, 74.00, 68.00, 0.17, 0.00
302.67, 69.00, 65.00, 0.33, 0.00
303.00, 57.00, 58.00, 1.00, 1.00
303.00, 60.00, 60.00, 1.00, 1.00
303.00, 65.00, 63.00, 1.00, 1.00
303.00, 72.00, 67.00, 2.00, 0.00
304.00, 57.00, 58.00, 1.00, 1.00
304.00, 60.00, 60.00, 1.00, 1.00
304.00, 65.00, 63.00, 1.00, 1.00
305.00, 56.00, 58.00, 1.00, 1.00
305.00, 60.00, 60.00, 1.00, 1.00
305.00, 65.00, 63.00, 1.00, 1.00
305.00, 71.00, 66.00, 0.33, 0.00
305.33, 72.00, 67.00, 0.33, 0.00
305.67, 73.00, 67.00, 0.33, 0.00
306.00, 55.00, 57.00, 1.00, 1.00
306.00, 60.00, 60.00, 1.00, 1.00
306.00, 65.00, 63.00, 1.00, 1.00
306.00, 74.00, 68.00, 0.33, 0.00
306.33, 84.00, 74.00, 0.33, 0.00
306.67, 83.00, 73.00, 0.33, 0.00
307.00, 55.00, 57.00, 1.00, 1.00
307.00, 59.00, 59.00, 1.00, 1.00
307.00, 65.00, 63.00, 1.00, 1.00
307.00, 72.00, 67.00, 0.33, 0.00
307.33, 71.00, 66.00, 0.33, 0.00
307.67, 81.00, 72.00, 0.33, 0.00
308.00, 55.00, 57.00, 1.00, 1.00
308.00, 59.00, 59.00, 1.00, 1.00
308.00, 65.00, 63.00, 1.00, 1.00
308.00, 79.00, 71.00, 0.33, 0.00
308.33, 69.00, 65.00, 0.33, 0.00
308.67, 67.00, 64.00, 0.33, 0.00
309.00, 55.00, 57.00, 1.00, 1.00
309.00, 59.00, 59.00, 1.00, 1.00
309.00, 64.00, 62.00, 1.00, 1.00
309.00, 76.00, 69.00, 3.00, 0.00
310.00, 55.00, 57.00, 1.00, 1.00
310.00, 59.00, 59.00, 1.00, 1.00
310.00, 64.00, 62.00, 1.00, 1.00
311.00, 55.00, 57.00, 1.00, 1.00
311.00, 59.00, 59.00, 1.00, 1.00
311.00, 64.00, 62.00, 1.00, 1.00
312.00, 54.00, 56.00, 1.00, 1.00
312.00, 58.00, 58.00, 1.00, 1.00
312.00, 64.00, 62.00, 1.00, 1.00
313.00, 54.00, 56.00, 1.00, 1.00
313.00, 58.00, 58.00, 1.00, 1.00
313.00, 63.00, 61.00, 1.00, 1.00
313.00, 75.00, 68.00, 2.00, 0.00
314.00, 54.00, 56.00, 1.00, 1.00
314.00, 58.00, 58.00, 1.00, 1.00
314.00, 63.00, 61.00, 1.00, 1.00
315.00, 53.00, 56.00, 1.00, 1.00
315.00, 57.00, 58.00, 1.00, 1.00
315.00, 63.00, 62.00, 1.00, 1.00
315.00, 76.00, 69.00, 0.17, 0.00
315.17, 77.00, 70.00, 0.17, 0.00
315.33, 80.00, 72.00, 0.17, 0.00
315.50, 79.00, 71.00, 0.17, 0.00
315.67, 78.00, 70.00, 0.17, 0.00
315.83, 77.00, 70.00, 0.17, 0.00
316.00, 53.00, 56.00, 1.00, 1.00
316.00, 57.00, 58.00, 1.00, 1.00
316.00, 62.00, 61.00, 1.00, 1.00
316.00, 74.00, 68.00, 2.00, 0.00
317.00, 53.00, 56.00, 1.00, 1.00
317.00, 57.00, 58.00, 1.00, 1.00
317.00, 62.00, 61.00, 1.00, 1.00
318.00, 40.00, 48.00, 1.00, 1.00
318.00, 84.00, 74.00, 0.50, 0.00
318.00, 88.00, 76.00, 0.50, 0.00
318.75, 83.00, 73.00, 0.25, 0.00
318.75, 88.00, 76.00, 0.25, 0.00
319.00, 52.00, 55.00, 1.00, 1.00
319.00, 59.00, 59.00, 1.00, 1.00
319.00, 62.00, 61.00, 1.00, 1.00
319.00, 80.00, 71.00, 0.50, 0.00
319.00, 88.00, 76.00, 0.50, 0.00
320.00, 52.00, 55.00, 1.00, 1.00
320.00, 59.00, 59.00, 1.00, 1.00
320.00, 62.00, 61.00, 1.00, 1.00
320.00, 68.00, 64.00, 1.00, 0.00
321.00, 45.00, 51.00, 3.00, 1.00
321.00, 69.00, 65.00, 2.00, 0.00
322.00, 52.00, 55.00, 1.00, 1.00
322.00, 60.00, 60.00, 1.00, 1.00
323.00, 52.00, 55.00, 1.00, 1.00
323.00, 60.00, 60.00, 1.00, 1.00
323.00, 76.00, 69.00, 1.50, 0.00
324.00, 45.00, 51.00, 3.00, 1.00
324.75, 75.00, 68.00, 0.25, 0.00
325.00, 54.00, 56.00, 1.00, 1.00
325.00, 60.00, 60.00, 1.00, 1.00
325.00, 69.00, 65.00, 0.50, 0.00
326.00, 54.00, 56.00, 1.00, 1.00
326.00, 60.00, 60.00, 1.00, 1.00
326.00, 63.00, 61.00, 1.00, 0.00
327.00, 45.00, 51.00, 3.00, 1.00
327.00, 69.00, 65.00, 3.00, 0.00
327.00, 75.00, 68.00, 3.50, 0.00
328.00, 53.00, 56.00, 1.00, 1.00
328.00, 60.00, 60.00, 1.00, 1.00
329.00, 53.00, 56.00, 1.00, 1.00
329.00, 60.00, 60.00, 1.00, 1.00
330.00, 45.00, 51.00, 3.00, 1.00
330.75, 74.00, 68.00, 0.25, 0.00
331.00, 53.00, 56.00, 1.00, 1.00
331.00, 59.00, 59.00, 1.00, 1.00
331.00, 68.00, 64.00, 0.50, 0.00
332.00, 53.00, 56.00, 1.00, 1.00
332.00, 59.00, 59.00, 1.00, 1.00
332.00, 62.00, 61.00, 1.00, 0.00
333.00, 45.00, 51.00, 3.00, 1.00
333.00, 68.00, 64.00, 3.00, 0.00
333.00, 74.00, 68.00, 3.50, 0.00
334.00, 53.00, 56.00, 1.00, 1.00
334.00, 58.00, 59.00, 1.00, 1.00
335.00, 53.00, 56.00, 1.00, 1.00
335.00, 58.00, 59.00, 1.00, 1.00
336.00, 45.00, 51.00, 3.00, 1.00
336.75, 73.00, 67.00, 0.25, 0.00
337.00, 52.00, 55.00, 1.00, 1.00
337.00, 58.00, 59.00, 1.00, 1.00
337.00, 67.00, 64.00, 0.50, 0.00
338.00, 52.00, 55.00, 1.00, 1.00
338.00, 58.00, 59.00, 1.00, 1.00
338.00, 61.00, 60.00, 1.00, 0.00
339.00, 45.00, 51.00, 3.00, 1.00
339.00, 66.00, 63.00, 3.00, 0.00
339.00, 72.00, 67.00, 3.00, 0.00
340.00, 51.00, 55.00, 1.00, 1.00
340.00, 57.00, 58.00, 1.00, 1.00
341.00, 51.00, 55.00, 1.00, 1.00
341.00, 57.00, 58.00, 1.00, 1.00
342.00, 45.00, 51.00, 3.00, 1.00
342.00, 65.00, 63.00, 1.00, 0.00
342.00, 71.00, 66.00, 0.50, 0.00
342.50, 72.00, 67.00, 0.50, 0.00
343.00, 50.00, 54.00, 1.00, 1.00
343.00, 57.00, 58.00, 1.00, 1.00
343.00, 65.00, 63.00, 1.00, 0.00
343.00, 74.00, 68.00, 1.00, 0.00
344.00, 50.00, 54.00, 1.00, 1.00
344.00, 57.00, 58.00, 1.00, 1.00
344.00, 65.00, 63.00, 1.00, 0.00
344.00, 69.00, 65.00, 1.00, 0.00
345.00, 45.00, 51.00, 3.00, 1.00
345.00, 64.00, 62.00, 2.00, 0.00
345.00, 72.00, 67.00, 2.00, 0.00
346.00, 52.00, 55.00, 1.00, 1.00
346.00, 60.00, 60.00, 1.00, 1.00
347.00, 52.00, 55.00, 1.00, 1.00
347.00, 60.00, 60.00, 1.00, 1.00
347.00, 76.00, 69.00, 1.50, 0.00
348.00, 45.00, 51.00, 3.00, 1.00
348.75, 75.00, 68.00, 0.25, 0.00
349.00, 54.00, 56.00, 1.00, 1.00
349.00, 60.00, 60.00, 1.00, 1.00
349.00, 69.00, 65.00, 0.50, 0.00
350.00, 54.00, 56.00, 1.00, 1.00
350.00, 60.00, 60.00, 1.00, 1.00
350.00, 63.00, 61.00, 1.00, 0.00
351.00, 45.00, 51.00, 3.00, 1.00
351.00, 69.00, 65.00, 3.00, 0.00
351.00, 75.00, 68.00, 3.50, 0.00
352.00, 53.00, 56.00, 1.00, 1.00
352.00, 60.00, 60.00, 1.00, 1.00
353.00, 53.00, 56.00, 1.00, 1.00
353.00, 60.00, 60.00, 1.00, 1.00
354.00, 45.00, 51.00, 3.00, 1.00
354.75, 74.00, 68.00, 0.25, 0.00
355.00, 53.00, 56.00, 1.00, 1.00
355.00, 59.00, 59.00, 1.00, 1.00
355.00, 68.00, 64.00, 0.50, 0.00
356.00, 53.00, 56.00, 1.00, 1.00
356.00, 59.00, 59.00, 1.00, 1.00
356.00, 62.00, 61.00, 1.00, 0.00
357.00, 45.00, 51.00, 3.00, 1.00
357.00, 68.00, 64.00, 3.00, 0.00
357.00, 74.00, 68.00, 3.50, 0.00
358.00, 53.00, 56.00, 1.00, 1.00
358.00, 58.00, 59.00, 1.00, 1.00
359.00, 53.00, 56.00, 1.00, 1.00
359.00, 58.00, 59.00, 1.00, 1.00
360.00, 45.00, 51.00, 3.00, 1.00
360.75, 73.00, 67.00, 0.25, 0.00
361.00, 52.00, 55.00, 1.00, 1.00
361.00, 58.00, 59.00, 1.00, 1.00
361.00, 67.00, 64.00, 0.50, 0.00
362.00, 52.00, 55.00, 1.00, 1.00
362.00, 58.00, 59.00, 1.00, 1.00
362.00, 61.00, 60.00, 1.00, 0.00
363.00, 45.00, 51.00, 3.00, 1.00
363.00, 66.00, 63.00, 3.00, 0.00
363.00, 72.00, 67.00, 3.00, 0.00
364.00, 51.00, 55.00, 1.00, 1.00
364.00, 57.00, 58.00, 1.00, 1.00
365.00, 51.00, 55.00, 1.00, 1.00
365.00, 57.00, 58.00, 1.00, 1.00
366.00, 45.00, 51.00, 3.00, 1.00
366.00, 65.00, 63.00, 1.00, 0.00
366.00, 71.00, 66.00, 0.50, 0.00
366.50, 72.00, 67.00, 0.50, 0.00
367.00, 50.00, 54.00, 1.00, 1.00
367.00, 57.00, 58.00, 1.00, 1.00
367.00, 65.00, 63.00, 1.00, 0.00
367.00, 74.00, 68.00, 1.00, 0.00
368.00, 50.00, 54.00, 1.00, 1.00
368.00, 57.00, 58.00, 1.00, 1.00
368.00, 65.00, 63.00, 1.00, 0.00
368.00, 69.00, 65.00, 1.00, 0.00
369.00, 45.00, 51.00, 3.00, 1.00
369.00, 64.00, 62.00, 3.00, 0.00
369.00, 72.00, 67.00, 3.00, 0.00
370.00, 52.00, 55.00, 1.00, 1.00
370.00, 60.00, 60.00, 1.00, 1.00
371.00, 52.00, 55.00, 1.00, 1.00
371.00, 60.00, 60.00, 1.00, 1.00
372.00, 45.00, 51.00, 2.00, 1.00
373.00, 52.00, 55.00, 1.00, 1.00
373.00, 60.00, 60.00, 1.00, 1.00
374.00, 69.00, 65.00, 1.00, 0.00
375.00, 72.00, 67.00, 2.00, 0.00
376.00, 52.00, 55.00, 1.00, 1.00
376.00, 60.00, 60.00, 1.00, 1.00
377.00, 45.00, 51.00, 1.00, 1.00
378.00, 52.00, 55.00, 1.00, 1.00
378.00, 60.00, 60.00, 1.00, 1.00
379.00, 45.00, 51.00, 1.00, 1.00
380.00, 72.00, 67.00, 1.00, 0.00
381.00, 69.00, 65.00, 9.00, 0.00
385.00, 57.00, 58.00, 1.00, 1.00
385.00, 59.00, 59.00, 1.00, 1.00
385.00, 65.00, 63.00, 1.00, 1.00
386.00, 57.00, 58.00, 1.00, 1.00
386.00, 60.00, 60.00, 1.00, 1.00
386.00, 65.00, 63.00, 1.00, 1.00
387.00, 57.00, 58.00, 1.00, 1.00
387.00, 62.00, 61.00, 1.00, 1.00
387.00, 65.00, 63.00, 1.00, 1.00
388.00, 57.00, 58.00, 1.00, 1.00
388.00, 59.00, 59.00, 1.00, 1.00
388.00, 65.00, 63.00, 1.00, 1.00
389.00, 57.00, 58.00, 1.00, 1.00
389.00, 60.00, 60.00, 1.00, 1.00
389.00, 65.00, 63.00, 1.00, 1.00
390.00, 57.00, 58.00, 1.00, 1.00
390.00, 62.00, 61.00, 1.00, 1.00
390.00, 65.00, 63.00, 1.00, 1.00
391.00, 57.00, 58.00, 1.00, 1.00
391.00, 59.00, 59.00, 1.00, 1.00
391.00, 65.00, 63.00, 1.00, 1.00
392.00, 57.00, 58.00, 1.00, 1.00
392.00, 60.00, 60.00, 1.00, 1.00
392.00, 65.00, 63.00, 1.00, 1.00
393.00, 62.00, 61.00, 0.33, 0.00
393.33, 64.00, 62.00, 0.33, 0.00
393.67, 62.00, 61.00, 0.33, 0.00
394.00, 57.00, 58.00, 2.00, 1.00
394.00, 60.00, 60.00, 2.00, 1.00
394.00, 65.00, 63.00, 2.00, 1.00
