ontime, MNN, MPN, duration, channel
-1.00, 69.00, 65.00, 1.50, 0.00
0.00, 38.00, 47.00, 1.00, 1.00
0.75, 66.00, 63.00, 0.25, 0.00
1.00, 50.00, 54.00, 1.00, 1.00
1.00, 57.00, 58.00, 1.00, 1.00
1.00, 60.00, 60.00, 1.00, 1.00
1.00, 62.00, 61.00, 1.00, 0.00
2.00, 50.00, 54.00, 1.00, 1.00
2.00, 57.00, 58.00, 1.00, 1.00
2.00, 60.00, 60.00, 1.00, 1.00
2.00, 62.00, 61.00, 1.00, 1.00
2.00, 66.00, 63.00, 1.00, 0.00
3.00, 43.00, 50.00, 1.00, 1.00
3.00, 67.00, 64.00, 2.00, 0.00
4.00, 55.00, 57.00, 1.00, 1.00
4.00, 58.00, 59.00, 1.00, 1.00
4.00, 62.00, 61.00, 1.00, 1.00
5.00, 55.00, 57.00, 1.00, 1.00
5.00, 58.00, 59.00, 1.00, 1.00
5.00, 62.00, 61.00, 1.00, 1.00
5.00, 69.00, 65.00, 0.50, 0.00
5.50, 70.00, 66.00, 0.50, 0.00
6.00, 72.00, 67.00, 0.50, 0.00
6.75, 74.00, 68.00, 0.25, 0.00
7.00, 55.00, 57.00, 1.00, 1.00
7.00, 60.00, 60.00, 1.00, 1.00
7.00, 63.00, 62.00, 1.00, 1.00
7.00, 67.00, 64.00, 1.00, 1.00
7.00, 75.00, 69.00, 1.00, 0.00
8.00, 55.00, 57.00, 1.00, 1.00
8.00, 60.00, 60.00, 1.00, 1.00
8.00, 63.00, 62.00, 1.00, 1.00
8.00, 69.00, 65.00, 1.00, 1.00
8.00, 78.00, 70.00, 1.00, 0.00
9.00, 70.00, 66.00, 3.00, 0.00
9.00, 79.00, 71.00, 0.50, 0.00
9.50, 74.00, 68.00, 1.50, 0.00
10.00, 55.00, 57.00, 1.00, 1.00
10.00, 62.00, 61.00, 1.00, 1.00
11.00, 55.00, 57.00, 1.00, 1.00
11.00, 62.00, 61.00, 1.00, 1.00
12.00, 38.00, 47.00, 1.00, 1.00
12.00, 69.00, 65.00, 0.50, 0.00
12.75, 66.00, 63.00, 0.25, 0.00
13.00, 50.00, 54.00, 1.00, 1.00
13.00, 57.00, 58.00, 1.00, 1.00
13.00, 60.00, 60.00, 1.00, 1.00
13.00, 62.00, 61.00, 1.00, 0.00
14.00, 50.00, 54.00, 1.00, 1.00
14.00, 57.00, 58.00, 1.00, 1.00
14.00, 60.00, 60.00, 1.00, 1.00
14.00, 62.00, 61.00, 1.00, 1.00
14.00, 66.00, 63.00, 1.00, 0.00
15.00, 43.00, 50.00, 1.00, 1.00
15.00, 67.00, 64.00, 2.00, 0.00
16.00, 55.00, 57.00, 1.00, 1.00
16.00, 58.00, 59.00, 1.00, 1.00
16.00, 62.00, 61.00, 1.00, 1.00
17.00, 55.00, 57.00, 1.00, 1.00
17.00, 58.00, 59.00, 1.00, 1.00
17.00, 62.00, 61.00, 1.00, 1.00
17.00, 74.00, 68.00, 0.75, 0.00
17.75, 73.00, 67.00, 0.25, 0.00
18.00, 70.00, 66.00, 0.50, 0.00
18.75, 69.00, 65.00, 0.25, 0.00
19.00, 50.00, 54.00, 1.00, 1.00
19.00, 55.00, 57.00, 1.00, 1.00
19.00, 58.00, 59.00, 1.00, 1.00
19.00, 64.00, 62.00, 1.00, 1.00
19.00, 67.00, 64.00, 1.00, 0.00
20.00, 50.00, 54.00, 1.00, 1.00
20.00, 57.00, 58.00, 1.00, 1.00
20.00, 61.00, 60.00, 1.00, 1.00
20.00, 66.00, 63.00, 1.00, 0.00
21.00, 62.00, 61.00, 2.00, 0.00
22.00, 50.00, 54.00, 1.00, 1.00
22.00, 57.00, 58.00, 1.00, 1.00
23.00, 50.00, 54.00, 1.00, 1.00
23.00, 57.00, 58.00, 1.00, 1.00
23.00, 69.00, 65.00, 1.50, 0.00
24.00, 38.00, 47.00, 1.00, 1.00
24.50, 66.00, 63.00, 0.50, 0.00
25.00, 50.00, 54.00, 1.00, 1.00
25.00, 57.00, 58.00, 1.00, 1.00
25.00, 60.00, 60.00, 1.00, 1.00
25.00, 62.00, 61.00, 1.00, 0.00
26.00, 50.00, 54.00, 1.00, 1.00
26.00, 57.00, 58.00, 1.00, 1.00
26.00, 60.00, 60.00, 1.00, 1.00
26.00, 62.00, 61.00, 1.00, 1.00
26.00, 66.00, 63.00, 1.00, 0.00
26.00, 70.00, 66.00, 0.75, 0.00
26.75, 69.00, 65.00, 0.25, 0.00
27.00, 43.00, 50.00, 1.00, 1.00
27.00, 67.00, 64.00, 2.00, 0.00
28.00, 55.00, 57.00, 1.00, 1.00
28.00, 58.00, 59.00, 1.00, 1.00
28.00, 62.00, 61.00, 1.00, 1.00
29.00, 55.00, 57.00, 1.00, 1.00
29.00, 58.00, 59.00, 1.00, 1.00
29.00, 62.00, 61.00, 1.00, 1.00
29.00, 69.00, 65.00, 0.50, 0.00
29.50, 70.00, 66.00, 0.50, 0.00
30.00, 72.00, 67.00, 0.50, 0.00
30.75, 74.00, 68.00, 0.25, 0.00
31.00, 55.00, 57.00, 1.00, 1.00
31.00, 60.00, 60.00, 1.00, 1.00
31.00, 63.00, 62.00, 1.00, 1.00
31.00, 67.00, 64.00, 1.00, 1.00
31.00, 75.00, 69.00, 1.00, 0.00
32.00, 55.00, 57.00, 1.00, 1.00
32.00, 60.00, 60.00, 1.00, 1.00
32.00, 63.00, 62.00, 1.00, 1.00
32.00, 69.00, 65.00, 1.00, 1.00
32.00, 78.00, 70.00, 1.00, 0.00
33.00, 70.00, 66.00, 3.00, 0.00
33.00, 79.00, 71.00, 0.50, 0.00
33.50, 74.00, 68.00, 1.50, 0.00
34.00, 55.00, 57.00, 1.00, 1.00
34.00, 62.00, 61.00, 1.00, 1.00
35.00, 55.00, 57.00, 1.00, 1.00
35.00, 62.00, 61.00, 1.00, 1.00
36.00, 38.00, 47.00, 1.00, 1.00
36.00, 69.00, 65.00, 0.50, 0.00
36.75, 66.00, 63.00, 0.25, 0.00
37.00, 50.00, 54.00, 1.00, 1.00
37.00, 57.00, 58.00, 1.00, 1.00
37.00, 60.00, 60.00, 1.00, 1.00
37.00, 62.00, 61.00, 1.00, 0.00
38.00, 50.00, 54.00, 1.00, 1.00
38.00, 57.00, 58.00, 1.00, 1.00
38.00, 60.00, 60.00, 1.00, 1.00
38.00, 62.00, 61.00, 1.00, 1.00
38.00, 66.00, 63.00, 1.00, 0.00
39.00, 43.00, 50.00, 1.00, 1.00
39.00, 67.00, 64.00, 2.00, 0.00
40.00, 55.00, 57.00, 1.00, 1.00
40.00, 58.00, 59.00, 1.00, 1.00
40.00, 62.00, 61.00, 1.00, 1.00
41.00, 55.00, 57.00, 1.00, 1.00
41.00, 58.00, 59.00, 1.00, 1.00
41.00, 62.00, 61.00, 1.00, 1.00
41.00, 74.00, 68.00, 0.75, 0.00
41.75, 73.00, 67.00, 0.25, 0.00
42.00, 70.00, 66.00, 0.50, 0.00
42.50, 69.00, 65.00, 0.50, 0.00
43.00, 50.00, 54.00, 1.00, 1.00
43.00, 55.00, 57.00, 1.00, 1.00
43.00, 58.00, 59.00, 1.00, 1.00
43.00, 64.00, 62.00, 1.00, 1.00
43.00, 67.00, 64.00, 1.00, 0.00
44.00, 50.00, 54.00, 1.00, 1.00
44.00, 57.00, 58.00, 1.00, 1.00
44.00, 61.00, 60.00, 1.00, 1.00
44.00, 66.00, 63.00, 1.00, 0.00
45.00, 62.00, 61.00, 3.00, 0.00
46.00, 50.00, 54.00, 1.00, 1.00
46.00, 57.00, 58.00, 1.00, 1.00
47.00, 50.00, 54.00, 1.00, 1.00
47.00, 57.00, 58.00, 1.00, 1.00
48.00, 41.00, 49.00, 1.00, 1.00
48.00, 65.00, 63.00, 1.00, 0.00
49.00, 53.00, 56.00, 1.00, 1.00
49.00, 58.00, 59.00, 1.00, 1.00
49.00, 63.00, 62.00, 1.00, 1.00
49.00, 67.00, 64.00, 0.33, 0.00
49.33, 69.00, 65.00, 0.33, 0.00
49.67, 67.00, 64.00, 0.33, 0.00
50.00, 53.00, 56.00, 1.00, 1.00
50.00, 57.00, 58.00, 1.00, 1.00
50.00, 63.00, 62.00, 1.00, 1.00
50.00, 65.00, 63.00, 1.00, 0.00
51.00, 53.00, 56.00, 1.00, 1.00
51.00, 58.00, 59.00, 1.00, 1.00
51.00, 63.00, 62.00, 1.00, 1.00
51.00, 67.00, 64.00, 0.33, 0.00
51.33, 69.00, 65.00, 0.33, 0.00
51.67, 67.00, 64.00, 0.33, 0.00
52.00, 53.00, 56.00, 1.00, 1.00
52.00, 57.00, 58.00, 1.00, 1.00
52.00, 63.00, 62.00, 1.00, 1.00
52.00, 65.00, 63.00, 1.00, 0.00
53.00, 79.00, 71.00, 1.00, 0.00
54.00, 41.00, 49.00, 1.00, 1.00
54.00, 77.00, 70.00, 0.33, 0.00
54.33, 79.00, 71.00, 0.33, 0.00
54.67, 77.00, 70.00, 0.33, 0.00
55.00, 60.00, 60.00, 1.00, 1.00
55.00, 63.00, 62.00, 1.00, 1.00
55.00, 69.00, 65.00, 1.00, 1.00
55.00, 76.00, 69.00, 1.50, 0.00
56.00, 60.00, 60.00, 1.00, 1.00
56.00, 63.00, 62.00, 1.00, 1.00
56.00, 69.00, 65.00, 1.00, 1.00
56.50, 75.00, 69.00, 0.50, 0.00
57.00, 46.00, 52.00, 1.00, 1.00
57.00, 75.00, 69.00, 0.33, 0.00
57.33, 77.00, 70.00, 0.33, 0.00
57.67, 75.00, 69.00, 0.33, 0.00
58.00, 53.00, 56.00, 1.00, 1.00
58.00, 58.00, 59.00, 1.00, 1.00
58.00, 62.00, 61.00, 1.00, 1.00
58.00, 70.00, 66.00, 1.00, 1.00
58.00, 74.00, 68.00, 2.00, 0.00
60.00, 41.00, 49.00, 1.00, 1.00
60.00, 65.00, 63.00, 1.00, 0.00
61.00, 53.00, 56.00, 1.00, 1.00
61.00, 63.00, 62.00, 1.00, 1.00
61.00, 67.00, 64.00, 0.33, 0.00
61.33, 69.00, 65.00, 0.33, 0.00
61.67, 67.00, 64.00, 0.33, 0.00
62.00, 53.00, 56.00, 1.00, 1.00
62.00, 57.00, 58.00, 1.00, 1.00
62.00, 63.00, 62.00, 1.00, 1.00
62.00, 65.00, 63.00, 1.00, 0.00
63.00, 53.00, 56.00, 1.00, 1.00
63.00, 58.00, 59.00, 1.00, 1.00
63.00, 63.00, 62.00, 1.00, 1.00
63.00, 67.00, 64.00, 0.33, 0.00
63.33, 69.00, 65.00, 0.33, 0.00
63.67, 67.00, 64.00, 0.33, 0.00
64.00, 53.00, 56.00, 1.00, 1.00
64.00, 57.00, 58.00, 1.00, 1.00
64.00, 63.00, 62.00, 1.00, 1.00
64.00, 65.00, 63.00, 1.00, 0.00
65.00, 53.00, 56.00, 1.00, 1.00
65.00, 57.00, 58.00, 1.00, 1.00
65.00, 67.00, 64.00, 1.00, 1.00
65.00, 75.00, 69.00, 1.00, 0.00
66.00, 53.00, 56.00, 1.00, 1.00
66.00, 57.00, 58.00, 1.00, 1.00
66.00, 65.00, 63.00, 1.00, 1.00
66.00, 74.00, 68.00, 0.33, 0.00
66.33, 75.00, 69.00, 0.33, 0.00
66.67, 74.00, 68.00, 0.33, 0.00
67.00, 53.00, 56.00, 1.00, 1.00
67.00, 57.00, 58.00, 1.00, 1.00
67.00, 64.00, 62.00, 1.00, 1.00
67.00, 73.00, 67.00, 1.50, 0.00
68.00, 53.00, 56.00, 1.00, 1.00
68.00, 57.00, 58.00, 1.00, 1.00
68.00, 63.00, 62.00, 1.00, 1.00
68.50, 72.00, 67.00, 0.50, 0.00
69.00, 46.00, 52.00, 1.00, 1.00
69.00, 72.00, 67.00, 0.33, 0.00
69.33, 74.00, 68.00, 0.33, 0.00
69.67, 72.00, 67.00, 0.33, 0.00
70.00, 53.00, 56.00, 1.00, 1.00
70.00, 58.00, 59.00, 1.00, 1.00
70.00, 62.00, 61.00, 1.00, 1.00
70.00, 70.00, 66.00, 1.00, 0.00
71.00, 53.00, 56.00, 1.00, 1.00
71.00, 58.00, 59.00, 1.00, 1.00
71.00, 62.00, 61.00, 1.00, 1.00
71.00, 69.00, 65.00, 0.50, 0.00
71.50, 67.00, 64.00, 0.50, 0.00
72.00, 41.00, 49.00, 1.00, 1.00
72.00, 65.00, 63.00, 1.00, 0.00
73.00, 53.00, 56.00, 1.00, 1.00
73.00, 58.00, 59.00, 1.00, 1.00
73.00, 63.00, 62.00, 1.00, 1.00
73.00, 67.00, 64.00, 0.33, 0.00
73.33, 69.00, 65.00, 0.33, 0.00
73.67, 67.00, 64.00, 0.33, 0.00
74.00, 53.00, 56.00, 1.00, 1.00
74.00, 57.00, 58.00, 1.00, 1.00
74.00, 63.00, 62.00, 1.00, 1.00
74.00, 65.00, 63.00, 1.00, 0.00
75.00, 53.00, 56.00, 1.00, 1.00
75.00, 58.00, 59.00, 1.00, 1.00
75.00, 63.00, 62.00, 1.00, 1.00
75.00, 67.00, 64.00, 0.33, 0.00
75.33, 69.00, 65.00, 0.33, 0.00
75.67, 67.00, 64.00, 0.33, 0.00
76.00, 53.00, 56.00, 1.00, 1.00
76.00, 57.00, 58.00, 1.00, 1.00
76.00, 63.00, 62.00, 1.00, 1.00
76.00, 65.00, 63.00, 1.00, 0.00
77.00, 53.00, 56.00, 1.00, 1.00
77.00, 57.00, 58.00, 1.00, 1.00
77.00, 63.00, 62.00, 1.00, 1.00
77.00, 79.00, 71.00, 1.00, 0.00
78.00, 41.00, 49.00, 1.00, 1.00
78.00, 77.00, 70.00, 0.33, 0.00
78.33, 79.00, 71.00, 0.33, 0.00
78.67, 77.00, 70.00, 0.33, 0.00
79.00, 60.00, 60.00, 1.00, 1.00
79.00, 63.00, 62.00, 1.00, 1.00
79.00, 69.00, 65.00, 1.00, 1.00
79.00, 76.00, 69.00, 1.50, 0.00
80.00, 60.00, 60.00, 1.00, 1.00
80.00, 63.00, 62.00, 1.00, 1.00
80.00, 69.00, 65.00, 1.00, 1.00
80.50, 75.00, 69.00, 0.50, 0.00
81.00, 46.00, 52.00, 1.00, 1.00
81.00, 75.00, 69.00, 0.33, 0.00
81.33, 77.00, 70.00, 0.33, 0.00
81.67, 75.00, 69.00, 0.33, 0.00
82.00, 53.00, 56.00, 1.00, 1.00
82.00, 58.00, 59.00, 1.00, 1.00
82.00, 62.00, 61.00, 1.00, 1.00
82.00, 70.00, 66.00, 1.00, 1.00
82.00, 74.00, 68.00, 2.00, 0.00
84.00, 41.00, 49.00, 1.00, 1.00
84.00, 65.00, 63.00, 1.00, 0.00
85.00, 53.00, 56.00, 1.00, 1.00
85.00, 58.00, 59.00, 1.00, 1.00
85.00, 63.00, 62.00, 1.00, 1.00
85.00, 67.00, 64.00, 0.33, 0.00
85.33, 69.00, 65.00, 0.33, 0.00
85.67, 67.00, 64.00, 0.33, 0.00
86.00, 53.00, 56.00, 1.00, 1.00
86.00, 57.00, 58.00, 1.00, 1.00
86.00, 63.00, 62.00, 1.00, 1.00
86.00, 65.00, 63.00, 1.00, 0.00
87.00, 53.00, 56.00, 1.00, 1.00
87.00, 58.00, 59.00, 1.00, 1.00
87.00, 63.00, 62.00, 1.00, 1.00
87.00, 67.00, 64.00, 0.33, 0.00
87.33, 69.00, 65.00, 0.33, 0.00
87.67, 67.00, 64.00, 0.33, 0.00
88.00, 53.00, 56.00, 1.00, 1.00
88.00, 57.00, 58.00, 1.00, 1.00
88.00, 63.00, 62.00, 1.00, 1.00
88.00, 65.00, 63.00, 1.00, 0.00
89.00, 53.00, 56.00, 1.00, 1.00
89.00, 57.00, 58.00, 1.00, 1.00
89.00, 67.00, 64.00, 1.00, 1.00
89.00, 75.00, 69.00, 1.00, 0.00
90.00, 53.00, 56.00, 1.00, 1.00
90.00, 57.00, 58.00, 1.00, 1.00
90.00, 65.00, 63.00, 1.00, 1.00
90.00, 74.00, 68.00, 0.33, 0.00
90.33, 75.00, 69.00, 0.33, 0.00
90.67, 74.00, 68.00, 0.33, 0.00
91.00, 53.00, 56.00, 1.00, 1.00
91.00, 57.00, 58.00, 1.00, 1.00
91.00, 64.00, 62.00, 1.00, 1.00
91.00, 73.00, 67.00, 1.50, 0.00
92.00, 53.00, 56.00, 1.00, 1.00
92.00, 57.00, 58.00, 1.00, 1.00
92.00, 63.00, 62.00, 1.00, 1.00
92.50, 72.00, 67.00, 0.50, 0.00
93.00, 46.00, 52.00, 1.00, 1.00
93.00, 72.00, 67.00, 0.33, 0.00
93.33, 74.00, 68.00, 0.33, 0.00
93.67, 72.00, 67.00, 0.33, 0.00
94.00, 54.00, 56.00, 1.00, 1.00
94.00, 62.00, 61.00, 1.00, 1.00
94.00, 71.00, 66.00, 1.50, 0.00
95.00, 55.00, 57.00, 1.00, 1.00
95.00, 62.00, 61.00, 1.00, 1.00
95.50, 70.00, 66.00, 0.50, 0.00
96.00, 38.00, 47.00, 1.00, 1.00
96.00, 69.00, 65.00, 0.50, 0.00
96.75, 66.00, 63.00, 0.25, 0.00
97.00, 50.00, 54.00, 1.00, 1.00
97.00, 57.00, 58.00, 1.00, 1.00
97.00, 60.00, 60.00, 1.00, 1.00
97.00, 62.00, 61.00, 1.00, 0.00
98.00, 50.00, 54.00, 1.00, 1.00
98.00, 57.00, 58.00, 1.00, 1.00
98.00, 60.00, 60.00, 1.00, 1.00
98.00, 62.00, 61.00, 1.00, 1.00
98.00, 66.00, 63.00, 1.00, 0.00
99.00, 43.00, 50.00, 1.00, 1.00
99.00, 67.00, 64.00, 2.00, 0.00
100.00, 55.00, 57.00, 1.00, 1.00
100.00, 58.00, 59.00, 1.00, 1.00
100.00, 62.00, 61.00, 1.00, 1.00
101.00, 55.00, 57.00, 1.00, 1.00
101.00, 58.00, 59.00, 1.00, 1.00
101.00, 62.00, 61.00, 1.00, 1.00
101.00, 69.00, 65.00, 0.50, 0.00
101.50, 70.00, 66.00, 0.50, 0.00
102.00, 72.00, 67.00, 0.50, 0.00
102.75, 74.00, 68.00, 0.25, 0.00
103.00, 55.00, 57.00, 1.00, 1.00
103.00, 60.00, 60.00, 1.00, 1.00
103.00, 63.00, 62.00, 1.00, 1.00
103.00, 67.00, 64.00, 1.00, 1.00
103.00, 75.00, 69.00, 1.00, 0.00
104.00, 55.00, 57.00, 1.00, 1.00
104.00, 60.00, 60.00, 1.00, 1.00
104.00, 63.00, 62.00, 1.00, 1.00
104.00, 69.00, 65.00, 1.00, 1.00
104.00, 78.00, 70.00, 1.00, 0.00
105.00, 70.00, 66.00, 3.00, 0.00
105.00, 79.00, 71.00, 0.50, 0.00
105.50, 74.00, 68.00, 1.50, 0.00
106.00, 55.00, 57.00, 1.00, 1.00
106.00, 62.00, 61.00, 1.00, 1.00
107.00, 55.00, 57.00, 1.00, 1.00
107.00, 62.00, 61.00, 1.00, 1.00
108.00, 38.00, 47.00, 1.00, 1.00
108.00, 69.00, 65.00, 0.50, 0.00
108.75, 66.00, 63.00, 0.25, 0.00
109.00, 50.00, 54.00, 1.00, 1.00
109.00, 57.00, 58.00, 1.00, 1.00
109.00, 60.00, 60.00, 1.00, 1.00
109.00, 62.00, 61.00, 1.00, 0.00
110.00, 50.00, 54.00, 1.00, 1.00
110.00, 57.00, 58.00, 1.00, 1.00
110.00, 60.00, 60.00, 1.00, 1.00
110.00, 62.00, 61.00, 1.00, 1.00
110.00, 66.00, 63.00, 1.00, 0.00
111.00, 43.00, 50.00, 1.00, 1.00
111.00, 67.00, 64.00, 2.00, 0.00
112.00, 55.00, 57.00, 1.00, 1.00
112.00, 58.00, 59.00, 1.00, 1.00
112.00, 62.00, 61.00, 1.00, 1.00
113.00, 55.00, 57.00, 1.00, 1.00
113.00, 58.00, 59.00, 1.00, 1.00
113.00, 62.00, 61.00, 1.00, 1.00
113.00, 74.00, 68.00, 0.75, 0.00
113.75, 73.00, 67.00, 0.25, 0.00
114.00, 70.00, 66.00, 0.50, 0.00
114.75, 69.00, 65.00, 0.25, 0.00
115.00, 50.00, 54.00, 1.00, 1.00
115.00, 55.00, 57.00, 1.00, 1.00
115.00, 58.00, 59.00, 1.00, 1.00
115.00, 64.00, 62.00, 1.00, 1.00
115.00, 67.00, 64.00, 1.00, 0.00
116.00, 50.00, 54.00, 1.00, 1.00
116.00, 57.00, 58.00, 1.00, 1.00
116.00, 61.00, 60.00, 1.00, 1.00
116.00, 66.00, 63.00, 1.00, 0.00
117.00, 62.00, 61.00, 2.00, 0.00
118.00, 50.00, 54.00, 1.00, 1.00
118.00, 57.00, 58.00, 1.00, 1.00
119.00, 50.00, 54.00, 1.00, 1.00
119.00, 57.00, 58.00, 1.00, 1.00
119.00, 69.00, 65.00, 1.50, 0.00
120.00, 38.00, 47.00, 1.00, 1.00
120.50, 66.00, 63.00, 0.50, 0.00
121.00, 50.00, 54.00, 1.00, 1.00
121.00, 57.00, 58.00, 1.00, 1.00
121.00, 60.00, 60.00, 1.00, 1.00
121.00, 62.00, 61.00, 1.00, 0.00
122.00, 50.00, 54.00, 1.00, 1.00
122.00, 57.00, 58.00, 1.00, 1.00
122.00, 60.00, 60.00, 1.00, 1.00
122.00, 62.00, 61.00, 1.00, 1.00
122.00, 66.00, 63.00, 1.00, 0.00
122.00, 70.00, 66.00, 0.75, 0.00
122.75, 69.00, 65.00, 0.25, 0.00
123.00, 43.00, 50.00, 1.00, 1.00
123.00, 67.00, 64.00, 2.00, 0.00
124.00, 55.00, 57.00, 1.00, 1.00
124.00, 58.00, 59.00, 1.00, 1.00
124.00, 62.00, 61.00, 1.00, 1.00
125.00, 55.00, 57.00, 1.00, 1.00
125.00, 58.00, 59.00, 1.00, 1.00
125.00, 62.00, 61.00, 1.00, 1.00
125.00, 69.00, 65.00, 0.50, 0.00
125.50, 70.00, 66.00, 0.50, 0.00
126.00, 72.00, 67.00, 0.50, 0.00
126.75, 74.00, 68.00, 0.25, 0.00
127.00, 55.00, 57.00, 1.00, 1.00
127.00, 60.00, 60.00, 1.00, 1.00
127.00, 63.00, 62.00, 1.00, 1.00
127.00, 67.00, 64.00, 1.00, 1.00
127.00, 75.00, 69.00, 1.00, 0.00
128.00, 55.00, 57.00, 1.00, 1.00
128.00, 60.00, 60.00, 1.00, 1.00
128.00, 63.00, 62.00, 1.00, 1.00
128.00, 69.00, 65.00, 1.00, 1.00
128.00, 78.00, 70.00, 1.00, 0.00
129.00, 70.00, 66.00, 3.00, 0.00
129.00, 79.00, 71.00, 0.50, 0.00
129.50, 74.00, 68.00, 1.50, 0.00
130.00, 55.00, 57.00, 1.00, 1.00
130.00, 62.00, 61.00, 1.00, 1.00
131.00, 55.00, 57.00, 1.00, 1.00
131.00, 62.00, 61.00, 1.00, 1.00
132.00, 38.00, 47.00, 1.00, 1.00
132.00, 69.00, 65.00, 0.50, 0.00
132.75, 66.00, 63.00, 0.25, 0.00
133.00, 50.00, 54.00, 1.00, 1.00
133.00, 57.00, 58.00, 1.00, 1.00
133.00, 60.00, 60.00, 1.00, 1.00
133.00, 62.00, 61.00, 1.00, 0.00
134.00, 50.00, 54.00, 1.00, 1.00
134.00, 57.00, 58.00, 1.00, 1.00
134.00, 60.00, 60.00, 1.00, 1.00
134.00, 62.00, 61.00, 1.00, 1.00
134.00, 66.00, 63.00, 1.00, 0.00
135.00, 43.00, 50.00, 1.00, 1.00
135.00, 67.00, 64.00, 2.00, 0.00
136.00, 55.00, 57.00, 1.00, 1.00
136.00, 58.00, 59.00, 1.00, 1.00
136.00, 62.00, 61.00, 1.00, 1.00
137.00, 55.00, 57.00, 1.00, 1.00
137.00, 58.00, 59.00, 1.00, 1.00
137.00, 62.00, 61.00, 1.00, 1.00
137.00, 74.00, 68.00, 0.75, 0.00
137.75, 73.00, 67.00, 0.25, 0.00
138.00, 70.00, 66.00, 0.50, 0.00
138.50, 69.00, 65.00, 0.50, 0.00
139.00, 50.00, 54.00, 1.00, 1.00
139.00, 55.00, 57.00, 1.00, 1.00
139.00, 58.00, 59.00, 1.00, 1.00
139.00, 64.00, 62.00, 1.00, 1.00
139.00, 67.00, 64.00, 1.00, 0.00
140.00, 50.00, 54.00, 1.00, 1.00
140.00, 57.00, 58.00, 1.00, 1.00
140.00, 61.00, 60.00, 1.00, 1.00
140.00, 66.00, 63.00, 1.00, 0.00
141.00, 62.00, 61.00, 3.00, 0.00
142.00, 50.00, 54.00, 1.00, 1.00
142.00, 57.00, 58.00, 1.00, 1.00
143.00, 50.00, 54.00, 1.00, 1.00
143.00, 57.00, 58.00, 1.00, 1.00
144.00, 41.00, 49.00, 1.00, 1.00
144.00, 65.00, 63.00, 1.00, 0.00
145.00, 53.00, 56.00, 1.00, 1.00
145.00, 58.00, 59.00, 1.00, 1.00
145.00, 63.00, 62.00, 1.00, 1.00
145.00, 67.00, 64.00, 0.33, 0.00
145.33, 69.00, 65.00, 0.33, 0.00
145.67, 67.00, 64.00, 0.33, 0.00
146.00, 53.00, 56.00, 1.00, 1.00
146.00, 57.00, 58.00, 1.00, 1.00
146.00, 63.00, 62.00, 1.00, 1.00
146.00, 65.00, 63.00, 1.00, 0.00
147.00, 53.00, 56.00, 1.00, 1.00
147.00, 58.00, 59.00, 1.00, 1.00
147.00, 63.00, 62.00, 1.00, 1.00
147.00, 67.00, 64.00, 0.33, 0.00
147.33, 69.00, 65.00, 0.33, 0.00
147.67, 67.00, 64.00, 0.33, 0.00
148.00, 53.00, 56.00, 1.00, 1.00
148.00, 57.00, 58.00, 1.00, 1.00
148.00, 63.00, 62.00, 1.00, 1.00
148.00, 65.00, 63.00, 1.00, 0.00
149.00, 79.00, 71.00, 1.00, 0.00
150.00, 41.00, 49.00, 1.00, 1.00
150.00, 77.00, 70.00, 0.33, 0.00
150.33, 79.00, 71.00, 0.33, 0.00
150.67, 77.00, 70.00, 0.33, 0.00
151.00, 60.00, 60.00, 1.00, 1.00
151.00, 63.00, 62.00, 1.00, 1.00
151.00, 69.00, 65.00, 1.00, 1.00
151.00, 76.00, 69.00, 1.50, 0.00
152.00, 60.00, 60.00, 1.00, 1.00
152.00, 63.00, 62.00, 1.00, 1.00
152.00, 69.00, 65.00, 1.00, 1.00
152.50, 75.00, 69.00, 0.50, 0.00
153.00, 46.00, 52.00, 1.00, 1.00
153.00, 75.00, 69.00, 0.33, 0.00
153.33, 77.00, 70.00, 0.33, 0.00
153.67, 75.00, 69.00, 0.33, 0.00
154.00, 53.00, 56.00, 1.00, 1.00
154.00, 58.00, 59.00, 1.00, 1.00
154.00, 62.00, 61.00, 1.00, 1.00
154.00, 70.00, 66.00, 1.00, 1.00
154.00, 74.00, 68.00, 2.00, 0.00
156.00, 41.00, 49.00, 1.00, 1.00
156.00, 65.00, 63.00, 1.00, 0.00
157.00, 53.00, 56.00, 1.00, 1.00
157.00, 63.00, 62.00, 1.00, 1.00
157.00, 67.00, 64.00, 0.33, 0.00
157.33, 69.00, 65.00, 0.33, 0.00
157.67, 67.00, 64.00, 0.33, 0.00
158.00, 53.00, 56.00, 1.00, 1.00
158.00, 57.00, 58.00, 1.00, 1.00
158.00, 63.00, 62.00, 1.00, 1.00
158.00, 65.00, 63.00, 1.00, 0.00
159.00, 53.00, 56.00, 1.00, 1.00
159.00, 58.00, 59.00, 1.00, 1.00
159.00, 63.00, 62.00, 1.00, 1.00
159.00, 67.00, 64.00, 0.33, 0.00
159.33, 69.00, 65.00, 0.33, 0.00
159.67, 67.00, 64.00, 0.33, 0.00
160.00, 53.00, 56.00, 1.00, 1.00
160.00, 57.00, 58.00, 1.00, 1.00
160.00, 63.00, 62.00, 1.00, 1.00
160.00, 65.00, 63.00, 1.00, 0.00
161.00, 53.00, 56.00, 1.00, 1.00
161.00, 57.00, 58.00, 1.00, 1.00
161.00, 67.00, 64.00, 1.00, 1.00
161.00, 75.00, 69.00, 1.00, 0.00
162.00, 53.00, 56.00, 1.00, 1.00
162.00, 57.00, 58.00, 1.00, 1.00
162.00, 65.00, 63.00, 1.00, 1.00
162.00, 74.00, 68.00, 0.33, 0.00
162.33, 75.00, 69.00, 0.33, 0.00
162.67, 74.00, 68.00, 0.33, 0.00
163.00, 53.00, 56.00, 1.00, 1.00
163.00, 57.00, 58.00, 1.00, 1.00
163.00, 64.00, 62.00, 1.00, 1.00
163.00, 73.00, 67.00, 1.50, 0.00
164.00, 53.00, 56.00, 1.00, 1.00
164.00, 57.00, 58.00, 1.00, 1.00
164.00, 63.00, 62.00, 1.00, 1.00
164.50, 72.00, 67.00, 0.50, 0.00
165.00, 46.00, 52.00, 1.00, 1.00
165.00, 72.00, 67.00, 0.33, 0.00
165.33, 74.00, 68.00, 0.33, 0.00
165.67, 72.00, 67.00, 0.33, 0.00
166.00, 53.00, 56.00, 1.00, 1.00
166.00, 58.00, 59.00, 1.00, 1.00
166.00, 62.00, 61.00, 1.00, 1.00
166.00, 70.00, 66.00, 1.00, 0.00
167.00, 53.00, 56.00, 1.00, 1.00
167.00, 58.00, 59.00, 1.00, 1.00
167.00, 62.00, 61.00, 1.00, 1.00
167.00, 69.00, 65.00, 0.50, 0.00
167.50, 67.00, 64.00, 0.50, 0.00
168.00, 41.00, 49.00, 1.00, 1.00
168.00, 65.00, 63.00, 1.00, 0.00
169.00, 53.00, 56.00, 1.00, 1.00
169.00, 58.00, 59.00, 1.00, 1.00
169.00, 63.00, 62.00, 1.00, 1.00
169.00, 67.00, 64.00, 0.33, 0.00
169.33, 69.00, 65.00, 0.33, 0.00
169.67, 67.00, 64.00, 0.33, 0.00
170.00, 53.00, 56.00, 1.00, 1.00
170.00, 57.00, 58.00, 1.00, 1.00
170.00, 63.00, 62.00, 1.00, 1.00
170.00, 65.00, 63.00, 1.00, 0.00
171.00, 53.00, 56.00, 1.00, 1.00
171.00, 58.00, 59.00, 1.00, 1.00
171.00, 63.00, 62.00, 1.00, 1.00
171.00, 67.00, 64.00, 0.33, 0.00
171.33, 69.00, 65.00, 0.33, 0.00
171.67, 67.00, 64.00, 0.33, 0.00
172.00, 53.00, 56.00, 1.00, 1.00
172.00, 57.00, 58.00, 1.00, 1.00
172.00, 63.00, 62.00, 1.00, 1.00
172.00, 65.00, 63.00, 1.00, 0.00
173.00, 53.00, 56.00, 1.00, 1.00
173.00, 57.00, 58.00, 1.00, 1.00
173.00, 63.00, 62.00, 1.00, 1.00
173.00, 79.00, 71.00, 1.00, 0.00
174.00, 41.00, 49.00, 1.00, 1.00
174.00, 77.00, 70.00, 0.33, 0.00
174.33, 79.00, 71.00, 0.33, 0.00
174.67, 77.00, 70.00, 0.33, 0.00
175.00, 60.00, 60.00, 1.00, 1.00
175.00, 63.00, 62.00, 1.00, 1.00
175.00, 69.00, 65.00, 1.00, 1.00
175.00, 76.00, 69.00, 1.50, 0.00
176.00, 60.00, 60.00, 1.00, 1.00
176.00, 63.00, 62.00, 1.00, 1.00
176.00, 69.00, 65.00, 1.00, 1.00
176.50, 75.00, 69.00, 0.50, 0.00
177.00, 46.00, 52.00, 1.00, 1.00
177.00, 75.00, 69.00, 0.33, 0.00
177.33, 77.00, 70.00, 0.33, 0.00
177.67, 75.00, 69.00, 0.33, 0.00
178.00, 53.00, 56.00, 1.00, 1.00
178.00, 58.00, 59.00, 1.00, 1.00
178.00, 62.00, 61.00, 1.00, 1.00
178.00, 70.00, 66.00, 1.00, 1.00
178.00, 74.00, 68.00, 2.00, 0.00
180.00, 41.00, 49.00, 1.00, 1.00
180.00, 65.00, 63.00, 1.00, 0.00
181.00, 53.00, 56.00, 1.00, 1.00
181.00, 58.00, 59.00, 1.00, 1.00
181.00, 63.00, 62.00, 1.00, 1.00
181.00, 67.00, 64.00, 0.33, 0.00
181.33, 69.00, 65.00, 0.33, 0.00
181.67, 67.00, 64.00, 0.33, 0.00
182.00, 53.00, 56.00, 1.00, 1.00
182.00, 57.00, 58.00, 1.00, 1.00
182.00, 63.00, 62.00, 1.00, 1.00
182.00, 65.00, 63.00, 1.00, 0.00
183.00, 53.00, 56.00, 1.00, 1.00
183.00, 58.00, 59.00, 1.00, 1.00
183.00, 63.00, 62.00, 1.00, 1.00
183.00, 67.00, 64.00, 0.33, 0.00
183.33, 69.00, 65.00, 0.33, 0.00
183.67, 67.00, 64.00, 0.33, 0.00
184.00, 53.00, 56.00, 1.00, 1.00
184.00, 57.00, 58.00, 1.00, 1.00
184.00, 63.00, 62.00, 1.00, 1.00
184.00, 65.00, 63.00, 1.00, 0.00
185.00, 53.00, 56.00, 1.00, 1.00
185.00, 57.00, 58.00, 1.00, 1.00
185.00, 67.00, 64.00, 1.00, 1.00
185.00, 75.00, 69.00, 1.00, 0.00
186.00, 53.00, 56.00, 1.00, 1.00
186.00, 57.00, 58.00, 1.00, 1.00
186.00, 65.00, 63.00, 1.00, 1.00
186.00, 74.00, 68.00, 0.33, 0.00
186.33, 75.00, 69.00, 0.33, 0.00
186.67, 74.00, 68.00, 0.33, 0.00
187.00, 53.00, 56.00, 1.00, 1.00
187.00, 57.00, 58.00, 1.00, 1.00
187.00, 64.00, 62.00, 1.00, 1.00
187.00, 73.00, 67.00, 1.50, 0.00
188.00, 53.00, 56.00, 1.00, 1.00
188.00, 57.00, 58.00, 1.00, 1.00
188.00, 63.00, 62.00, 1.00, 1.00
188.50, 72.00, 67.00, 0.50, 0.00
189.00, 46.00, 52.00, 1.00, 1.00
189.00, 72.00, 67.00, 0.33, 0.00
189.33, 74.00, 68.00, 0.33, 0.00
189.67, 72.00, 67.00, 0.33, 0.00
190.00, 53.00, 56.00, 1.00, 1.00
190.00, 62.00, 61.00, 1.00, 1.00
190.00, 70.00, 66.00, 1.50, 0.00
191.00, 53.00, 56.00, 1.00, 1.00
191.00, 62.00, 61.00, 1.00, 1.00
191.50, 71.00, 66.00, 0.50, 0.00
192.00, 34.00, 45.00, 1.00, 1.00
192.00, 68.00, 65.00, 0.50, 0.00
192.00, 72.00, 67.00, 0.50, 0.00
192.75, 67.00, 64.00, 0.25, 0.00
192.75, 70.00, 66.00, 0.25, 0.00
193.00, 53.00, 56.00, 1.00, 1.00
193.00, 58.00, 59.00, 1.00, 1.00
193.00, 62.00, 61.00, 1.00, 1.00
193.00, 65.00, 63.00, 1.50, 0.00
193.00, 68.00, 65.00, 1.50, 0.00
194.00, 53.00, 56.00, 1.00, 1.00
194.00, 58.00, 59.00, 1.00, 1.00
194.00, 62.00, 61.00, 1.00, 1.00
194.50, 68.00, 65.00, 0.50, 0.00
194.50, 72.00, 67.00, 0.50, 0.00
195.00, 39.00, 48.00, 1.00, 1.00
195.00, 68.00, 65.00, 0.50, 0.00
195.00, 72.00, 67.00, 0.50, 0.00
195.75, 67.00, 64.00, 0.25, 0.00
195.75, 70.00, 66.00, 0.25, 0.00
196.00, 55.00, 57.00, 1.00, 1.00
196.00, 58.00, 59.00, 1.00, 1.00
196.00, 63.00, 62.00, 1.50, 0.00
196.00, 67.00, 64.00, 1.50, 0.00
197.00, 55.00, 57.00, 1.00, 1.00
197.00, 58.00, 59.00, 1.00, 1.00
197.00, 63.00, 62.00, 1.00, 1.00
197.50, 68.00, 65.00, 0.50, 0.00
197.50, 72.00, 67.00, 0.50, 0.00
198.00, 46.00, 52.00, 1.00, 1.00
198.00, 68.00, 65.00, 0.50, 0.00
198.00, 72.00, 67.00, 0.50, 0.00
198.75, 67.00, 64.00, 0.25, 0.00
198.75, 70.00, 66.00, 0.25, 0.00
199.00, 53.00, 56.00, 1.00, 1.00
199.00, 58.00, 59.00, 1.00, 1.00
199.00, 62.00, 61.00, 1.00, 1.00
199.00, 65.00, 63.00, 1.50, 0.00
199.00, 68.00, 65.00, 1.50, 0.00
200.00, 53.00, 56.00, 1.00, 1.00
200.00, 58.00, 59.00, 1.00, 1.00
200.00, 62.00, 61.00, 1.00, 1.00
200.50, 68.00, 65.00, 0.50, 0.00
200.50, 72.00, 67.00, 0.50, 0.00
201.00, 39.00, 48.00, 1.00, 1.00
201.00, 68.00, 65.00, 0.50, 0.00
201.00, 72.00, 67.00, 0.50, 0.00
201.75, 67.00, 64.00, 0.25, 0.00
201.75, 70.00, 66.00, 0.25, 0.00
202.00, 51.00, 55.00, 1.00, 1.00
202.00, 58.00, 59.00, 1.00, 1.00
202.00, 63.00, 62.00, 1.00, 1.00
202.00, 67.00, 64.00, 1.00, 0.00
202.00, 75.00, 69.00, 1.00, 0.00
203.00, 51.00, 55.00, 1.00, 1.00
203.00, 59.00, 59.00, 1.00, 1.00
203.00, 63.00, 62.00, 1.00, 1.00
203.00, 67.00, 64.00, 1.00, 0.00
203.00, 79.00, 71.00, 1.00, 0.00
204.00, 51.00, 55.00, 1.00, 1.00
204.00, 60.00, 60.00, 1.00, 1.00
204.00, 63.00, 62.00, 1.00, 1.00
204.00, 68.00, 65.00, 1.00, 0.00
204.00, 77.00, 70.00, 0.75, 0.00
204.75, 75.00, 69.00, 0.25, 0.00
205.00, 51.00, 55.00, 1.00, 1.00
205.00, 60.00, 60.00, 1.00, 1.00
205.00, 63.00, 62.00, 1.00, 1.00
205.00, 68.00, 65.00, 1.00, 0.00
205.00, 72.00, 67.00, 1.00, 0.00
206.00, 51.00, 55.00, 1.00, 1.00
206.00, 58.00, 59.00, 1.00, 1.00
206.00, 63.00, 62.00, 1.00, 1.00
206.00, 67.00, 64.00, 1.00, 0.00
206.00, 75.00, 69.00, 1.00, 0.00
207.00, 51.00, 55.00, 0.50, 1.00
207.00, 60.00, 60.00, 0.50, 1.00
207.00, 63.00, 62.00, 0.50, 1.00
207.00, 68.00, 65.00, 0.50, 0.00
207.00, 77.00, 70.00, 0.50, 0.00
207.75, 75.00, 69.00, 0.25, 0.00
208.00, 51.00, 55.00, 1.00, 1.00
208.00, 60.00, 60.00, 1.00, 1.00
208.00, 63.00, 62.00, 1.00, 1.00
208.00, 68.00, 65.00, 1.00, 0.00
208.00, 72.00, 67.00, 1.00, 0.00
209.00, 51.00, 55.00, 1.00, 1.00
209.00, 58.00, 59.00, 1.00, 1.00
209.00, 63.00, 62.00, 1.00, 1.00
209.00, 67.00, 64.00, 1.00, 0.00
209.00, 75.00, 69.00, 1.00, 0.00
210.00, 51.00, 55.00, 1.00, 1.00
210.00, 58.00, 59.00, 1.00, 1.00
210.00, 62.00, 61.00, 1.00, 1.00
210.00, 68.00, 65.00, 0.75, 0.00
210.00, 72.00, 67.00, 0.75, 0.00
210.75, 67.00, 64.00, 0.25, 0.00
210.75, 70.00, 66.00, 0.25, 0.00
211.00, 51.00, 55.00, 1.00, 1.00
211.00, 58.00, 59.00, 1.00, 1.00
211.00, 62.00, 61.00, 1.00, 1.00
211.00, 65.00, 63.00, 1.50, 0.00
211.00, 68.00, 65.00, 1.50, 0.00
212.00, 51.00, 55.00, 1.00, 1.00
212.00, 58.00, 59.00, 1.00, 1.00
212.00, 62.00, 61.00, 1.00, 1.00
212.50, 68.00, 65.00, 0.50, 0.00
212.50, 72.00, 67.00, 0.50, 0.00
213.00, 39.00, 48.00, 1.00, 1.00
213.00, 68.00, 65.00, 0.75, 0.00
213.00, 72.00, 67.00, 0.75, 0.00
213.75, 67.00, 64.00, 0.25, 0.00
213.75, 70.00, 66.00, 0.25, 0.00
214.00, 55.00, 57.00, 1.00, 1.00
214.00, 58.00, 59.00, 1.00, 1.00
214.00, 63.00, 62.00, 2.00, 0.00
214.00, 67.00, 64.00, 2.00, 0.00
215.00, 55.00, 57.00, 1.00, 1.00
215.00, 58.00, 59.00, 1.00, 1.00
216.00, 46.00, 52.00, 1.00, 1.00
216.00, 68.00, 65.00, 0.50, 0.00
216.00, 72.00, 67.00, 0.50, 0.00
216.75, 67.00, 64.00, 0.25, 0.00
216.75, 70.00, 66.00, 0.25, 0.00
217.00, 53.00, 56.00, 1.00, 1.00
217.00, 58.00, 59.00, 1.00, 1.00
217.00, 62.00, 61.00, 1.00, 1.00
217.00, 65.00, 63.00, 1.50, 0.00
217.00, 68.00, 65.00, 1.50, 0.00
218.00, 53.00, 56.00, 1.00, 1.00
218.00, 58.00, 59.00, 1.00, 1.00
218.00, 62.00, 61.00, 1.00, 1.00
218.50, 68.00, 65.00, 0.50, 0.00
218.50, 72.00, 67.00, 0.50, 0.00
219.00, 39.00, 48.00, 1.00, 1.00
219.00, 68.00, 65.00, 0.50, 0.00
219.00, 72.00, 67.00, 0.50, 0.00
219.75, 67.00, 64.00, 0.25, 0.00
219.75, 70.00, 66.00, 0.25, 0.00
220.00, 55.00, 57.00, 1.00, 1.00
220.00, 58.00, 59.00, 1.00, 1.00
220.00, 63.00, 62.00, 1.50, 0.00
220.00, 67.00, 64.00, 1.50, 0.00
221.00, 55.00, 57.00, 1.00, 1.00
221.00, 58.00, 59.00, 1.00, 1.00
221.00, 63.00, 62.00, 1.00, 1.00
221.50, 67.00, 64.00, 0.50, 0.00
221.50, 70.00, 66.00, 0.50, 0.00
222.00, 46.00, 52.00, 1.00, 1.00
222.00, 68.00, 65.00, 0.50, 0.00
222.00, 72.00, 67.00, 0.50, 0.00
222.75, 67.00, 64.00, 0.25, 0.00
222.75, 70.00, 66.00, 0.25, 0.00
223.00, 53.00, 56.00, 1.00, 1.00
223.00, 58.00, 59.00, 1.00, 1.00
223.00, 62.00, 61.00, 1.00, 1.00
223.00, 65.00, 63.00, 1.50, 0.00
223.00, 68.00, 65.00, 1.50, 0.00
224.00, 53.00, 56.00, 1.00, 1.00
224.00, 58.00, 59.00, 1.00, 1.00
224.00, 62.00, 61.00, 1.00, 1.00
224.50, 68.00, 65.00, 0.50, 0.00
224.50, 72.00, 67.00, 0.50, 0.00
225.00, 39.00, 48.00, 1.00, 1.00
225.00, 68.00, 65.00, 0.50, 0.00
225.00, 72.00, 67.00, 0.50, 0.00
225.75, 67.00, 64.00, 0.25, 0.00
225.75, 70.00, 66.00, 0.25, 0.00
226.00, 51.00, 55.00, 1.00, 1.00
226.00, 58.00, 59.00, 1.00, 1.00
226.00, 63.00, 62.00, 1.00, 1.00
226.00, 67.00, 64.00, 1.00, 0.00
226.00, 75.00, 69.00, 1.00, 0.00
227.00, 51.00, 55.00, 1.00, 1.00
227.00, 59.00, 59.00, 1.00, 1.00
227.00, 63.00, 62.00, 1.00, 1.00
227.00, 67.00, 64.00, 1.00, 0.00
227.00, 79.00, 71.00, 1.00, 0.00
228.00, 51.00, 55.00, 1.00, 1.00
228.00, 60.00, 60.00, 1.00, 1.00
228.00, 63.00, 62.00, 1.00, 1.00
228.00, 68.00, 65.00, 1.00, 0.00
228.00, 77.00, 70.00, 0.75, 0.00
228.75, 75.00, 69.00, 0.25, 0.00
229.00, 51.00, 55.00, 1.00, 1.00
229.00, 60.00, 60.00, 1.00, 1.00
229.00, 63.00, 62.00, 1.00, 1.00
229.00, 68.00, 65.00, 1.00, 0.00
229.00, 72.00, 67.00, 1.00, 0.00
230.00, 51.00, 55.00, 1.00, 1.00
230.00, 58.00, 59.00, 1.00, 1.00
230.00, 63.00, 62.00, 1.00, 1.00
230.00, 67.00, 64.00, 1.00, 0.00
230.00, 75.00, 69.00, 1.00, 0.00
231.00, 51.00, 55.00, 0.50, 1.00
231.00, 60.00, 60.00, 0.50, 1.00
231.00, 63.00, 62.00, 0.50, 1.00
231.00, 68.00, 65.00, 0.50, 0.00
231.00, 77.00, 70.00, 0.50, 0.00
231.75, 75.00, 69.00, 0.25, 0.00
232.00, 51.00, 55.00, 1.00, 1.00
232.00, 60.00, 60.00, 1.00, 1.00
232.00, 63.00, 62.00, 1.00, 1.00
232.00, 68.00, 65.00, 1.00, 0.00
232.00, 72.00, 67.00, 1.00, 0.00
233.00, 51.00, 55.00, 1.00, 1.00
233.00, 58.00, 59.00, 1.00, 1.00
233.00, 63.00, 62.00, 1.00, 1.00
233.00, 67.00, 64.00, 1.00, 0.00
233.00, 75.00, 69.00, 1.00, 0.00
234.00, 51.00, 55.00, 1.00, 1.00
234.00, 58.00, 59.00, 1.00, 1.00
234.00, 62.00, 61.00, 1.00, 1.00
234.00, 68.00, 65.00, 0.75, 0.00
234.00, 72.00, 67.00, 0.75, 0.00
234.75, 67.00, 64.00, 0.25, 0.00
234.75, 70.00, 66.00, 0.25, 0.00
235.00, 51.00, 55.00, 1.00, 1.00
235.00, 58.00, 59.00, 1.00, 1.00
235.00, 62.00, 61.00, 1.00, 1.00
235.00, 65.00, 63.00, 1.50, 0.00
235.00, 68.00, 65.00, 1.50, 0.00
236.00, 51.00, 55.00, 1.00, 1.00
236.00, 58.00, 59.00, 1.00, 1.00
236.00, 62.00, 61.00, 1.00, 1.00
236.50, 68.00, 65.00, 0.50, 0.00
236.50, 72.00, 67.00, 0.50, 0.00
237.00, 39.00, 48.00, 1.00, 1.00
237.00, 61.00, 61.00, 1.00, 0.00
237.00, 67.00, 64.00, 0.75, 0.00
237.00, 72.00, 67.00, 0.75, 0.00
237.75, 70.00, 66.00, 0.25, 0.00
238.00, 51.00, 55.00, 1.00, 1.00
238.00, 58.00, 59.00, 1.00, 1.00
238.00, 61.00, 61.00, 1.00, 0.00
238.00, 67.00, 64.00, 2.00, 0.00
239.00, 51.00, 55.00, 1.00, 1.00
239.00, 57.00, 58.00, 1.00, 1.00
239.00, 61.00, 60.00, 1.00, 0.00
240.00, 38.00, 47.00, 1.00, 1.00
240.00, 60.00, 60.00, 1.00, 0.00
240.00, 69.00, 65.00, 0.50, 0.00
240.75, 66.00, 63.00, 0.25, 0.00
241.00, 50.00, 54.00, 1.00, 1.00
241.00, 57.00, 58.00, 1.00, 1.00
241.00, 60.00, 60.00, 1.00, 0.00
241.00, 62.00, 61.00, 1.00, 0.00
242.00, 50.00, 54.00, 1.00, 1.00
242.00, 57.00, 58.00, 1.00, 1.00
242.00, 60.00, 60.00, 1.00, 0.00
242.00, 66.00, 63.00, 1.00, 0.00
243.00, 43.00, 50.00, 1.00, 1.00
243.00, 58.00, 59.00, 1.00, 0.00
243.00, 67.00, 64.00, 2.00, 0.00
244.00, 55.00, 57.00, 1.00, 1.00
244.00, 58.00, 59.00, 1.00, 1.00
244.00, 62.00, 61.00, 1.00, 1.00
245.00, 55.00, 57.00, 1.00, 1.00
245.00, 58.00, 59.00, 1.00, 1.00
245.00, 62.00, 61.00, 1.00, 1.00
245.00, 69.00, 65.00, 0.50, 0.00
245.50, 70.00, 66.00, 0.50, 0.00
246.00, 72.00, 67.00, 0.50, 0.00
246.75, 74.00, 68.00, 0.25, 0.00
247.00, 55.00, 57.00, 1.00, 1.00
247.00, 60.00, 60.00, 1.00, 1.00
247.00, 63.00, 62.00, 1.00, 1.00
247.00, 67.00, 64.00, 1.00, 1.00
247.00, 75.00, 69.00, 1.00, 0.00
248.00, 55.00, 57.00, 1.00, 1.00
248.00, 60.00, 60.00, 1.00, 1.00
248.00, 63.00, 62.00, 1.00, 1.00
248.00, 69.00, 65.00, 1.00, 1.00
248.00, 78.00, 70.00, 1.00, 0.00
249.00, 70.00, 66.00, 3.00, 0.00
249.00, 79.00, 71.00, 0.50, 0.00
249.50, 74.00, 68.00, 1.50, 0.00
250.00, 55.00, 57.00, 1.00, 1.00
250.00, 62.00, 61.00, 1.00, 1.00
251.00, 55.00, 57.00, 1.00, 1.00
251.00, 62.00, 61.00, 1.00, 1.00
252.00, 38.00, 47.00, 1.00, 1.00
252.00, 69.00, 65.00, 0.50, 0.00
252.75, 66.00, 63.00, 0.25, 0.00
253.00, 50.00, 54.00, 1.00, 1.00
253.00, 57.00, 58.00, 1.00, 1.00
253.00, 60.00, 60.00, 1.00, 1.00
253.00, 62.00, 61.00, 1.00, 0.00
254.00, 50.00, 54.00, 1.00, 1.00
254.00, 57.00, 58.00, 1.00, 1.00
254.00, 60.00, 60.00, 1.00, 1.00
254.00, 62.00, 61.00, 1.00, 1.00
254.00, 66.00, 63.00, 1.00, 0.00
255.00, 43.00, 50.00, 1.00, 1.00
255.00, 67.00, 64.00, 2.00, 0.00
256.00, 55.00, 57.00, 1.00, 1.00
256.00, 58.00, 59.00, 1.00, 1.00
256.00, 62.00, 61.00, 1.00, 1.00
257.00, 55.00, 57.00, 1.00, 1.00
257.00, 58.00, 59.00, 1.00, 1.00
257.00, 62.00, 61.00, 1.00, 1.00
257.00, 74.00, 68.00, 0.75, 0.00
257.75, 73.00, 67.00, 0.25, 0.00
258.00, 70.00, 66.00, 0.50, 0.00
258.50, 69.00, 65.00, 0.50, 0.00
259.00, 50.00, 54.00, 1.00, 1.00
259.00, 55.00, 57.00, 1.00, 1.00
259.00, 58.00, 59.00, 1.00, 1.00
259.00, 64.00, 62.00, 1.00, 1.00
259.00, 67.00, 64.00, 1.00, 0.00
260.00, 50.00, 54.00, 1.00, 1.00
260.00, 57.00, 58.00, 1.00, 1.00
260.00, 61.00, 60.00, 1.00, 1.00
260.00, 66.00, 63.00, 1.00, 0.00
261.00, 62.00, 61.00, 2.00, 0.00
262.00, 50.00, 54.00, 1.00, 1.00
262.00, 57.00, 58.00, 1.00, 1.00
263.00, 50.00, 54.00, 1.00, 1.00
263.00, 57.00, 58.00, 1.00, 1.00
263.00, 69.00, 65.00, 1.50, 0.00
264.00, 38.00, 47.00, 1.00, 1.00
264.75, 66.00, 63.00, 0.25, 0.00
265.00, 50.00, 54.00, 1.00, 1.00
265.00, 57.00, 58.00, 1.00, 1.00
265.00, 61.00, 60.00, 0.50, 0.00
265.50, 62.00, 61.00, 0.50, 0.00
266.00, 50.00, 54.00, 1.00, 1.00
266.00, 57.00, 58.00, 1.00, 1.00
266.00, 60.00, 60.00, 1.00, 1.00
266.00, 66.00, 63.00, 0.75, 0.00
266.00, 70.00, 66.00, 0.75, 0.00
266.75, 69.00, 65.00, 0.25, 0.00
267.00, 43.00, 50.00, 1.00, 1.00
267.00, 67.00, 64.00, 2.00, 0.00
268.00, 55.00, 57.00, 1.00, 1.00
268.00, 58.00, 59.00, 1.00, 1.00
268.00, 62.00, 61.00, 1.00, 1.00
269.00, 55.00, 57.00, 1.00, 1.00
269.00, 58.00, 59.00, 1.00, 1.00
269.00, 62.00, 61.00, 1.00, 1.00
269.00, 69.00, 65.00, 0.50, 0.00
269.50, 70.00, 66.00, 0.50, 0.00
270.00, 72.00, 67.00, 0.50, 0.00
270.75, 74.00, 68.00, 0.25, 0.00
271.00, 55.00, 57.00, 1.00, 1.00
271.00, 60.00, 60.00, 1.00, 1.00
271.00, 63.00, 62.00, 1.00, 1.00
271.00, 67.00, 64.00, 1.00, 1.00
271.00, 75.00, 69.00, 1.00, 0.00
272.00, 55.00, 57.00, 1.00, 1.00
272.00, 60.00, 60.00, 1.00, 1.00
272.00, 63.00, 62.00, 1.00, 1.00
272.00, 69.00, 65.00, 1.00, 1.00
272.00, 78.00, 70.00, 1.00, 0.00
273.00, 70.00, 66.00, 3.00, 0.00
273.00, 79.00, 71.00, 0.50, 0.00
273.50, 74.00, 68.00, 1.50, 0.00
274.00, 55.00, 57.00, 1.00, 1.00
274.00, 62.00, 61.00, 1.00, 1.00
275.00, 55.00, 57.00, 1.00, 1.00
275.00, 62.00, 61.00, 1.00, 1.00
276.00, 38.00, 47.00, 1.00, 1.00
276.00, 69.00, 65.00, 0.50, 0.00
276.75, 66.00, 63.00, 0.25, 0.00
277.00, 50.00, 54.00, 1.00, 1.00
277.00, 57.00, 58.00, 1.00, 1.00
277.00, 60.00, 60.00, 1.00, 1.00
277.00, 62.00, 61.00, 1.00, 0.00
278.00, 50.00, 54.00, 1.00, 1.00
278.00, 57.00, 58.00, 1.00, 1.00
278.00, 60.00, 60.00, 1.00, 1.00
278.00, 66.00, 63.00, 1.00, 0.00
279.00, 43.00, 50.00, 1.00, 1.00
279.00, 67.00, 64.00, 1.50, 0.00
280.00, 50.00, 54.00, 1.00, 1.00
280.00, 58.00, 59.00, 1.00, 1.00
280.50, 74.00, 68.00, 0.50, 0.00
281.00, 75.00, 69.00, 0.50, 0.00
281.75, 74.00, 68.00, 0.25, 0.00
282.00, 38.00, 47.00, 1.00, 1.00
282.00, 73.00, 67.00, 0.50, 0.00
282.50, 74.00, 68.00, 0.50, 0.00
283.00, 50.00, 54.00, 1.00, 1.00
283.00, 54.00, 56.00, 1.00, 1.00
283.00, 60.00, 60.00, 1.00, 1.00
283.00, 69.00, 65.00, 1.00, 0.00
284.00, 50.00, 54.00, 1.00, 1.00
284.00, 54.00, 56.00, 1.00, 1.00
284.00, 60.00, 60.00, 1.00, 1.00
284.00, 70.00, 66.00, 0.50, 0.00
284.50, 69.00, 65.00, 0.50, 0.00
285.00, 43.00, 50.00, 1.00, 1.00
285.00, 50.00, 54.00, 1.00, 1.00
285.00, 58.00, 59.00, 1.00, 1.00
285.00, 67.00, 64.00, 1.00, 0.00
286.00, 31.00, 43.00, 1.00, 1.00
286.00, 79.00, 71.00, 1.00, 0.00
