ontime, MNN, MPN, duration, channel
-1.00, 65.00, 63.00, 2.50, 0.00
0.00, 77.00, 70.00, 2.00, 0.00
1.50, 65.00, 63.00, 1.00, 0.00
2.00, 77.00, 70.00, 1.00, 0.00
2.50, 65.00, 63.00, 2.00, 0.00
3.00, 76.00, 69.00, 2.00, 0.00
4.50, 66.00, 63.00, 1.00, 0.00
5.00, 76.00, 69.00, 1.00, 0.00
5.50, 66.00, 63.00, 2.00, 0.00
6.00, 75.00, 69.00, 2.00, 0.00
7.50, 67.00, 64.00, 1.00, 0.00
8.00, 75.00, 69.00, 1.00, 0.00
8.50, 67.00, 64.00, 2.00, 0.00
9.00, 74.00, 68.00, 2.00, 0.00
10.50, 68.00, 64.00, 1.00, 0.00
11.00, 74.00, 68.00, 1.00, 0.00
11.50, 68.00, 64.00, 2.00, 0.00
12.00, 41.00, 49.00, 1.00, 1.00
12.00, 73.00, 68.00, 2.00, 0.00
13.00, 53.00, 56.00, 1.00, 1.00
13.00, 63.00, 62.00, 1.00, 1.00
13.50, 69.00, 65.00, 1.00, 0.00
14.00, 53.00, 56.00, 1.00, 1.00
14.00, 63.00, 62.00, 1.00, 1.00
14.00, 73.00, 68.00, 4.00, 0.00
14.50, 69.00, 65.00, 0.50, 0.00
15.00, 46.00, 52.00, 1.00, 1.00
15.00, 69.00, 65.00, 0.75, 0.00
15.75, 70.00, 66.00, 0.25, 0.00
16.00, 53.00, 56.00, 1.00, 1.00
16.00, 61.00, 61.00, 1.00, 1.00
16.00, 70.00, 66.00, 1.00, 0.00
17.00, 51.00, 55.00, 1.00, 1.00
17.00, 55.00, 57.00, 1.00, 1.00
17.00, 61.00, 61.00, 1.00, 1.00
17.00, 70.00, 66.00, 2.50, 0.00
18.00, 44.00, 51.00, 1.00, 1.00
18.00, 77.00, 70.00, 2.00, 0.00
19.00, 56.00, 58.00, 1.00, 1.00
19.00, 66.00, 64.00, 1.00, 1.00
19.50, 72.00, 67.00, 1.00, 0.00
20.00, 56.00, 58.00, 1.00, 1.00
20.00, 66.00, 64.00, 1.00, 1.00
20.00, 77.00, 70.00, 4.00, 0.00
20.50, 72.00, 67.00, 0.50, 0.00
21.00, 49.00, 54.00, 1.00, 1.00
21.00, 72.00, 67.00, 0.75, 0.00
21.75, 73.00, 68.00, 0.25, 0.00
22.00, 56.00, 58.00, 1.00, 1.00
22.00, 65.00, 63.00, 1.00, 1.00
22.00, 73.00, 68.00, 1.00, 0.00
23.00, 55.00, 57.00, 1.00, 1.00
23.00, 58.00, 59.00, 1.00, 1.00
23.00, 65.00, 63.00, 1.00, 1.00
23.00, 73.00, 68.00, 2.50, 0.00
24.00, 48.00, 53.00, 1.00, 1.00
24.00, 80.00, 72.00, 2.00, 0.00
25.00, 60.00, 60.00, 1.00, 1.00
25.00, 65.00, 63.00, 1.00, 1.00
25.00, 70.00, 66.00, 1.00, 1.00
25.50, 76.00, 69.00, 1.00, 0.00
26.00, 60.00, 60.00, 1.00, 1.00
26.00, 67.00, 64.00, 1.00, 1.00
26.00, 70.00, 66.00, 1.00, 1.00
26.00, 80.00, 72.00, 3.00, 0.00
26.50, 76.00, 69.00, 0.50, 0.00
27.00, 53.00, 56.00, 3.00, 1.00
27.00, 76.00, 69.00, 0.75, 0.00
27.75, 77.00, 70.00, 0.25, 0.00
28.00, 60.00, 60.00, 1.00, 1.00
28.00, 68.00, 65.00, 1.00, 1.00
28.00, 77.00, 70.00, 1.00, 0.00
29.00, 60.00, 60.00, 1.00, 1.00
29.00, 68.00, 65.00, 1.00, 1.00
29.00, 77.00, 70.00, 1.75, 0.00
29.00, 89.00, 77.00, 1.00, 0.00
30.00, 61.00, 61.00, 1.00, 1.00
30.00, 81.00, 72.00, 2.00, 0.00
30.00, 89.00, 77.00, 0.75, 0.00
30.75, 78.00, 71.00, 0.25, 0.00
30.75, 90.00, 78.00, 0.25, 0.00
31.00, 60.00, 60.00, 1.00, 1.00
31.00, 63.00, 62.00, 1.00, 1.00
31.00, 69.00, 65.00, 1.00, 1.00
31.00, 78.00, 71.00, 1.00, 0.00
31.00, 90.00, 78.00, 1.00, 0.00
32.00, 63.00, 62.00, 1.00, 1.00
32.00, 69.00, 65.00, 1.00, 0.00
32.00, 72.00, 67.00, 1.00, 1.00
33.00, 46.00, 52.00, 1.00, 1.00
33.00, 72.00, 67.00, 1.50, 0.00
33.00, 84.00, 74.00, 1.50, 0.00
34.00, 53.00, 56.00, 1.00, 1.00
34.00, 61.00, 61.00, 1.00, 1.00
34.50, 70.00, 66.00, 0.50, 0.00
34.50, 82.00, 73.00, 0.50, 0.00
35.00, 53.00, 56.00, 1.00, 1.00
35.00, 61.00, 61.00, 1.00, 1.00
35.00, 68.00, 65.00, 0.50, 0.00
35.50, 66.00, 64.00, 0.50, 0.00
36.00, 46.00, 52.00, 1.00, 1.00
36.00, 65.00, 63.00, 1.50, 0.00
36.00, 73.00, 68.00, 1.50, 0.00
37.00, 53.00, 56.00, 1.00, 1.00
37.00, 63.00, 62.00, 1.00, 1.00
37.50, 66.00, 64.00, 0.50, 0.00
37.50, 69.00, 65.00, 0.50, 0.00
38.00, 53.00, 56.00, 1.00, 1.00
38.00, 63.00, 62.00, 1.00, 1.00
38.00, 65.00, 63.00, 0.50, 0.00
38.00, 73.00, 68.00, 0.50, 0.00
38.50, 63.00, 62.00, 0.50, 0.00
38.50, 69.00, 65.00, 0.50, 0.00
39.00, 46.00, 52.00, 1.00, 1.00
39.00, 63.00, 62.00, 0.75, 0.00
39.00, 69.00, 65.00, 0.75, 0.00
39.75, 61.00, 61.00, 0.25, 0.00
39.75, 70.00, 66.00, 0.25, 0.00
40.00, 53.00, 56.00, 1.00, 1.00
40.00, 58.00, 59.00, 1.00, 1.00
40.00, 61.00, 61.00, 1.00, 0.00
40.00, 70.00, 66.00, 1.00, 0.00
41.00, 51.00, 55.00, 1.00, 1.00
41.00, 61.00, 61.00, 1.00, 1.00
41.00, 67.00, 64.00, 1.00, 0.00
41.00, 70.00, 66.00, 1.00, 0.00
42.00, 44.00, 51.00, 1.00, 1.00
42.00, 68.00, 65.00, 1.50, 0.00
42.00, 77.00, 70.00, 1.50, 0.00
43.00, 56.00, 58.00, 1.00, 1.00
43.00, 66.00, 64.00, 1.00, 1.00
43.50, 69.00, 66.00, 0.50, 0.00
43.50, 72.00, 67.00, 0.50, 0.00
44.00, 56.00, 58.00, 1.00, 1.00
44.00, 66.00, 64.00, 1.00, 1.00
44.00, 68.00, 65.00, 0.50, 0.00
44.00, 77.00, 70.00, 0.50, 0.00
44.50, 66.00, 64.00, 0.50, 0.00
44.50, 72.00, 67.00, 0.50, 0.00
45.00, 49.00, 54.00, 1.00, 1.00
45.00, 66.00, 64.00, 0.75, 0.00
45.00, 72.00, 67.00, 0.75, 0.00
45.75, 65.00, 63.00, 0.25, 0.00
45.75, 73.00, 68.00, 0.25, 0.00
46.00, 56.00, 58.00, 1.00, 1.00
46.00, 61.00, 61.00, 1.00, 1.00
46.00, 65.00, 63.00, 1.00, 0.00
46.00, 73.00, 68.00, 1.00, 0.00
47.00, 55.00, 57.00, 1.00, 1.00
47.00, 65.00, 63.00, 1.00, 1.00
47.00, 71.00, 66.00, 1.00, 0.00
47.00, 73.00, 68.00, 1.00, 0.00
48.00, 48.00, 53.00, 1.00, 1.00
48.00, 72.00, 67.00, 1.50, 0.00
48.00, 80.00, 72.00, 1.50, 0.00
49.00, 60.00, 60.00, 1.00, 1.00
49.00, 70.00, 66.00, 1.00, 1.00
49.50, 73.00, 68.00, 0.50, 0.00
49.50, 76.00, 69.00, 0.50, 0.00
50.00, 60.00, 60.00, 1.00, 1.00
50.00, 70.00, 66.00, 1.00, 1.00
50.00, 72.00, 67.00, 0.50, 0.00
50.00, 80.00, 72.00, 0.50, 0.00
50.50, 70.00, 66.00, 0.50, 0.00
50.50, 76.00, 69.00, 0.50, 0.00
51.00, 53.00, 56.00, 2.00, 1.00
51.00, 70.00, 66.00, 0.75, 0.00
51.00, 76.00, 69.00, 0.75, 0.00
51.75, 69.00, 65.00, 0.25, 0.00
51.75, 77.00, 70.00, 0.25, 0.00
52.00, 53.00, 56.00, 1.00, 1.00
52.00, 60.00, 60.00, 1.00, 1.00
52.00, 69.00, 65.00, 1.00, 0.00
52.00, 69.00, 65.00, 1.00, 1.00
52.00, 77.00, 70.00, 1.00, 0.00
53.00, 60.00, 60.00, 1.00, 1.00
53.00, 65.00, 63.00, 1.00, 1.00
53.00, 77.00, 70.00, 1.00, 0.00
53.00, 89.00, 77.00, 1.00, 0.00
54.00, 41.00, 49.00, 1.00, 1.00
54.00, 80.00, 72.00, 0.75, 0.00
54.00, 92.00, 79.00, 0.75, 0.00
54.75, 78.00, 71.00, 0.25, 0.00
54.75, 90.00, 78.00, 0.25, 0.00
55.00, 60.00, 60.00, 1.00, 1.00
55.00, 63.00, 62.00, 1.00, 1.00
55.00, 69.00, 65.00, 1.00, 1.00
55.00, 72.00, 67.00, 1.00, 1.00
55.00, 78.00, 71.00, 1.00, 0.00
55.00, 90.00, 78.00, 1.00, 0.00
56.00, 53.00, 56.00, 1.00, 1.00
56.00, 60.00, 60.00, 1.00, 1.00
56.00, 63.00, 62.00, 1.00, 1.00
56.00, 69.00, 65.00, 1.00, 0.00
57.00, 46.00, 52.00, 1.00, 1.00
57.00, 70.00, 66.00, 3.50, 0.00
58.00, 53.00, 56.00, 1.00, 1.00
58.00, 61.00, 61.00, 1.00, 1.00
59.00, 51.00, 55.00, 1.00, 1.00
59.00, 54.00, 57.00, 1.00, 1.00
59.00, 61.00, 61.00, 1.00, 1.00
60.00, 44.00, 51.00, 1.00, 1.00
60.75, 66.00, 64.00, 0.25, 0.00
60.75, 68.00, 65.00, 0.25, 0.00
61.00, 51.00, 55.00, 1.00, 1.00
61.00, 56.00, 58.00, 1.00, 1.00
61.00, 60.00, 60.00, 0.50, 0.00
61.50, 66.00, 64.00, 0.50, 0.00
61.50, 68.00, 65.00, 0.50, 0.00
62.00, 51.00, 55.00, 1.00, 1.00
62.00, 56.00, 58.00, 1.00, 1.00
62.00, 60.00, 60.00, 1.00, 1.00
62.00, 75.00, 69.00, 1.00, 0.00
63.00, 37.00, 47.00, 1.00, 1.00
63.00, 70.00, 66.00, 0.50, 0.00
63.75, 65.00, 63.00, 0.25, 0.00
63.75, 68.00, 65.00, 0.25, 0.00
64.00, 53.00, 56.00, 1.00, 1.00
64.00, 56.00, 58.00, 1.00, 1.00
64.00, 61.00, 61.00, 0.50, 0.00
64.50, 65.00, 63.00, 0.50, 0.00
64.50, 68.00, 65.00, 0.50, 0.00
65.00, 53.00, 56.00, 1.00, 1.00
65.00, 56.00, 58.00, 1.00, 1.00
65.00, 61.00, 61.00, 1.00, 1.00
65.00, 77.00, 70.00, 1.00, 0.00
66.00, 44.00, 51.00, 1.00, 1.00
66.00, 70.00, 66.00, 0.50, 0.00
66.75, 66.00, 64.00, 0.25, 0.00
66.75, 68.00, 65.00, 0.25, 0.00
67.00, 51.00, 55.00, 1.00, 1.00
67.00, 56.00, 58.00, 1.00, 1.00
67.00, 60.00, 60.00, 0.50, 0.00
67.50, 66.00, 64.00, 0.50, 0.00
67.50, 68.00, 65.00, 0.50, 0.00
68.00, 51.00, 55.00, 1.00, 1.00
68.00, 56.00, 58.00, 1.00, 1.00
68.00, 60.00, 60.00, 1.00, 1.00
68.00, 78.00, 71.00, 1.00, 0.00
69.00, 49.00, 54.00, 1.00, 1.00
69.00, 82.00, 73.00, 1.50, 0.00
70.00, 56.00, 58.00, 1.00, 1.00
70.00, 59.00, 60.00, 1.00, 1.00
70.00, 65.00, 63.00, 1.00, 1.00
70.75, 80.00, 72.00, 0.25, 0.00
71.00, 50.00, 54.00, 1.00, 1.00
71.00, 71.00, 67.00, 0.75, 0.00
71.75, 80.00, 72.00, 0.25, 0.00
72.00, 51.00, 55.00, 1.00, 1.00
72.00, 70.00, 66.00, 0.87, 0.00
72.87, 80.00, 72.00, 0.12, 0.00
73.00, 54.00, 57.00, 1.00, 1.00
73.00, 58.00, 59.00, 1.00, 1.00
73.00, 63.00, 62.00, 1.00, 1.00
73.00, 70.00, 66.00, 0.87, 0.00
73.87, 80.00, 72.00, 0.12, 0.00
74.00, 42.00, 50.00, 1.00, 1.00
74.00, 70.00, 66.00, 0.87, 0.00
74.87, 78.00, 71.00, 0.12, 0.00
75.00, 44.00, 51.00, 1.00, 1.00
75.00, 69.00, 66.00, 0.87, 0.00
75.87, 78.00, 71.00, 0.12, 0.00
76.00, 53.00, 56.00, 1.00, 1.00
76.00, 61.00, 61.00, 1.00, 1.00
76.00, 68.00, 65.00, 0.87, 0.00
76.87, 78.00, 71.00, 0.12, 0.00
77.00, 53.00, 56.00, 1.00, 1.00
77.00, 61.00, 61.00, 1.00, 1.00
77.00, 68.00, 65.00, 0.87, 0.00
77.87, 77.00, 70.00, 0.12, 0.00
78.00, 44.00, 51.00, 1.00, 1.00
78.00, 67.00, 64.00, 0.87, 0.00
78.87, 77.00, 70.00, 0.12, 0.00
79.00, 51.00, 55.00, 1.00, 1.00
79.00, 56.00, 58.00, 1.00, 1.00
79.00, 60.00, 60.00, 1.00, 1.00
79.00, 66.00, 64.00, 0.87, 0.00
79.87, 77.00, 70.00, 0.12, 0.00
80.00, 51.00, 55.00, 1.00, 1.00
80.00, 56.00, 58.00, 1.00, 1.00
80.00, 60.00, 60.00, 1.00, 1.00
80.00, 66.00, 64.00, 0.87, 0.00
80.87, 75.00, 69.00, 0.12, 0.00
81.00, 49.00, 54.00, 2.00, 1.00
81.00, 65.00, 63.00, 0.75, 0.00
81.00, 65.00, 63.00, 1.00, 0.00
81.87, 75.00, 69.00, 0.12, 0.00
82.00, 56.00, 58.00, 1.00, 1.00
82.00, 61.00, 61.00, 1.00, 1.00
82.00, 65.00, 63.00, 1.00, 0.00
82.00, 73.00, 68.00, 0.33, 0.00
82.33, 75.00, 69.00, 0.33, 0.00
82.67, 73.00, 68.00, 0.33, 0.00
83.00, 43.00, 50.00, 1.00, 1.00
83.00, 64.00, 62.00, 1.00, 0.00
83.00, 72.00, 67.00, 0.50, 0.00
83.87, 70.00, 66.00, 0.12, 0.00
84.00, 44.00, 51.00, 1.00, 1.00
84.00, 60.00, 60.00, 1.00, 0.00
84.00, 70.00, 66.00, 0.50, 0.00
84.75, 66.00, 64.00, 0.25, 0.00
84.75, 68.00, 65.00, 0.25, 0.00
85.00, 51.00, 55.00, 1.00, 1.00
85.00, 56.00, 58.00, 1.00, 1.00
85.00, 60.00, 60.00, 0.50, 0.00
85.00, 60.00, 60.00, 1.00, 0.00
85.50, 66.00, 64.00, 0.50, 0.00
85.50, 68.00, 65.00, 0.50, 0.00
86.00, 51.00, 55.00, 1.00, 1.00
86.00, 56.00, 58.00, 1.00, 1.00
86.00, 60.00, 60.00, 1.00, 1.00
86.00, 75.00, 69.00, 1.00, 0.00
87.00, 37.00, 47.00, 1.00, 1.00
87.00, 70.00, 66.00, 0.50, 0.00
87.75, 65.00, 63.00, 0.25, 0.00
87.75, 68.00, 65.00, 0.25, 0.00
88.00, 53.00, 56.00, 1.00, 1.00
88.00, 56.00, 58.00, 1.00, 1.00
88.00, 61.00, 61.00, 0.50, 0.00
88.50, 65.00, 63.00, 0.50, 0.00
88.50, 68.00, 65.00, 0.50, 0.00
89.00, 53.00, 56.00, 1.00, 1.00
89.00, 56.00, 58.00, 1.00, 1.00
89.00, 61.00, 61.00, 1.00, 1.00
89.00, 77.00, 70.00, 1.00, 0.00
90.00, 44.00, 51.00, 1.00, 1.00
90.00, 70.00, 66.00, 0.50, 0.00
90.75, 66.00, 64.00, 0.25, 0.00
90.75, 68.00, 65.00, 0.25, 0.00
91.00, 51.00, 55.00, 1.00, 1.00
91.00, 56.00, 58.00, 1.00, 1.00
91.00, 60.00, 60.00, 0.50, 0.00
91.50, 66.00, 64.00, 0.50, 0.00
91.50, 68.00, 65.00, 0.50, 0.00
92.00, 51.00, 55.00, 1.00, 1.00
92.00, 56.00, 58.00, 1.00, 1.00
92.00, 60.00, 60.00, 1.00, 1.00
92.00, 78.00, 71.00, 1.00, 0.00
93.00, 49.00, 54.00, 1.00, 1.00
93.00, 82.00, 73.00, 1.50, 0.00
94.00, 56.00, 58.00, 1.00, 1.00
94.00, 59.00, 60.00, 1.00, 1.00
94.00, 65.00, 63.00, 1.00, 1.00
94.75, 80.00, 72.00, 0.25, 0.00
95.00, 50.00, 54.00, 1.00, 1.00
95.00, 71.00, 67.00, 0.75, 0.00
95.75, 80.00, 72.00, 0.25, 0.00
96.00, 51.00, 55.00, 1.00, 1.00
96.00, 70.00, 66.00, 0.87, 0.00
96.87, 80.00, 72.00, 0.12, 0.00
97.00, 54.00, 57.00, 1.00, 1.00
97.00, 58.00, 59.00, 1.00, 1.00
97.00, 63.00, 62.00, 1.00, 1.00
97.00, 70.00, 66.00, 0.87, 0.00
97.87, 80.00, 72.00, 0.12, 0.00
98.00, 42.00, 50.00, 1.00, 1.00
98.00, 70.00, 66.00, 0.87, 0.00
98.87, 78.00, 71.00, 0.12, 0.00
99.00, 44.00, 51.00, 1.00, 1.00
99.00, 69.00, 66.00, 0.87, 0.00
99.87, 78.00, 71.00, 0.12, 0.00
100.00, 53.00, 56.00, 1.00, 1.00
100.00, 61.00, 61.00, 1.00, 1.00
100.00, 68.00, 65.00, 0.87, 0.00
100.87, 78.00, 71.00, 0.12, 0.00
101.00, 53.00, 56.00, 1.00, 1.00
101.00, 61.00, 61.00, 1.00, 1.00
101.00, 68.00, 65.00, 0.87, 0.00
101.87, 77.00, 70.00, 0.12, 0.00
102.00, 44.00, 51.00, 1.00, 1.00
102.00, 67.00, 64.00, 0.87, 0.00
102.87, 76.00, 69.00, 0.12, 0.00
103.00, 51.00, 55.00, 1.00, 1.00
103.00, 60.00, 60.00, 1.00, 1.00
103.00, 66.00, 64.00, 0.87, 0.00
103.87, 75.00, 69.00, 0.12, 0.00
104.00, 65.00, 63.00, 0.87, 0.00
104.87, 74.00, 68.00, 0.12, 0.00
105.00, 64.00, 63.00, 0.87, 0.00
105.87, 73.00, 68.00, 0.12, 0.00
106.00, 63.00, 62.00, 0.87, 0.00
106.87, 73.00, 68.00, 0.12, 0.00
107.00, 63.00, 62.00, 0.87, 0.00
107.87, 73.00, 68.00, 1.62, 0.00
108.00, 41.00, 49.00, 1.00, 1.00
108.00, 63.00, 62.00, 1.50, 0.00
109.00, 53.00, 56.00, 1.00, 1.00
109.00, 60.00, 60.00, 1.00, 1.00
109.50, 66.00, 64.00, 0.50, 0.00
109.50, 69.00, 65.00, 0.50, 0.00
110.00, 53.00, 56.00, 1.00, 1.00
110.00, 60.00, 60.00, 1.00, 1.00
110.00, 65.00, 63.00, 0.50, 0.00
110.00, 73.00, 68.00, 0.50, 0.00
110.50, 63.00, 62.00, 0.50, 0.00
110.50, 69.00, 65.00, 0.50, 0.00
111.00, 46.00, 52.00, 1.00, 1.00
111.00, 63.00, 62.00, 0.75, 0.00
111.00, 69.00, 65.00, 0.75, 0.00
111.75, 61.00, 61.00, 0.25, 0.00
111.75, 70.00, 66.00, 0.25, 0.00
112.00, 53.00, 56.00, 1.00, 1.00
112.00, 58.00, 59.00, 1.00, 1.00
112.00, 61.00, 61.00, 1.00, 0.00
112.00, 70.00, 66.00, 1.00, 0.00
113.00, 51.00, 55.00, 1.00, 1.00
113.00, 61.00, 61.00, 1.00, 1.00
113.00, 67.00, 64.00, 1.00, 0.00
113.00, 70.00, 66.00, 1.00, 0.00
114.00, 44.00, 51.00, 1.00, 1.00
114.00, 68.00, 65.00, 1.50, 0.00
114.00, 77.00, 70.00, 1.50, 0.00
115.00, 56.00, 58.00, 1.00, 1.00
115.00, 66.00, 64.00, 1.00, 1.00
115.50, 69.00, 66.00, 0.50, 0.00
115.50, 72.00, 67.00, 0.50, 0.00
116.00, 56.00, 58.00, 1.00, 1.00
116.00, 66.00, 64.00, 1.00, 1.00
116.00, 68.00, 65.00, 0.50, 0.00
116.00, 77.00, 70.00, 0.50, 0.00
116.50, 66.00, 64.00, 0.50, 0.00
116.50, 72.00, 67.00, 0.50, 0.00
117.00, 49.00, 54.00, 1.00, 1.00
117.00, 66.00, 64.00, 0.75, 0.00
117.00, 72.00, 67.00, 0.75, 0.00
117.75, 65.00, 63.00, 0.25, 0.00
117.75, 73.00, 68.00, 0.25, 0.00
118.00, 56.00, 58.00, 1.00, 1.00
118.00, 61.00, 61.00, 1.00, 1.00
118.00, 65.00, 63.00, 1.00, 0.00
118.00, 73.00, 68.00, 1.00, 0.00
119.00, 55.00, 57.00, 1.00, 1.00
119.00, 65.00, 63.00, 1.00, 1.00
119.00, 71.00, 66.00, 1.00, 0.00
119.00, 73.00, 68.00, 1.00, 0.00
120.00, 48.00, 53.00, 1.00, 1.00
120.00, 72.00, 67.00, 1.50, 0.00
120.00, 80.00, 72.00, 1.50, 0.00
121.00, 60.00, 60.00, 1.00, 1.00
121.00, 70.00, 66.00, 1.00, 1.00
121.50, 73.00, 68.00, 0.50, 0.00
121.50, 76.00, 69.00, 0.50, 0.00
122.00, 60.00, 60.00, 1.00, 1.00
122.00, 70.00, 66.00, 1.00, 1.00
122.00, 72.00, 67.00, 0.50, 0.00
122.00, 80.00, 72.00, 0.50, 0.00
122.50, 70.00, 66.00, 0.50, 0.00
122.50, 76.00, 69.00, 0.50, 0.00
123.00, 53.00, 56.00, 3.00, 1.00
123.00, 70.00, 66.00, 0.75, 0.00
123.00, 76.00, 69.00, 0.75, 0.00
123.75, 69.00, 65.00, 0.25, 0.00
123.75, 77.00, 70.00, 0.25, 0.00
124.00, 60.00, 60.00, 1.00, 1.00
124.00, 65.00, 63.00, 1.00, 1.00
124.00, 69.00, 65.00, 1.00, 0.00
124.00, 77.00, 70.00, 1.00, 0.00
125.00, 60.00, 60.00, 1.00, 1.00
125.00, 69.00, 65.00, 1.00, 1.00
125.00, 77.00, 70.00, 1.75, 0.00
125.00, 89.00, 77.00, 1.75, 0.00
126.00, 41.00, 49.00, 1.00, 1.00
126.75, 78.00, 71.00, 0.25, 0.00
126.75, 90.00, 78.00, 0.25, 0.00
127.00, 60.00, 60.00, 1.00, 1.00
127.00, 63.00, 62.00, 1.00, 1.00
127.00, 69.00, 65.00, 1.00, 1.00
127.00, 78.00, 71.00, 1.00, 0.00
127.00, 90.00, 78.00, 1.00, 0.00
128.00, 63.00, 62.00, 1.00, 1.00
128.00, 69.00, 65.00, 1.00, 0.00
128.00, 72.00, 67.00, 1.00, 1.00
129.00, 46.00, 52.00, 1.00, 1.00
129.00, 72.00, 67.00, 1.50, 0.00
130.00, 53.00, 56.00, 1.00, 1.00
130.00, 61.00, 61.00, 1.00, 1.00
130.50, 70.00, 66.00, 0.50, 0.00
131.00, 53.00, 56.00, 1.00, 1.00
131.00, 61.00, 61.00, 1.00, 1.00
131.00, 70.00, 66.00, 0.33, 0.00
131.33, 68.00, 65.00, 0.33, 0.00
131.67, 66.00, 64.00, 0.33, 0.00
132.00, 46.00, 52.00, 1.00, 1.00
132.00, 65.00, 63.00, 0.50, 0.00
132.00, 73.00, 68.00, 1.50, 0.00
132.50, 66.00, 64.00, 0.50, 0.00
133.00, 53.00, 56.00, 1.00, 1.00
133.00, 60.00, 60.00, 1.00, 1.00
133.00, 63.00, 62.00, 1.00, 1.00
133.00, 65.00, 63.00, 0.50, 0.00
133.50, 66.00, 64.00, 0.50, 0.00
133.50, 69.00, 65.00, 0.50, 0.00
134.00, 53.00, 56.00, 1.00, 1.00
134.00, 60.00, 60.00, 1.00, 1.00
134.00, 63.00, 62.00, 1.00, 1.00
134.00, 65.00, 63.00, 0.50, 0.00
134.00, 73.00, 68.00, 0.50, 0.00
134.50, 63.00, 62.00, 0.50, 0.00
134.50, 69.00, 65.00, 0.50, 0.00
135.00, 46.00, 52.00, 1.00, 1.00
135.00, 63.00, 62.00, 0.75, 0.00
135.00, 69.00, 65.00, 0.75, 0.00
135.75, 61.00, 61.00, 0.25, 0.00
135.75, 70.00, 66.00, 0.25, 0.00
136.00, 53.00, 56.00, 1.00, 1.00
136.00, 58.00, 59.00, 1.00, 1.00
136.00, 61.00, 61.00, 1.00, 0.00
136.00, 70.00, 66.00, 1.00, 0.00
137.00, 51.00, 55.00, 1.00, 1.00
137.00, 61.00, 61.00, 1.00, 1.00
137.00, 67.00, 64.00, 1.00, 0.00
137.00, 70.00, 66.00, 0.33, 0.00
137.33, 72.00, 67.00, 0.33, 0.00
137.67, 70.00, 66.00, 0.33, 0.00
138.00, 44.00, 51.00, 1.00, 1.00
138.00, 68.00, 65.00, 0.50, 0.00
138.00, 77.00, 70.00, 1.50, 0.00
138.50, 69.00, 66.00, 0.50, 0.00
139.00, 56.00, 58.00, 1.00, 1.00
139.00, 60.00, 60.00, 1.00, 1.00
139.00, 66.00, 64.00, 1.00, 1.00
139.00, 68.00, 65.00, 0.50, 0.00
139.50, 69.00, 66.00, 0.50, 0.00
139.50, 72.00, 67.00, 0.50, 0.00
140.00, 56.00, 58.00, 1.00, 1.00
140.00, 60.00, 60.00, 1.00, 1.00
140.00, 66.00, 64.00, 1.00, 1.00
140.00, 68.00, 65.00, 0.50, 0.00
140.00, 77.00, 70.00, 0.50, 0.00
140.50, 66.00, 64.00, 0.50, 0.00
140.50, 72.00, 67.00, 0.50, 0.00
141.00, 49.00, 54.00, 1.00, 1.00
141.00, 66.00, 64.00, 0.75, 0.00
141.00, 72.00, 67.00, 0.75, 0.00
141.75, 65.00, 63.00, 0.25, 0.00
141.75, 73.00, 68.00, 0.25, 0.00
142.00, 56.00, 58.00, 1.00, 1.00
142.00, 61.00, 61.00, 1.00, 1.00
142.00, 65.00, 63.00, 1.00, 0.00
142.00, 73.00, 68.00, 1.00, 0.00
143.00, 55.00, 57.00, 1.00, 1.00
143.00, 65.00, 63.00, 1.00, 1.00
143.00, 71.00, 66.00, 1.00, 0.00
143.00, 73.00, 68.00, 0.33, 0.00
143.33, 75.00, 69.00, 0.33, 0.00
143.67, 73.00, 68.00, 0.33, 0.00
144.00, 48.00, 53.00, 1.00, 1.00
144.00, 72.00, 67.00, 0.50, 0.00
144.00, 80.00, 72.00, 1.50, 0.00
144.50, 73.00, 68.00, 0.50, 0.00
145.00, 60.00, 60.00, 1.00, 1.00
145.00, 67.00, 64.00, 1.00, 1.00
145.00, 70.00, 66.00, 1.00, 1.00
145.00, 72.00, 67.00, 0.50, 0.00
145.50, 73.00, 68.00, 0.50, 0.00
145.50, 76.00, 69.00, 0.50, 0.00
146.00, 60.00, 60.00, 1.00, 1.00
146.00, 67.00, 64.00, 1.00, 1.00
146.00, 70.00, 66.00, 1.00, 1.00
146.00, 72.00, 67.00, 0.50, 0.00
146.00, 80.00, 72.00, 0.50, 0.00
146.50, 70.00, 66.00, 0.50, 0.00
146.50, 76.00, 69.00, 0.50, 0.00
147.00, 53.00, 56.00, 2.00, 1.00
147.00, 70.00, 66.00, 0.75, 0.00
147.00, 76.00, 69.00, 0.75, 0.00
147.75, 68.00, 65.00, 0.25, 0.00
147.75, 77.00, 70.00, 0.25, 0.00
148.00, 60.00, 60.00, 1.00, 1.00
148.00, 65.00, 63.00, 1.00, 1.00
148.00, 68.00, 65.00, 1.00, 0.00
148.00, 77.00, 70.00, 1.00, 0.00
149.00, 53.00, 56.00, 1.00, 1.00
149.00, 60.00, 60.00, 1.00, 1.00
149.00, 69.00, 65.00, 1.00, 1.00
149.00, 77.00, 70.00, 1.00, 0.00
149.00, 89.00, 77.00, 1.00, 0.00
150.00, 41.00, 49.00, 1.00, 1.00
150.00, 80.00, 72.00, 0.75, 0.00
150.00, 92.00, 79.00, 0.75, 0.00
150.75, 78.00, 71.00, 0.25, 0.00
150.75, 90.00, 78.00, 0.25, 0.00
151.00, 60.00, 60.00, 1.00, 1.00
151.00, 63.00, 62.00, 1.00, 1.00
151.00, 69.00, 65.00, 1.00, 1.00
151.00, 72.00, 67.00, 1.00, 1.00
151.00, 78.00, 71.00, 1.00, 0.00
151.00, 90.00, 78.00, 1.00, 0.00
152.00, 53.00, 56.00, 1.00, 1.00
152.00, 60.00, 60.00, 1.00, 1.00
152.00, 63.00, 62.00, 1.00, 1.00
152.00, 69.00, 65.00, 1.00, 0.00
153.00, 46.00, 52.00, 1.00, 1.00
153.00, 70.00, 66.00, 3.00, 0.00
154.00, 53.00, 56.00, 1.00, 1.00
154.00, 61.00, 61.00, 1.00, 1.00
155.00, 51.00, 55.00, 1.00, 1.00
155.00, 54.00, 57.00, 1.00, 1.00
155.00, 61.00, 61.00, 1.00, 1.00
156.00, 44.00, 51.00, 1.00, 1.00
156.75, 66.00, 64.00, 0.25, 0.00
156.75, 68.00, 65.00, 0.25, 0.00
157.00, 51.00, 55.00, 1.00, 1.00
157.00, 56.00, 58.00, 1.00, 1.00
157.00, 60.00, 60.00, 0.50, 0.00
157.50, 66.00, 64.00, 0.50, 0.00
157.50, 68.00, 65.00, 0.50, 0.00
158.00, 51.00, 55.00, 1.00, 1.00
158.00, 56.00, 58.00, 1.00, 1.00
158.00, 60.00, 60.00, 1.00, 1.00
158.00, 75.00, 69.00, 1.00, 0.00
159.00, 37.00, 47.00, 1.00, 1.00
159.00, 70.00, 66.00, 0.50, 0.00
159.75, 65.00, 63.00, 0.25, 0.00
159.75, 68.00, 65.00, 0.25, 0.00
160.00, 53.00, 56.00, 1.00, 1.00
160.00, 56.00, 58.00, 1.00, 1.00
160.00, 61.00, 61.00, 0.50, 0.00
160.50, 65.00, 63.00, 0.50, 0.00
160.50, 68.00, 65.00, 0.50, 0.00
161.00, 53.00, 56.00, 1.00, 1.00
161.00, 56.00, 58.00, 1.00, 1.00
161.00, 61.00, 61.00, 1.00, 1.00
161.00, 77.00, 70.00, 1.00, 0.00
162.00, 44.00, 51.00, 1.00, 1.00
162.00, 70.00, 66.00, 0.50, 0.00
162.75, 66.00, 64.00, 0.25, 0.00
162.75, 68.00, 65.00, 0.25, 0.00
163.00, 51.00, 55.00, 1.00, 1.00
163.00, 56.00, 58.00, 1.00, 1.00
163.00, 60.00, 60.00, 0.50, 0.00
163.50, 66.00, 64.00, 0.50, 0.00
163.50, 68.00, 65.00, 0.50, 0.00
164.00, 51.00, 55.00, 1.00, 1.00
164.00, 56.00, 58.00, 1.00, 1.00
164.00, 60.00, 60.00, 1.00, 1.00
164.00, 78.00, 71.00, 1.00, 0.00
165.00, 49.00, 54.00, 1.00, 1.00
165.00, 82.00, 73.00, 1.50, 0.00
166.00, 56.00, 58.00, 1.00, 1.00
166.00, 59.00, 60.00, 1.00, 1.00
166.00, 65.00, 63.00, 1.00, 1.00
166.75, 80.00, 72.00, 0.25, 0.00
167.00, 50.00, 54.00, 1.00, 1.00
167.00, 71.00, 67.00, 0.75, 0.00
167.75, 80.00, 72.00, 0.25, 0.00
168.00, 51.00, 55.00, 1.00, 1.00
168.00, 70.00, 66.00, 0.87, 0.00
168.87, 80.00, 72.00, 0.12, 0.00
169.00, 54.00, 57.00, 1.00, 1.00
169.00, 58.00, 59.00, 1.00, 1.00
169.00, 63.00, 62.00, 1.00, 1.00
169.00, 70.00, 66.00, 0.87, 0.00
169.87, 80.00, 72.00, 0.12, 0.00
170.00, 42.00, 50.00, 1.00, 1.00
170.00, 70.00, 66.00, 0.87, 0.00
170.87, 78.00, 71.00, 0.12, 0.00
171.00, 44.00, 51.00, 1.00, 1.00
171.00, 69.00, 66.00, 0.87, 0.00
171.87, 78.00, 71.00, 0.12, 0.00
172.00, 53.00, 56.00, 1.00, 1.00
172.00, 61.00, 61.00, 1.00, 1.00
172.00, 68.00, 65.00, 0.87, 0.00
172.87, 78.00, 71.00, 0.12, 0.00
173.00, 53.00, 56.00, 1.00, 1.00
173.00, 61.00, 61.00, 1.00, 1.00
173.00, 68.00, 65.00, 0.87, 0.00
173.87, 77.00, 70.00, 0.12, 0.00
174.00, 44.00, 51.00, 1.00, 1.00
174.00, 67.00, 64.00, 0.87, 0.00
174.87, 77.00, 70.00, 0.12, 0.00
175.00, 51.00, 55.00, 1.00, 1.00
175.00, 56.00, 58.00, 1.00, 1.00
175.00, 60.00, 60.00, 1.00, 1.00
175.00, 66.00, 64.00, 0.87, 0.00
175.87, 77.00, 70.00, 0.12, 0.00
176.00, 51.00, 55.00, 1.00, 1.00
176.00, 56.00, 58.00, 1.00, 1.00
176.00, 60.00, 60.00, 1.00, 1.00
176.00, 66.00, 64.00, 0.87, 0.00
176.87, 75.00, 69.00, 0.12, 0.00
177.00, 49.00, 54.00, 2.00, 1.00
177.00, 65.00, 63.00, 0.75, 0.00
177.00, 65.00, 63.00, 1.00, 0.00
177.87, 75.00, 69.00, 0.12, 0.00
178.00, 56.00, 58.00, 1.00, 1.00
178.00, 61.00, 61.00, 1.00, 1.00
178.00, 65.00, 63.00, 1.00, 0.00
178.00, 73.00, 68.00, 0.33, 0.00
178.33, 75.00, 69.00, 0.33, 0.00
178.67, 73.00, 68.00, 0.33, 0.00
179.00, 43.00, 50.00, 1.00, 1.00
179.00, 64.00, 62.00, 1.00, 0.00
179.00, 72.00, 67.00, 0.50, 0.00
179.87, 70.00, 66.00, 0.12, 0.00
180.00, 44.00, 51.00, 1.00, 1.00
180.00, 60.00, 60.00, 1.00, 0.00
180.00, 70.00, 66.00, 0.50, 0.00
180.75, 66.00, 64.00, 0.25, 0.00
180.75, 68.00, 65.00, 0.25, 0.00
181.00, 51.00, 55.00, 1.00, 1.00
181.00, 56.00, 58.00, 1.00, 1.00
181.00, 60.00, 60.00, 0.50, 0.00
181.00, 60.00, 60.00, 1.00, 0.00
181.50, 66.00, 64.00, 0.50, 0.00
181.50, 68.00, 65.00, 0.50, 0.00
182.00, 51.00, 55.00, 1.00, 1.00
182.00, 56.00, 58.00, 1.00, 1.00
182.00, 60.00, 60.00, 1.00, 1.00
182.00, 75.00, 69.00, 1.00, 0.00
183.00, 37.00, 47.00, 1.00, 1.00
183.00, 70.00, 66.00, 0.50, 0.00
183.75, 65.00, 63.00, 0.25, 0.00
183.75, 68.00, 65.00, 0.25, 0.00
184.00, 53.00, 56.00, 1.00, 1.00
184.00, 56.00, 58.00, 1.00, 1.00
184.00, 61.00, 61.00, 0.50, 0.00
184.50, 65.00, 63.00, 0.50, 0.00
184.50, 68.00, 65.00, 0.50, 0.00
185.00, 53.00, 56.00, 1.00, 1.00
185.00, 56.00, 58.00, 1.00, 1.00
185.00, 61.00, 61.00, 1.00, 1.00
185.00, 77.00, 70.00, 1.00, 0.00
186.00, 44.00, 51.00, 1.00, 1.00
186.00, 70.00, 66.00, 0.50, 0.00
186.75, 66.00, 64.00, 0.25, 0.00
186.75, 68.00, 65.00, 0.25, 0.00
187.00, 51.00, 55.00, 1.00, 1.00
187.00, 56.00, 58.00, 1.00, 1.00
187.00, 60.00, 60.00, 0.50, 0.00
187.50, 66.00, 64.00, 0.50, 0.00
187.50, 68.00, 65.00, 0.50, 0.00
188.00, 51.00, 55.00, 1.00, 1.00
188.00, 56.00, 58.00, 1.00, 1.00
188.00, 60.00, 60.00, 1.00, 1.00
188.00, 78.00, 71.00, 1.00, 0.00
189.00, 49.00, 54.00, 1.00, 1.00
189.00, 82.00, 73.00, 1.50, 0.00
190.00, 56.00, 58.00, 1.00, 1.00
190.00, 59.00, 60.00, 1.00, 1.00
190.00, 65.00, 63.00, 1.00, 1.00
190.75, 80.00, 72.00, 0.25, 0.00
191.00, 50.00, 54.00, 1.00, 1.00
191.00, 71.00, 67.00, 0.75, 0.00
191.75, 80.00, 72.00, 0.25, 0.00
192.00, 51.00, 55.00, 1.00, 1.00
192.00, 70.00, 66.00, 0.87, 0.00
192.87, 80.00, 72.00, 0.12, 0.00
193.00, 54.00, 57.00, 1.00, 1.00
193.00, 58.00, 59.00, 1.00, 1.00
193.00, 63.00, 62.00, 1.00, 1.00
193.00, 70.00, 66.00, 0.87, 0.00
193.87, 80.00, 72.00, 0.12, 0.00
194.00, 42.00, 50.00, 1.00, 1.00
194.00, 70.00, 66.00, 0.87, 0.00
194.87, 78.00, 71.00, 0.12, 0.00
195.00, 44.00, 51.00, 1.00, 1.00
195.00, 69.00, 66.00, 0.87, 0.00
195.87, 78.00, 71.00, 0.12, 0.00
196.00, 53.00, 56.00, 1.00, 1.00
196.00, 61.00, 61.00, 1.00, 1.00
196.00, 68.00, 65.00, 0.87, 0.00
196.87, 78.00, 71.00, 0.12, 0.00
197.00, 53.00, 56.00, 1.00, 1.00
197.00, 61.00, 61.00, 1.00, 1.00
197.00, 68.00, 65.00, 0.87, 0.00
197.87, 77.00, 70.00, 0.12, 0.00
198.00, 44.00, 51.00, 1.00, 1.00
198.00, 67.00, 64.00, 0.87, 0.00
198.87, 76.00, 69.00, 0.12, 0.00
199.00, 51.00, 55.00, 1.00, 1.00
199.00, 60.00, 60.00, 1.00, 1.00
199.00, 66.00, 64.00, 0.87, 0.00
199.87, 75.00, 69.00, 0.12, 0.00
200.00, 65.00, 63.00, 0.87, 0.00
200.87, 74.00, 68.00, 0.12, 0.00
201.00, 64.00, 63.00, 0.87, 0.00
201.87, 73.00, 68.00, 0.12, 0.00
202.00, 63.00, 62.00, 0.87, 0.00
202.87, 73.00, 68.00, 0.12, 0.00
203.00, 63.00, 62.00, 0.87, 0.00
203.87, 73.00, 68.00, 1.62, 0.00
204.00, 41.00, 49.00, 1.00, 1.00
204.00, 63.00, 62.00, 1.50, 0.00
205.00, 53.00, 56.00, 1.00, 1.00
205.00, 60.00, 60.00, 1.00, 1.00
205.50, 66.00, 64.00, 0.50, 0.00
205.50, 69.00, 65.00, 0.50, 0.00
206.00, 53.00, 56.00, 1.00, 1.00
206.00, 60.00, 60.00, 1.00, 1.00
206.00, 65.00, 63.00, 0.50, 0.00
206.00, 73.00, 68.00, 0.50, 0.00
206.50, 63.00, 62.00, 0.50, 0.00
206.50, 69.00, 65.00, 0.50, 0.00
207.00, 46.00, 52.00, 1.00, 1.00
207.00, 63.00, 62.00, 0.75, 0.00
207.00, 69.00, 65.00, 0.75, 0.00
207.75, 61.00, 61.00, 0.25, 0.00
207.75, 70.00, 66.00, 0.25, 0.00
208.00, 53.00, 56.00, 1.00, 1.00
208.00, 58.00, 59.00, 1.00, 1.00
208.00, 61.00, 61.00, 1.00, 0.00
208.00, 70.00, 66.00, 1.00, 0.00
209.00, 51.00, 55.00, 1.00, 1.00
209.00, 61.00, 61.00, 1.00, 1.00
209.00, 67.00, 64.00, 1.00, 0.00
209.00, 70.00, 66.00, 1.00, 0.00
210.00, 44.00, 51.00, 1.00, 1.00
210.00, 68.00, 65.00, 1.50, 0.00
210.00, 77.00, 70.00, 1.50, 0.00
211.00, 56.00, 58.00, 1.00, 1.00
211.00, 66.00, 64.00, 1.00, 1.00
211.50, 69.00, 66.00, 0.50, 0.00
211.50, 72.00, 67.00, 0.50, 0.00
212.00, 56.00, 58.00, 1.00, 1.00
212.00, 66.00, 64.00, 1.00, 1.00
212.00, 68.00, 65.00, 0.50, 0.00
212.00, 77.00, 70.00, 0.50, 0.00
212.50, 66.00, 64.00, 0.50, 0.00
212.50, 72.00, 67.00, 0.50, 0.00
213.00, 49.00, 54.00, 1.00, 1.00
213.00, 66.00, 64.00, 0.75, 0.00
213.00, 72.00, 67.00, 0.75, 0.00
213.75, 65.00, 63.00, 0.25, 0.00
213.75, 73.00, 68.00, 0.25, 0.00
214.00, 56.00, 58.00, 1.00, 1.00
214.00, 61.00, 61.00, 1.00, 1.00
214.00, 65.00, 63.00, 1.00, 0.00
214.00, 73.00, 68.00, 1.00, 0.00
215.00, 55.00, 57.00, 1.00, 1.00
215.00, 65.00, 63.00, 1.00, 1.00
215.00, 71.00, 66.00, 1.00, 0.00
215.00, 73.00, 68.00, 1.00, 0.00
216.00, 48.00, 53.00, 1.00, 1.00
216.00, 72.00, 67.00, 1.50, 0.00
216.00, 80.00, 72.00, 1.50, 0.00
217.00, 60.00, 60.00, 1.00, 1.00
217.00, 70.00, 66.00, 1.00, 1.00
217.50, 73.00, 68.00, 0.50, 0.00
217.50, 76.00, 69.00, 0.50, 0.00
218.00, 60.00, 60.00, 1.00, 1.00
218.00, 70.00, 66.00, 1.00, 1.00
218.00, 72.00, 67.00, 0.50, 0.00
218.00, 80.00, 72.00, 0.50, 0.00
218.50, 70.00, 66.00, 0.50, 0.00
218.50, 76.00, 69.00, 0.50, 0.00
219.00, 53.00, 56.00, 3.00, 1.00
219.00, 70.00, 66.00, 0.75, 0.00
219.00, 76.00, 69.00, 0.75, 0.00
219.75, 69.00, 65.00, 0.25, 0.00
219.75, 77.00, 70.00, 0.25, 0.00
220.00, 60.00, 60.00, 1.00, 1.00
220.00, 65.00, 63.00, 1.00, 1.00
220.00, 69.00, 65.00, 1.00, 0.00
220.00, 77.00, 70.00, 1.00, 0.00
221.00, 60.00, 60.00, 1.00, 1.00
221.00, 69.00, 65.00, 1.00, 1.00
221.00, 77.00, 70.00, 1.75, 0.00
221.00, 89.00, 77.00, 1.75, 0.00
222.00, 41.00, 49.00, 1.00, 1.00
222.75, 78.00, 71.00, 0.25, 0.00
222.75, 90.00, 78.00, 0.25, 0.00
223.00, 60.00, 60.00, 1.00, 1.00
223.00, 63.00, 62.00, 1.00, 1.00
223.00, 69.00, 65.00, 1.00, 1.00
223.00, 78.00, 71.00, 1.00, 0.00
223.00, 90.00, 78.00, 1.00, 0.00
224.00, 63.00, 62.00, 1.00, 1.00
224.00, 69.00, 65.00, 1.00, 0.00
224.00, 72.00, 67.00, 1.00, 1.00
225.00, 46.00, 52.00, 1.00, 1.00
225.00, 72.00, 67.00, 1.50, 0.00
226.00, 53.00, 56.00, 1.00, 1.00
226.00, 61.00, 61.00, 1.00, 1.00
226.50, 70.00, 66.00, 0.50, 0.00
227.00, 53.00, 56.00, 1.00, 1.00
227.00, 61.00, 61.00, 1.00, 1.00
227.00, 70.00, 66.00, 0.33, 0.00
227.33, 68.00, 65.00, 0.33, 0.00
227.67, 66.00, 64.00, 0.33, 0.00
228.00, 46.00, 52.00, 1.00, 1.00
228.00, 65.00, 63.00, 0.50, 0.00
228.00, 73.00, 68.00, 1.50, 0.00
228.50, 66.00, 64.00, 0.50, 0.00
229.00, 53.00, 56.00, 1.00, 1.00
229.00, 60.00, 60.00, 1.00, 1.00
229.00, 63.00, 62.00, 1.00, 1.00
229.00, 65.00, 63.00, 0.50, 0.00
229.50, 66.00, 64.00, 0.50, 0.00
229.50, 69.00, 65.00, 0.50, 0.00
230.00, 53.00, 56.00, 1.00, 1.00
230.00, 60.00, 60.00, 1.00, 1.00
230.00, 63.00, 62.00, 1.00, 1.00
230.00, 65.00, 63.00, 0.50, 0.00
230.00, 73.00, 68.00, 0.50, 0.00
230.50, 63.00, 62.00, 0.50, 0.00
230.50, 69.00, 65.00, 0.50, 0.00
231.00, 46.00, 52.00, 1.00, 1.00
231.00, 63.00, 62.00, 0.75, 0.00
231.00, 69.00, 65.00, 0.75, 0.00
231.75, 61.00, 61.00, 0.25, 0.00
231.75, 70.00, 66.00, 0.25, 0.00
232.00, 53.00, 56.00, 1.00, 1.00
232.00, 58.00, 59.00, 1.00, 1.00
232.00, 61.00, 61.00, 1.00, 0.00
232.00, 70.00, 66.00, 1.00, 0.00
233.00, 51.00, 55.00, 1.00, 1.00
233.00, 61.00, 61.00, 1.00, 1.00
233.00, 67.00, 64.00, 1.00, 0.00
233.00, 70.00, 66.00, 0.33, 0.00
233.33, 72.00, 67.00, 0.33, 0.00
233.67, 70.00, 66.00, 0.33, 0.00
234.00, 44.00, 51.00, 1.00, 1.00
234.00, 68.00, 65.00, 0.50, 0.00
234.00, 77.00, 70.00, 1.50, 0.00
234.50, 69.00, 66.00, 0.50, 0.00
235.00, 56.00, 58.00, 1.00, 1.00
235.00, 60.00, 60.00, 1.00, 1.00
235.00, 66.00, 64.00, 1.00, 1.00
235.00, 68.00, 65.00, 0.50, 0.00
235.50, 69.00, 66.00, 0.50, 0.00
235.50, 72.00, 67.00, 0.50, 0.00
236.00, 56.00, 58.00, 1.00, 1.00
236.00, 60.00, 60.00, 1.00, 1.00
236.00, 66.00, 64.00, 1.00, 1.00
236.00, 68.00, 65.00, 0.50, 0.00
236.00, 77.00, 70.00, 0.50, 0.00
236.50, 66.00, 64.00, 0.50, 0.00
236.50, 72.00, 67.00, 0.50, 0.00
237.00, 49.00, 54.00, 1.00, 1.00
237.00, 66.00, 64.00, 0.75, 0.00
237.00, 72.00, 67.00, 0.75, 0.00
237.75, 65.00, 63.00, 0.25, 0.00
237.75, 73.00, 68.00, 0.25, 0.00
238.00, 56.00, 58.00, 1.00, 1.00
238.00, 61.00, 61.00, 1.00, 1.00
238.00, 65.00, 63.00, 1.00, 0.00
238.00, 73.00, 68.00, 1.00, 0.00
239.00, 55.00, 57.00, 1.00, 1.00
239.00, 65.00, 63.00, 1.00, 1.00
239.00, 71.00, 66.00, 1.00, 0.00
239.00, 73.00, 68.00, 0.33, 0.00
239.33, 75.00, 69.00, 0.33, 0.00
239.67, 73.00, 68.00, 0.33, 0.00
240.00, 48.00, 53.00, 1.00, 1.00
240.00, 72.00, 67.00, 0.50, 0.00
240.00, 80.00, 72.00, 1.50, 0.00
240.50, 73.00, 68.00, 0.50, 0.00
241.00, 60.00, 60.00, 1.00, 1.00
241.00, 67.00, 64.00, 1.00, 1.00
241.00, 70.00, 66.00, 1.00, 1.00
241.00, 72.00, 67.00, 0.50, 0.00
241.50, 73.00, 68.00, 0.50, 0.00
241.50, 76.00, 69.00, 0.50, 0.00
242.00, 60.00, 60.00, 1.00, 1.00
242.00, 67.00, 64.00, 1.00, 1.00
242.00, 70.00, 66.00, 1.00, 1.00
242.00, 72.00, 67.00, 0.50, 0.00
242.00, 80.00, 72.00, 0.50, 0.00
242.50, 70.00, 66.00, 0.50, 0.00
242.50, 76.00, 69.00, 0.50, 0.00
243.00, 53.00, 56.00, 2.00, 1.00
243.00, 70.00, 66.00, 0.75, 0.00
243.00, 76.00, 69.00, 0.75, 0.00
243.75, 68.00, 65.00, 0.25, 0.00
243.75, 77.00, 70.00, 0.25, 0.00
244.00, 60.00, 60.00, 1.00, 1.00
244.00, 65.00, 63.00, 1.00, 1.00
244.00, 68.00, 65.00, 1.00, 0.00
244.00, 77.00, 70.00, 1.00, 0.00
245.00, 53.00, 56.00, 1.00, 1.00
245.00, 60.00, 60.00, 1.00, 1.00
245.00, 69.00, 65.00, 1.00, 1.00
245.00, 77.00, 70.00, 1.00, 0.00
245.00, 89.00, 77.00, 1.00, 0.00
246.00, 41.00, 49.00, 1.00, 1.00
246.00, 80.00, 72.00, 0.75, 0.00
246.00, 92.00, 79.00, 0.75, 0.00
246.75, 78.00, 71.00, 0.25, 0.00
246.75, 90.00, 78.00, 0.25, 0.00
247.00, 60.00, 60.00, 1.00, 1.00
247.00, 63.00, 62.00, 1.00, 1.00
247.00, 69.00, 65.00, 1.00, 1.00
247.00, 72.00, 67.00, 1.00, 1.00
247.00, 78.00, 71.00, 1.00, 0.00
247.00, 90.00, 78.00, 1.00, 0.00
248.00, 53.00, 56.00, 1.00, 1.00
248.00, 60.00, 60.00, 1.00, 1.00
248.00, 63.00, 62.00, 1.00, 1.00
248.00, 69.00, 65.00, 1.00, 0.00
249.00, 46.00, 52.00, 1.00, 1.00
249.00, 70.00, 66.00, 2.00, 0.00
250.00, 53.00, 56.00, 1.00, 1.00
250.00, 61.00, 61.00, 1.00, 1.00
251.00, 65.00, 63.00, 2.00, 1.00
251.00, 77.00, 70.00, 2.00, 0.00
253.00, 66.00, 64.00, 1.50, 1.00
253.00, 78.00, 71.00, 1.50, 0.00
254.50, 61.00, 61.00, 0.50, 1.00
254.50, 73.00, 68.00, 0.50, 0.00
255.00, 64.00, 62.00, 0.50, 1.00
255.00, 76.00, 69.00, 0.50, 0.00
255.50, 60.00, 60.00, 0.50, 1.00
255.50, 72.00, 67.00, 0.50, 0.00
256.00, 58.00, 59.00, 1.00, 1.00
256.00, 70.00, 66.00, 1.00, 0.00
257.00, 58.00, 59.00, 1.00, 1.00
257.00, 70.00, 66.00, 1.00, 0.00
258.00, 65.00, 63.00, 0.50, 1.00
258.00, 77.00, 70.00, 0.50, 0.00
258.50, 68.00, 65.00, 0.50, 1.00
258.50, 80.00, 72.00, 0.50, 0.00
259.00, 66.00, 64.00, 1.00, 1.00
259.00, 78.00, 71.00, 1.00, 0.00
260.00, 66.00, 64.00, 0.50, 1.00
260.00, 78.00, 71.00, 0.50, 0.00
260.50, 61.00, 61.00, 0.50, 1.00
260.50, 73.00, 68.00, 0.50, 0.00
261.00, 64.00, 62.00, 0.50, 1.00
261.00, 76.00, 69.00, 0.50, 0.00
261.50, 60.00, 60.00, 0.50, 1.00
261.50, 72.00, 67.00, 0.50, 0.00
262.00, 58.00, 59.00, 2.00, 1.00
262.00, 70.00, 66.00, 3.00, 0.00
264.00, 48.00, 53.00, 1.00, 1.00
264.00, 55.00, 57.00, 1.00, 1.00
264.00, 58.00, 59.00, 1.00, 0.00
264.00, 60.00, 60.00, 1.00, 1.00
264.00, 64.00, 62.00, 1.00, 0.00
265.00, 48.00, 53.00, 1.00, 1.00
265.00, 53.00, 56.00, 1.00, 1.00
265.00, 57.00, 58.00, 1.00, 0.00
265.00, 60.00, 60.00, 1.00, 1.00
265.00, 65.00, 63.00, 1.00, 0.00
265.00, 69.00, 65.00, 1.00, 0.00
266.00, 48.00, 53.00, 1.00, 1.00
266.00, 53.00, 56.00, 1.00, 1.00
266.00, 57.00, 58.00, 1.00, 0.00
266.00, 60.00, 60.00, 1.00, 1.00
266.00, 65.00, 63.00, 1.00, 0.00
266.00, 69.00, 65.00, 1.00, 0.00
267.00, 48.00, 53.00, 1.00, 1.00
267.00, 55.00, 57.00, 1.00, 1.00
267.00, 60.00, 60.00, 1.00, 1.00
267.00, 64.00, 62.00, 0.50, 0.00
267.00, 72.00, 67.00, 0.50, 0.00
267.50, 58.00, 59.00, 0.50, 0.00
267.50, 70.00, 66.00, 0.50, 0.00
268.00, 48.00, 53.00, 1.00, 1.00
268.00, 53.00, 56.00, 1.00, 1.00
268.00, 57.00, 58.00, 1.00, 0.00
268.00, 60.00, 60.00, 1.00, 1.00
268.00, 65.00, 63.00, 1.00, 0.00
268.00, 69.00, 65.00, 1.00, 0.00
269.00, 48.00, 53.00, 1.00, 1.00
269.00, 53.00, 56.00, 1.00, 1.00
269.00, 57.00, 58.00, 1.00, 0.00
269.00, 60.00, 60.00, 1.00, 1.00
269.00, 65.00, 63.00, 1.00, 0.00
269.00, 69.00, 65.00, 1.00, 0.00
270.00, 48.00, 53.00, 1.00, 1.00
270.00, 55.00, 57.00, 1.00, 1.00
270.00, 58.00, 59.00, 1.00, 0.00
270.00, 60.00, 60.00, 1.00, 1.00
270.00, 64.00, 62.00, 1.00, 0.00
270.00, 70.00, 66.00, 1.00, 0.00
271.00, 48.00, 53.00, 1.00, 1.00
271.00, 53.00, 56.00, 1.00, 1.00
271.00, 57.00, 58.00, 1.00, 0.00
271.00, 60.00, 60.00, 1.00, 1.00
271.00, 65.00, 63.00, 1.00, 0.00
271.00, 69.00, 65.00, 1.00, 0.00
272.00, 48.00, 53.00, 1.00, 1.00
272.00, 53.00, 56.00, 1.00, 1.00
272.00, 57.00, 58.00, 1.00, 0.00
272.00, 60.00, 60.00, 1.00, 1.00
272.00, 65.00, 63.00, 1.00, 0.00
272.00, 69.00, 65.00, 1.00, 0.00
273.00, 48.00, 53.00, 1.00, 1.00
273.00, 55.00, 57.00, 1.00, 1.00
273.00, 58.00, 59.00, 1.00, 0.00
273.00, 60.00, 60.00, 1.00, 1.00
273.00, 64.00, 62.00, 1.00, 0.00
273.00, 69.00, 65.00, 0.50, 0.00
273.50, 67.00, 64.00, 0.50, 0.00
274.00, 53.00, 56.00, 2.00, 1.00
274.00, 57.00, 58.00, 2.00, 0.00
274.00, 60.00, 60.00, 2.00, 1.00
274.00, 65.00, 63.00, 2.00, 0.00
276.00, 65.00, 63.00, 1.00, 1.00
276.00, 77.00, 70.00, 1.00, 0.00
277.00, 66.00, 64.00, 1.50, 1.00
277.00, 78.00, 71.00, 1.50, 0.00
278.50, 61.00, 61.00, 0.50, 1.00
278.50, 73.00, 68.00, 0.50, 0.00
279.00, 64.00, 62.00, 0.50, 1.00
279.00, 76.00, 69.00, 0.50, 0.00
279.50, 60.00, 60.00, 0.50, 1.00
279.50, 72.00, 67.00, 0.50, 0.00
280.00, 58.00, 59.00, 1.00, 1.00
280.00, 70.00, 66.00, 1.00, 0.00
281.00, 58.00, 59.00, 1.00, 1.00
281.00, 70.00, 66.00, 1.00, 0.00
282.00, 65.00, 63.00, 0.50, 1.00
282.00, 77.00, 70.00, 0.50, 0.00
282.50, 68.00, 65.00, 0.50, 1.00
282.50, 80.00, 72.00, 0.50, 0.00
283.00, 66.00, 64.00, 1.00, 1.00
283.00, 78.00, 71.00, 1.00, 0.00
284.00, 66.00, 64.00, 0.50, 1.00
284.00, 78.00, 71.00, 0.50, 0.00
284.50, 61.00, 61.00, 0.50, 1.00
284.50, 73.00, 68.00, 0.50, 0.00
285.00, 64.00, 62.00, 0.50, 1.00
285.00, 76.00, 69.00, 0.50, 0.00
285.50, 60.00, 60.00, 0.50, 1.00
285.50, 72.00, 67.00, 0.50, 0.00
286.00, 58.00, 59.00, 2.00, 1.00
286.00, 70.00, 66.00, 3.00, 0.00
288.00, 48.00, 53.00, 1.00, 1.00
288.00, 55.00, 57.00, 1.00, 1.00
288.00, 58.00, 59.00, 1.00, 0.00
288.00, 60.00, 60.00, 1.00, 1.00
288.00, 64.00, 62.00, 1.00, 0.00
289.00, 48.00, 53.00, 1.00, 1.00
289.00, 53.00, 56.00, 1.00, 1.00
289.00, 57.00, 58.00, 1.00, 0.00
289.00, 60.00, 60.00, 1.00, 1.00
289.00, 65.00, 63.00, 1.00, 0.00
289.00, 69.00, 65.00, 1.00, 0.00
290.00, 48.00, 53.00, 1.00, 1.00
290.00, 53.00, 56.00, 1.00, 1.00
290.00, 57.00, 58.00, 1.00, 0.00
290.00, 60.00, 60.00, 1.00, 1.00
290.00, 65.00, 63.00, 1.00, 0.00
290.00, 69.00, 65.00, 1.00, 0.00
291.00, 48.00, 53.00, 1.00, 1.00
291.00, 55.00, 57.00, 1.00, 1.00
291.00, 60.00, 60.00, 1.00, 1.00
291.00, 64.00, 62.00, 0.50, 0.00
291.00, 72.00, 67.00, 0.50, 0.00
291.50, 58.00, 59.00, 0.50, 0.00
291.50, 70.00, 66.00, 0.50, 0.00
292.00, 48.00, 53.00, 1.00, 1.00
292.00, 53.00, 56.00, 1.00, 1.00
292.00, 57.00, 58.00, 1.00, 0.00
292.00, 60.00, 60.00, 1.00, 1.00
292.00, 65.00, 63.00, 1.00, 0.00
292.00, 69.00, 65.00, 1.00, 0.00
293.00, 48.00, 53.00, 1.00, 1.00
293.00, 53.00, 56.00, 1.00, 1.00
293.00, 57.00, 58.00, 1.00, 0.00
293.00, 60.00, 60.00, 1.00, 1.00
293.00, 65.00, 63.00, 1.00, 0.00
293.00, 69.00, 65.00, 1.00, 0.00
294.00, 48.00, 53.00, 1.00, 1.00
294.00, 55.00, 57.00, 1.00, 1.00
294.00, 58.00, 59.00, 1.00, 0.00
294.00, 60.00, 60.00, 1.00, 1.00
294.00, 64.00, 62.00, 1.00, 0.00
294.00, 70.00, 66.00, 1.00, 0.00
295.00, 48.00, 53.00, 1.00, 1.00
295.00, 53.00, 56.00, 1.00, 1.00
295.00, 57.00, 58.00, 1.00, 0.00
295.00, 60.00, 60.00, 1.00, 1.00
295.00, 65.00, 63.00, 1.00, 0.00
295.00, 69.00, 65.00, 1.00, 0.00
296.00, 48.00, 53.00, 1.00, 1.00
296.00, 53.00, 56.00, 1.00, 1.00
296.00, 57.00, 58.00, 1.00, 0.00
296.00, 60.00, 60.00, 1.00, 1.00
296.00, 65.00, 63.00, 1.00, 0.00
296.00, 69.00, 65.00, 1.00, 0.00
297.00, 48.00, 53.00, 1.00, 1.00
297.00, 55.00, 57.00, 1.00, 1.00
297.00, 58.00, 59.00, 1.00, 0.00
297.00, 60.00, 60.00, 1.00, 1.00
297.00, 64.00, 62.00, 1.00, 0.00
297.00, 69.00, 65.00, 0.50, 0.00
297.50, 67.00, 64.00, 0.50, 0.00
298.00, 53.00, 56.00, 1.00, 1.00
298.00, 57.00, 58.00, 1.00, 0.00
298.00, 60.00, 60.00, 1.00, 1.00
298.00, 65.00, 63.00, 1.00, 0.00
299.00, 65.00, 63.00, 1.33, 0.00
300.00, 42.00, 50.00, 1.00, 1.00
300.33, 66.00, 64.00, 0.33, 0.00
300.67, 65.00, 63.00, 0.33, 0.00
301.00, 51.00, 55.00, 1.00, 1.00
301.00, 58.00, 59.00, 1.00, 1.00
301.00, 63.00, 62.00, 0.50, 0.00
301.50, 65.00, 63.00, 0.50, 0.00
302.00, 51.00, 55.00, 1.00, 1.00
302.00, 58.00, 59.00, 1.00, 1.00
302.00, 66.00, 64.00, 0.50, 0.00
302.50, 68.00, 65.00, 0.50, 0.00
303.00, 42.00, 50.00, 1.00, 1.00
303.00, 72.00, 67.00, 0.50, 0.00
304.00, 51.00, 55.00, 1.00, 1.00
304.00, 58.00, 59.00, 1.00, 1.00
304.00, 70.00, 66.00, 2.00, 0.00
305.00, 51.00, 55.00, 1.00, 1.00
305.00, 58.00, 59.00, 1.00, 1.00
306.00, 44.00, 51.00, 1.00, 1.00
306.00, 56.00, 58.00, 0.50, 0.00
306.75, 66.00, 64.00, 0.25, 0.00
307.00, 51.00, 55.00, 1.00, 1.00
307.00, 60.00, 60.00, 1.00, 1.00
307.00, 66.00, 64.00, 0.33, 0.00
307.33, 68.00, 65.00, 0.33, 0.00
307.67, 66.00, 64.00, 0.33, 0.00
308.00, 51.00, 55.00, 1.00, 1.00
308.00, 60.00, 60.00, 1.00, 1.00
308.00, 65.00, 63.00, 0.50, 0.00
308.50, 63.00, 62.00, 0.50, 0.00
309.00, 37.00, 47.00, 1.00, 1.00
309.00, 65.00, 63.00, 0.50, 0.00
310.00, 53.00, 56.00, 1.00, 1.00
310.00, 56.00, 58.00, 1.00, 1.00
310.00, 61.00, 61.00, 1.00, 0.00
311.00, 53.00, 56.00, 1.00, 1.00
311.00, 56.00, 58.00, 1.00, 1.00
312.00, 42.00, 50.00, 1.00, 1.00
312.00, 65.00, 63.00, 0.33, 0.00
312.33, 66.00, 64.00, 0.33, 0.00
312.67, 65.00, 63.00, 0.33, 0.00
313.00, 51.00, 55.00, 1.00, 1.00
313.00, 57.00, 59.00, 1.00, 1.00
313.00, 63.00, 62.00, 0.50, 0.00
313.50, 65.00, 63.00, 0.50, 0.00
314.00, 51.00, 55.00, 1.00, 1.00
314.00, 57.00, 59.00, 1.00, 1.00
314.00, 66.00, 64.00, 0.50, 0.00
314.50, 68.00, 65.00, 0.50, 0.00
315.00, 42.00, 50.00, 1.00, 1.00
315.00, 71.00, 67.00, 0.50, 0.00
316.00, 51.00, 55.00, 1.00, 1.00
316.00, 61.00, 61.00, 1.00, 1.00
316.00, 69.00, 66.00, 2.00, 0.00
317.00, 51.00, 55.00, 1.00, 1.00
317.00, 61.00, 61.00, 1.00, 1.00
318.00, 44.00, 51.00, 1.00, 1.00
318.00, 56.00, 58.00, 0.50, 0.00
318.75, 66.00, 64.00, 0.25, 0.00
319.00, 51.00, 55.00, 1.00, 1.00
319.00, 54.00, 57.00, 1.00, 1.00
319.00, 60.00, 60.00, 1.00, 1.00
319.00, 66.00, 64.00, 0.33, 0.00
319.33, 68.00, 65.00, 0.33, 0.00
319.67, 66.00, 64.00, 0.33, 0.00
320.00, 51.00, 55.00, 1.00, 1.00
320.00, 54.00, 57.00, 1.00, 1.00
320.00, 60.00, 60.00, 1.00, 1.00
320.00, 64.00, 63.00, 0.50, 0.00
320.50, 63.00, 62.00, 0.50, 0.00
321.00, 37.00, 47.00, 1.00, 1.00
321.00, 64.00, 63.00, 0.50, 0.00
322.00, 52.00, 56.00, 1.00, 1.00
322.00, 56.00, 58.00, 1.00, 1.00
322.00, 61.00, 61.00, 1.00, 0.00
323.00, 52.00, 56.00, 1.00, 1.00
323.00, 56.00, 58.00, 1.00, 1.00
324.00, 45.00, 51.00, 1.00, 1.00
324.00, 68.00, 64.00, 0.33, 0.00
324.33, 69.00, 65.00, 0.33, 0.00
324.67, 68.00, 64.00, 0.33, 0.00
325.00, 54.00, 56.00, 1.00, 1.00
325.00, 61.00, 60.00, 1.00, 1.00
325.00, 64.00, 62.00, 1.00, 1.00
325.00, 66.00, 63.00, 0.50, 0.00
325.50, 68.00, 64.00, 0.50, 0.00
326.00, 54.00, 56.00, 1.00, 1.00
326.00, 61.00, 60.00, 1.00, 1.00
326.00, 64.00, 62.00, 1.00, 1.00
326.00, 69.00, 65.00, 0.50, 0.00
326.50, 71.00, 66.00, 0.50, 0.00
327.00, 44.00, 51.00, 1.00, 1.00
327.00, 75.00, 68.00, 0.50, 0.00
328.00, 54.00, 56.00, 1.00, 1.00
328.00, 61.00, 60.00, 1.00, 1.00
328.00, 64.00, 62.00, 1.00, 1.00
328.00, 73.00, 67.00, 2.00, 0.00
329.00, 54.00, 56.00, 1.00, 1.00
329.00, 61.00, 60.00, 1.00, 1.00
329.00, 64.00, 62.00, 1.00, 1.00
330.00, 47.00, 52.00, 1.00, 1.00
330.00, 59.00, 59.00, 0.50, 0.00
330.75, 69.00, 65.00, 0.25, 0.00
331.00, 54.00, 56.00, 1.00, 1.00
331.00, 57.00, 58.00, 1.00, 1.00
331.00, 63.00, 61.00, 1.00, 1.00
331.00, 69.00, 65.00, 0.33, 0.00
331.33, 71.00, 66.00, 0.33, 0.00
331.67, 69.00, 65.00, 0.33, 0.00
332.00, 54.00, 56.00, 1.00, 1.00
332.00, 57.00, 58.00, 1.00, 1.00
332.00, 63.00, 61.00, 1.00, 1.00
332.00, 68.00, 64.00, 0.50, 0.00
332.50, 66.00, 63.00, 0.50, 0.00
333.00, 40.00, 48.00, 1.00, 1.00
333.00, 68.00, 64.00, 0.50, 0.00
334.00, 56.00, 57.00, 1.00, 1.00
334.00, 59.00, 59.00, 1.00, 1.00
334.00, 64.00, 62.00, 1.00, 0.00
335.00, 56.00, 57.00, 1.00, 1.00
335.00, 59.00, 59.00, 1.00, 1.00
336.00, 42.00, 50.00, 1.00, 1.00
336.00, 64.00, 63.00, 0.33, 0.00
336.33, 66.00, 64.00, 0.33, 0.00
336.67, 64.00, 63.00, 0.33, 0.00
337.00, 51.00, 55.00, 1.00, 1.00
337.00, 57.00, 59.00, 1.00, 1.00
337.00, 63.00, 62.00, 0.50, 0.00
337.50, 64.00, 63.00, 0.50, 0.00
338.00, 51.00, 55.00, 1.00, 1.00
338.00, 57.00, 59.00, 1.00, 1.00
338.00, 66.00, 64.00, 0.50, 0.00
338.50, 68.00, 65.00, 0.50, 0.00
339.00, 42.00, 50.00, 1.00, 1.00
339.00, 71.00, 67.00, 2.00, 0.00
340.00, 51.00, 55.00, 1.00, 1.00
340.00, 61.00, 61.00, 1.00, 1.00
341.00, 51.00, 55.00, 1.00, 1.00
341.00, 61.00, 61.00, 1.00, 1.00
341.00, 69.00, 66.00, 1.00, 0.00
342.00, 44.00, 51.00, 1.00, 1.00
342.00, 56.00, 58.00, 0.50, 0.00
342.75, 66.00, 64.00, 0.25, 0.00
343.00, 51.00, 55.00, 1.00, 1.00
343.00, 60.00, 60.00, 1.00, 1.00
343.00, 66.00, 64.00, 0.33, 0.00
343.33, 68.00, 65.00, 0.33, 0.00
343.67, 66.00, 64.00, 0.33, 0.00
344.00, 51.00, 55.00, 1.00, 1.00
344.00, 60.00, 60.00, 1.00, 1.00
344.00, 65.00, 63.00, 0.50, 0.00
344.50, 63.00, 62.00, 0.50, 0.00
345.00, 44.00, 51.00, 1.00, 1.00
345.00, 70.00, 66.00, 2.00, 0.00
346.00, 51.00, 55.00, 1.00, 1.00
346.00, 54.00, 57.00, 1.00, 1.00
346.00, 60.00, 60.00, 1.00, 1.00
347.00, 51.00, 55.00, 1.00, 1.00
347.00, 54.00, 57.00, 1.00, 1.00
347.00, 60.00, 60.00, 1.00, 1.00
347.00, 68.00, 65.00, 1.00, 0.00
348.00, 32.00, 44.00, 1.00, 1.00
348.00, 65.00, 63.00, 0.33, 0.00
348.33, 66.00, 64.00, 0.33, 0.00
348.67, 65.00, 63.00, 0.33, 0.00
349.00, 51.00, 55.00, 1.00, 1.00
349.00, 54.00, 57.00, 1.00, 1.00
349.00, 60.00, 60.00, 1.00, 1.00
349.00, 63.00, 62.00, 0.50, 0.00
349.50, 65.00, 63.00, 0.50, 0.00
350.00, 51.00, 55.00, 1.00, 1.00
350.00, 54.00, 57.00, 1.00, 1.00
350.00, 60.00, 60.00, 1.00, 1.00
350.00, 66.00, 64.00, 0.50, 0.00
350.50, 68.00, 65.00, 0.50, 0.00
351.00, 44.00, 51.00, 1.00, 1.00
351.00, 72.00, 67.00, 0.50, 0.00
352.00, 51.00, 55.00, 1.00, 1.00
352.00, 54.00, 57.00, 1.00, 1.00
352.00, 60.00, 60.00, 1.00, 1.00
352.00, 70.00, 66.00, 2.00, 0.00
353.00, 51.00, 55.00, 1.00, 1.00
353.00, 54.00, 57.00, 1.00, 1.00
353.00, 60.00, 60.00, 1.00, 1.00
354.00, 44.00, 51.00, 1.00, 1.00
354.00, 56.00, 58.00, 0.50, 0.00
354.75, 66.00, 64.00, 0.25, 0.00
355.00, 51.00, 55.00, 1.00, 1.00
355.00, 54.00, 57.00, 1.00, 1.00
355.00, 60.00, 60.00, 1.00, 1.00
355.00, 66.00, 64.00, 0.33, 0.00
355.33, 68.00, 65.00, 0.33, 0.00
355.67, 66.00, 64.00, 0.33, 0.00
356.00, 51.00, 55.00, 1.00, 1.00
356.00, 54.00, 57.00, 1.00, 1.00
356.00, 60.00, 60.00, 1.00, 1.00
356.00, 65.00, 63.00, 0.50, 0.00
356.50, 63.00, 62.00, 0.50, 0.00
357.00, 37.00, 47.00, 1.00, 1.00
357.00, 65.00, 63.00, 0.50, 0.00
358.00, 53.00, 56.00, 1.00, 1.00
358.00, 56.00, 58.00, 1.00, 1.00
358.00, 61.00, 61.00, 1.00, 0.00
359.00, 53.00, 56.00, 1.00, 1.00
359.00, 56.00, 58.00, 1.00, 1.00
360.00, 42.00, 50.00, 1.00, 1.00
360.00, 65.00, 63.00, 0.33, 0.00
360.33, 66.00, 64.00, 0.33, 0.00
360.67, 65.00, 63.00, 0.33, 0.00
361.00, 51.00, 55.00, 1.00, 1.00
361.00, 57.00, 59.00, 1.00, 1.00
361.00, 63.00, 62.00, 0.50, 0.00
361.50, 65.00, 63.00, 0.50, 0.00
362.00, 51.00, 55.00, 1.00, 1.00
362.00, 57.00, 59.00, 1.00, 1.00
362.00, 66.00, 64.00, 0.50, 0.00
362.50, 68.00, 65.00, 0.50, 0.00
363.00, 42.00, 50.00, 1.00, 1.00
363.00, 71.00, 67.00, 0.50, 0.00
364.00, 51.00, 55.00, 1.00, 1.00
364.00, 61.00, 61.00, 1.00, 1.00
364.00, 69.00, 66.00, 2.00, 0.00
365.00, 51.00, 55.00, 1.00, 1.00
365.00, 61.00, 61.00, 1.00, 1.00
366.00, 44.00, 51.00, 1.00, 1.00
366.00, 56.00, 58.00, 0.50, 0.00
366.75, 66.00, 64.00, 0.25, 0.00
367.00, 51.00, 55.00, 1.00, 1.00
367.00, 54.00, 57.00, 1.00, 1.00
367.00, 60.00, 60.00, 1.00, 1.00
367.00, 66.00, 64.00, 0.33, 0.00
367.33, 68.00, 65.00, 0.33, 0.00
367.67, 66.00, 64.00, 0.33, 0.00
368.00, 51.00, 55.00, 1.00, 1.00
368.00, 54.00, 57.00, 1.00, 1.00
368.00, 60.00, 60.00, 1.00, 1.00
368.00, 64.00, 63.00, 0.50, 0.00
368.50, 63.00, 62.00, 0.50, 0.00
369.00, 37.00, 47.00, 1.00, 1.00
369.00, 64.00, 63.00, 0.50, 0.00
370.00, 52.00, 56.00, 1.00, 1.00
370.00, 56.00, 58.00, 1.00, 1.00
370.00, 61.00, 61.00, 1.00, 0.00
371.00, 52.00, 56.00, 1.00, 1.00
371.00, 56.00, 58.00, 1.00, 1.00
372.00, 45.00, 51.00, 1.00, 1.00
372.00, 68.00, 64.00, 0.33, 0.00
372.33, 69.00, 65.00, 0.33, 0.00
372.67, 68.00, 64.00, 0.33, 0.00
373.00, 54.00, 56.00, 1.00, 1.00
373.00, 61.00, 60.00, 1.00, 1.00
373.00, 64.00, 62.00, 1.00, 1.00
373.00, 66.00, 63.00, 0.50, 0.00
373.50, 68.00, 64.00, 0.50, 0.00
374.00, 54.00, 56.00, 1.00, 1.00
374.00, 61.00, 60.00, 1.00, 1.00
374.00, 64.00, 62.00, 1.00, 1.00
374.00, 69.00, 65.00, 0.50, 0.00
374.50, 71.00, 66.00, 0.50, 0.00
375.00, 45.00, 51.00, 1.00, 1.00
375.00, 75.00, 68.00, 0.50, 0.00
376.00, 54.00, 56.00, 1.00, 1.00
376.00, 61.00, 60.00, 1.00, 1.00
376.00, 64.00, 62.00, 1.00, 1.00
376.00, 73.00, 67.00, 2.00, 0.00
377.00, 54.00, 56.00, 1.00, 1.00
377.00, 61.00, 60.00, 1.00, 1.00
377.00, 64.00, 62.00, 1.00, 1.00
378.00, 47.00, 52.00, 1.00, 1.00
378.00, 59.00, 59.00, 0.50, 0.00
378.75, 69.00, 65.00, 0.25, 0.00
379.00, 54.00, 56.00, 1.00, 1.00
379.00, 57.00, 58.00, 1.00, 1.00
379.00, 63.00, 61.00, 1.00, 1.00
379.00, 69.00, 65.00, 0.33, 0.00
379.33, 71.00, 66.00, 0.33, 0.00
379.67, 69.00, 65.00, 0.33, 0.00
380.00, 54.00, 56.00, 1.00, 1.00
380.00, 57.00, 58.00, 1.00, 1.00
380.00, 63.00, 61.00, 1.00, 1.00
380.00, 68.00, 64.00, 0.50, 0.00
380.50, 66.00, 63.00, 0.50, 0.00
381.00, 40.00, 48.00, 1.00, 1.00
381.00, 68.00, 64.00, 1.00, 0.00
382.00, 56.00, 57.00, 1.00, 1.00
382.00, 59.00, 59.00, 1.00, 1.00
382.00, 64.00, 62.00, 1.00, 0.00
383.00, 56.00, 57.00, 1.00, 1.00
383.00, 59.00, 59.00, 1.00, 1.00
384.00, 42.00, 50.00, 1.00, 1.00
384.00, 64.00, 63.00, 1.00, 0.00
385.00, 51.00, 55.00, 1.00, 1.00
385.00, 57.00, 59.00, 1.00, 1.00
385.00, 63.00, 62.00, 0.50, 0.00
385.50, 64.00, 63.00, 0.50, 0.00
386.00, 51.00, 55.00, 1.00, 1.00
386.00, 57.00, 59.00, 1.00, 1.00
386.00, 66.00, 64.00, 0.50, 0.00
386.50, 68.00, 65.00, 0.50, 0.00
387.00, 42.00, 50.00, 1.00, 1.00
387.00, 71.00, 67.00, 2.00, 0.00
388.00, 51.00, 55.00, 1.00, 1.00
388.00, 61.00, 61.00, 1.00, 1.00
389.00, 51.00, 55.00, 1.00, 1.00
389.00, 61.00, 61.00, 1.00, 1.00
389.00, 69.00, 66.00, 1.00, 0.00
390.00, 44.00, 51.00, 1.00, 1.00
390.00, 56.00, 58.00, 0.50, 0.00
390.75, 66.00, 64.00, 0.25, 0.00
391.00, 51.00, 55.00, 1.00, 1.00
391.00, 54.00, 57.00, 1.00, 1.00
391.00, 60.00, 60.00, 1.00, 1.00
391.00, 66.00, 64.00, 0.33, 0.00
391.33, 68.00, 65.00, 0.33, 0.00
391.67, 66.00, 64.00, 0.33, 0.00
392.00, 65.00, 63.00, 0.50, 0.00
392.50, 63.00, 62.00, 0.50, 0.00
393.00, 32.00, 44.00, 1.00, 1.00
393.00, 44.00, 51.00, 1.00, 1.00
393.00, 56.00, 58.00, 0.50, 0.00
393.75, 66.00, 64.00, 0.25, 0.00
393.75, 70.00, 66.00, 0.25, 0.00
394.00, 51.00, 55.00, 1.00, 1.00
394.00, 54.00, 57.00, 1.00, 1.00
394.00, 60.00, 60.00, 1.00, 1.00
394.00, 66.00, 64.00, 0.33, 0.00
394.00, 70.00, 66.00, 0.33, 0.00
394.33, 72.00, 67.00, 0.33, 0.00
394.67, 70.00, 66.00, 0.33, 0.00
395.00, 65.00, 63.00, 0.50, 0.00
395.00, 68.00, 65.00, 0.50, 0.00
395.50, 63.00, 62.00, 0.50, 0.00
395.50, 66.00, 64.00, 0.50, 0.00
396.00, 32.00, 44.00, 1.00, 1.00
396.00, 44.00, 51.00, 1.00, 1.00
396.00, 56.00, 58.00, 0.50, 0.00
396.75, 66.00, 64.00, 0.25, 0.00
396.75, 75.00, 69.00, 0.25, 0.00
397.00, 44.00, 51.00, 1.00, 1.00
397.00, 51.00, 55.00, 1.00, 1.00
397.00, 54.00, 57.00, 1.00, 1.00
397.00, 60.00, 60.00, 1.00, 1.00
397.00, 66.00, 64.00, 1.00, 0.00
397.00, 75.00, 69.00, 0.33, 0.00
397.33, 77.00, 70.00, 0.33, 0.00
397.67, 75.00, 69.00, 0.33, 0.00
398.00, 65.00, 63.00, 0.50, 0.00
398.00, 73.00, 68.00, 0.50, 0.00
398.50, 63.00, 62.00, 0.50, 0.00
398.50, 72.00, 67.00, 0.50, 0.00
399.00, 32.00, 44.00, 1.00, 1.00
399.00, 44.00, 51.00, 1.00, 1.00
399.00, 56.00, 58.00, 0.50, 0.00
399.75, 69.00, 66.00, 0.25, 0.00
399.75, 78.00, 71.00, 0.25, 0.00
400.00, 51.00, 55.00, 1.00, 1.00
400.00, 60.00, 60.00, 1.00, 1.00
400.00, 66.00, 64.00, 1.00, 1.00
400.00, 69.00, 66.00, 1.00, 0.00
400.00, 78.00, 71.00, 0.33, 0.00
400.33, 80.00, 72.00, 0.33, 0.00
400.67, 78.00, 71.00, 0.33, 0.00
401.00, 68.00, 65.00, 0.50, 0.00
401.00, 77.00, 70.00, 0.50, 0.00
401.50, 66.00, 64.00, 0.50, 0.00
401.50, 75.00, 69.00, 0.50, 0.00
402.00, 32.00, 44.00, 1.00, 1.00
402.00, 44.00, 51.00, 1.00, 1.00
402.87, 78.00, 71.00, 0.12, 0.00
403.00, 51.00, 55.00, 1.00, 1.00
403.00, 60.00, 60.00, 1.00, 1.00
403.00, 66.00, 64.00, 1.00, 1.00
403.00, 69.00, 66.00, 0.87, 0.00
403.87, 78.00, 71.00, 0.12, 0.00
404.00, 69.00, 66.00, 0.87, 0.00
404.87, 78.00, 71.00, 0.12, 0.00
405.00, 69.00, 66.00, 0.87, 0.00
405.87, 78.00, 71.00, 0.12, 0.00
406.00, 69.00, 66.00, 0.87, 0.00
406.87, 78.00, 71.00, 0.12, 0.00
407.00, 68.00, 65.00, 0.87, 0.00
407.87, 77.00, 70.00, 0.12, 0.00
408.00, 67.00, 64.00, 0.87, 0.00
408.87, 76.00, 69.00, 0.12, 0.00
409.00, 66.00, 64.00, 0.87, 0.00
409.87, 75.00, 69.00, 0.12, 0.00
410.00, 65.00, 63.00, 0.87, 0.00
410.87, 74.00, 68.00, 0.12, 0.00
411.00, 64.00, 63.00, 0.87, 0.00
411.87, 73.00, 68.00, 0.12, 0.00
412.00, 63.00, 62.00, 0.87, 0.00
412.87, 73.00, 68.00, 0.12, 0.00
413.00, 63.00, 62.00, 0.87, 0.00
413.87, 73.00, 68.00, 1.62, 0.00
414.00, 41.00, 49.00, 1.00, 1.00
414.00, 63.00, 62.00, 1.50, 0.00
415.00, 53.00, 56.00, 1.00, 1.00
415.00, 60.00, 60.00, 1.00, 1.00
415.50, 66.00, 64.00, 0.50, 0.00
415.50, 69.00, 65.00, 0.50, 0.00
416.00, 53.00, 56.00, 1.00, 1.00
416.00, 60.00, 60.00, 1.00, 1.00
416.00, 65.00, 63.00, 0.50, 0.00
416.00, 73.00, 68.00, 0.50, 0.00
416.50, 63.00, 62.00, 0.50, 0.00
416.50, 69.00, 65.00, 0.50, 0.00
417.00, 46.00, 52.00, 1.00, 1.00
417.00, 63.00, 62.00, 0.75, 0.00
417.00, 69.00, 65.00, 0.75, 0.00
417.75, 61.00, 61.00, 0.25, 0.00
417.75, 70.00, 66.00, 0.25, 0.00
418.00, 53.00, 56.00, 1.00, 1.00
418.00, 58.00, 59.00, 1.00, 1.00
418.00, 61.00, 61.00, 1.00, 0.00
418.00, 70.00, 66.00, 1.00, 0.00
419.00, 51.00, 55.00, 1.00, 1.00
419.00, 61.00, 61.00, 1.00, 1.00
419.00, 67.00, 64.00, 1.00, 0.00
419.00, 70.00, 66.00, 1.00, 0.00
420.00, 44.00, 51.00, 1.00, 1.00
420.00, 68.00, 65.00, 1.50, 0.00
420.00, 77.00, 70.00, 1.50, 0.00
421.00, 56.00, 58.00, 1.00, 1.00
421.00, 66.00, 64.00, 1.00, 1.00
421.50, 69.00, 66.00, 0.50, 0.00
421.50, 72.00, 67.00, 0.50, 0.00
422.00, 56.00, 58.00, 1.00, 1.00
422.00, 66.00, 64.00, 1.00, 1.00
422.00, 68.00, 65.00, 0.50, 0.00
422.00, 77.00, 70.00, 0.50, 0.00
422.50, 66.00, 64.00, 0.50, 0.00
422.50, 72.00, 67.00, 0.50, 0.00
423.00, 49.00, 54.00, 1.00, 1.00
423.00, 66.00, 64.00, 0.75, 0.00
423.00, 72.00, 67.00, 0.75, 0.00
423.75, 65.00, 63.00, 0.25, 0.00
423.75, 73.00, 68.00, 0.25, 0.00
424.00, 56.00, 58.00, 1.00, 1.00
424.00, 61.00, 61.00, 1.00, 1.00
424.00, 65.00, 63.00, 1.00, 0.00
424.00, 73.00, 68.00, 1.00, 0.00
425.00, 55.00, 57.00, 1.00, 1.00
425.00, 65.00, 63.00, 1.00, 1.00
425.00, 71.00, 66.00, 1.00, 0.00
425.00, 73.00, 68.00, 1.00, 0.00
426.00, 48.00, 53.00, 1.00, 1.00
426.00, 72.00, 67.00, 1.50, 0.00
426.00, 80.00, 72.00, 1.50, 0.00
427.00, 60.00, 60.00, 1.00, 1.00
427.00, 70.00, 66.00, 1.00, 1.00
427.50, 73.00, 68.00, 0.50, 0.00
427.50, 76.00, 69.00, 0.50, 0.00
428.00, 60.00, 60.00, 1.00, 1.00
428.00, 70.00, 66.00, 1.00, 1.00
428.00, 72.00, 67.00, 0.50, 0.00
428.00, 80.00, 72.00, 0.50, 0.00
428.50, 70.00, 66.00, 0.50, 0.00
428.50, 76.00, 69.00, 0.50, 0.00
429.00, 53.00, 56.00, 3.00, 1.00
429.00, 70.00, 66.00, 0.75, 0.00
429.00, 76.00, 69.00, 0.75, 0.00
429.75, 69.00, 65.00, 0.25, 0.00
429.75, 77.00, 70.00, 0.25, 0.00
430.00, 60.00, 60.00, 1.00, 1.00
430.00, 65.00, 63.00, 1.00, 1.00
430.00, 69.00, 65.00, 1.00, 0.00
430.00, 77.00, 70.00, 1.00, 0.00
431.00, 60.00, 60.00, 1.00, 1.00
431.00, 69.00, 65.00, 1.00, 1.00
431.00, 77.00, 70.00, 1.75, 0.00
431.00, 89.00, 77.00, 1.75, 0.00
432.00, 41.00, 49.00, 1.00, 1.00
432.75, 78.00, 71.00, 0.25, 0.00
432.75, 90.00, 78.00, 0.25, 0.00
433.00, 60.00, 60.00, 1.00, 1.00
433.00, 63.00, 62.00, 1.00, 1.00
433.00, 69.00, 65.00, 1.00, 1.00
433.00, 78.00, 71.00, 1.00, 0.00
433.00, 90.00, 78.00, 1.00, 0.00
434.00, 63.00, 62.00, 1.00, 1.00
434.00, 69.00, 65.00, 1.00, 0.00
434.00, 72.00, 67.00, 1.00, 1.00
435.00, 46.00, 52.00, 1.00, 1.00
435.00, 72.00, 67.00, 1.50, 0.00
436.00, 53.00, 56.00, 1.00, 1.00
436.00, 61.00, 61.00, 1.00, 1.00
436.50, 70.00, 66.00, 0.50, 0.00
437.00, 53.00, 56.00, 1.00, 1.00
437.00, 61.00, 61.00, 1.00, 1.00
437.00, 70.00, 66.00, 0.33, 0.00
437.33, 68.00, 65.00, 0.33, 0.00
437.67, 66.00, 64.00, 0.33, 0.00
438.00, 46.00, 52.00, 1.00, 1.00
438.00, 65.00, 63.00, 0.50, 0.00
438.00, 73.00, 68.00, 1.50, 0.00
438.50, 66.00, 64.00, 0.50, 0.00
439.00, 53.00, 56.00, 1.00, 1.00
439.00, 63.00, 62.00, 1.00, 1.00
439.00, 65.00, 63.00, 0.50, 0.00
439.50, 66.00, 64.00, 0.50, 0.00
439.50, 69.00, 65.00, 0.50, 0.00
440.00, 53.00, 56.00, 1.00, 1.00
440.00, 63.00, 62.00, 1.00, 1.00
440.00, 65.00, 63.00, 0.50, 0.00
440.00, 73.00, 68.00, 0.50, 0.00
440.50, 63.00, 62.00, 0.50, 0.00
440.50, 69.00, 65.00, 0.50, 0.00
441.00, 46.00, 52.00, 1.00, 1.00
441.00, 63.00, 62.00, 0.75, 0.00
441.00, 69.00, 65.00, 0.75, 0.00
441.75, 61.00, 61.00, 0.25, 0.00
441.75, 70.00, 66.00, 0.25, 0.00
442.00, 53.00, 56.00, 1.00, 1.00
442.00, 58.00, 59.00, 1.00, 1.00
442.00, 61.00, 61.00, 1.00, 0.00
442.00, 70.00, 66.00, 1.00, 0.00
443.00, 51.00, 55.00, 1.00, 1.00
443.00, 61.00, 61.00, 1.00, 1.00
443.00, 67.00, 64.00, 1.00, 0.00
443.00, 70.00, 66.00, 0.33, 0.00
443.33, 72.00, 67.00, 0.33, 0.00
443.67, 70.00, 66.00, 0.33, 0.00
444.00, 44.00, 51.00, 1.00, 1.00
444.00, 68.00, 65.00, 0.50, 0.00
444.00, 77.00, 70.00, 1.50, 0.00
444.50, 69.00, 66.00, 0.50, 0.00
445.00, 56.00, 58.00, 1.00, 1.00
445.00, 60.00, 60.00, 1.00, 1.00
445.00, 66.00, 64.00, 1.00, 1.00
445.00, 68.00, 65.00, 0.50, 0.00
445.50, 69.00, 66.00, 0.50, 0.00
445.50, 72.00, 67.00, 0.50, 0.00
446.00, 56.00, 58.00, 1.00, 1.00
446.00, 60.00, 60.00, 1.00, 1.00
446.00, 66.00, 64.00, 1.00, 1.00
446.00, 68.00, 65.00, 0.50, 0.00
446.00, 77.00, 70.00, 0.50, 0.00
446.50, 66.00, 64.00, 0.50, 0.00
446.50, 72.00, 67.00, 0.50, 0.00
447.00, 49.00, 54.00, 1.00, 1.00
447.00, 66.00, 64.00, 0.75, 0.00
447.00, 72.00, 67.00, 0.75, 0.00
447.75, 65.00, 63.00, 0.25, 0.00
447.75, 73.00, 68.00, 0.25, 0.00
448.00, 56.00, 58.00, 1.00, 1.00
448.00, 61.00, 61.00, 1.00, 1.00
448.00, 65.00, 63.00, 1.00, 0.00
448.00, 73.00, 68.00, 1.00, 0.00
449.00, 55.00, 57.00, 1.00, 1.00
449.00, 65.00, 63.00, 1.00, 1.00
449.00, 71.00, 66.00, 1.00, 0.00
449.00, 73.00, 68.00, 0.33, 0.00
449.33, 75.00, 69.00, 0.33, 0.00
449.67, 73.00, 68.00, 0.33, 0.00
450.00, 48.00, 53.00, 1.00, 1.00
450.00, 72.00, 67.00, 0.50, 0.00
450.00, 80.00, 72.00, 1.50, 0.00
450.50, 73.00, 68.00, 0.50, 0.00
451.00, 60.00, 60.00, 1.00, 1.00
451.00, 67.00, 64.00, 1.00, 1.00
451.00, 70.00, 66.00, 1.00, 1.00
451.00, 72.00, 67.00, 0.50, 0.00
451.50, 73.00, 68.00, 0.50, 0.00
451.50, 76.00, 69.00, 0.50, 0.00
452.00, 60.00, 60.00, 1.00, 1.00
452.00, 67.00, 64.00, 1.00, 1.00
452.00, 70.00, 66.00, 1.00, 1.00
452.00, 72.00, 67.00, 0.50, 0.00
452.00, 80.00, 72.00, 0.50, 0.00
452.50, 70.00, 66.00, 0.50, 0.00
452.50, 76.00, 69.00, 0.50, 0.00
453.00, 53.00, 56.00, 2.00, 1.00
453.00, 70.00, 66.00, 0.75, 0.00
453.00, 76.00, 69.00, 0.75, 0.00
453.75, 68.00, 65.00, 0.25, 0.00
453.75, 77.00, 70.00, 0.25, 0.00
454.00, 53.00, 56.00, 1.00, 1.00
454.00, 60.00, 60.00, 1.00, 1.00
454.00, 68.00, 65.00, 1.00, 0.00
454.00, 68.00, 65.00, 1.00, 1.00
454.00, 77.00, 70.00, 1.00, 0.00
455.00, 60.00, 60.00, 1.00, 1.00
455.00, 65.00, 63.00, 1.00, 1.00
455.00, 77.00, 70.00, 1.00, 0.00
455.00, 89.00, 77.00, 1.00, 0.00
456.00, 41.00, 49.00, 1.00, 1.00
456.00, 80.00, 72.00, 0.75, 0.00
456.00, 92.00, 79.00, 0.75, 0.00
456.75, 78.00, 71.00, 0.25, 0.00
456.75, 90.00, 78.00, 0.25, 0.00
457.00, 60.00, 60.00, 1.00, 1.00
457.00, 63.00, 62.00, 1.00, 1.00
457.00, 69.00, 65.00, 1.00, 1.00
457.00, 72.00, 67.00, 1.00, 1.00
457.00, 78.00, 71.00, 1.00, 0.00
457.00, 90.00, 78.00, 1.00, 0.00
458.00, 53.00, 56.00, 1.00, 1.00
458.00, 60.00, 60.00, 1.00, 1.00
458.00, 63.00, 62.00, 1.00, 1.00
458.00, 69.00, 65.00, 1.00, 0.00
459.00, 46.00, 52.00, 1.00, 1.00
459.00, 70.00, 66.00, 3.75, 0.00
460.00, 53.00, 56.00, 1.00, 1.00
460.00, 61.00, 61.00, 1.00, 1.00
461.00, 53.00, 56.00, 1.00, 1.00
461.00, 61.00, 61.00, 1.00, 1.00
462.00, 46.00, 52.00, 1.00, 1.00
462.75, 72.00, 67.00, 0.25, 0.00
463.00, 54.00, 57.00, 1.00, 1.00
463.00, 58.00, 59.00, 1.00, 1.00
463.00, 63.00, 62.00, 1.00, 1.00
463.00, 72.00, 67.00, 1.00, 0.00
464.00, 54.00, 57.00, 1.00, 1.00
464.00, 58.00, 59.00, 1.00, 1.00
464.00, 63.00, 62.00, 1.00, 1.00
464.00, 72.00, 67.00, 1.00, 0.00
465.00, 46.00, 52.00, 1.00, 1.00
465.00, 72.00, 67.00, 0.50, 0.00
465.50, 73.00, 68.00, 0.50, 0.00
466.00, 55.00, 57.00, 1.00, 1.00
466.00, 58.00, 59.00, 1.00, 1.00
466.00, 64.00, 62.00, 1.00, 1.00
466.00, 73.00, 68.00, 2.75, 0.00
467.00, 55.00, 57.00, 1.00, 1.00
467.00, 58.00, 59.00, 1.00, 1.00
467.00, 64.00, 62.00, 1.00, 1.00
468.00, 46.00, 52.00, 1.00, 1.00
468.75, 72.00, 67.00, 0.25, 0.00
469.00, 55.00, 57.00, 1.00, 1.00
469.00, 60.00, 60.00, 1.00, 1.00
469.00, 64.00, 62.00, 1.00, 1.00
469.00, 72.00, 67.00, 1.50, 0.00
470.00, 55.00, 57.00, 1.00, 1.00
470.00, 60.00, 60.00, 1.00, 1.00
470.00, 64.00, 62.00, 1.00, 1.00
470.50, 70.00, 66.00, 0.50, 0.00
471.00, 46.00, 52.00, 1.00, 1.00
471.00, 70.00, 66.00, 0.50, 0.00
471.50, 66.00, 64.00, 0.50, 0.00
472.00, 54.00, 57.00, 1.00, 1.00
472.00, 61.00, 61.00, 1.00, 1.00
472.00, 64.00, 63.00, 1.00, 1.00
472.00, 66.00, 64.00, 2.00, 0.00
473.00, 54.00, 57.00, 1.00, 1.00
473.00, 61.00, 61.00, 1.00, 1.00
473.00, 64.00, 63.00, 1.00, 1.00
474.00, 46.00, 52.00, 1.00, 1.00
474.00, 72.00, 67.00, 0.50, 0.00
474.50, 70.00, 66.00, 0.50, 0.00
475.00, 54.00, 57.00, 1.00, 1.00
475.00, 60.00, 60.00, 1.00, 1.00
475.00, 63.00, 62.00, 1.00, 1.00
475.00, 70.00, 66.00, 1.50, 0.00
476.00, 54.00, 57.00, 1.00, 1.00
476.00, 60.00, 60.00, 1.00, 1.00
476.00, 63.00, 62.00, 1.00, 1.00
476.50, 66.00, 64.00, 0.50, 0.00
477.00, 46.00, 52.00, 3.00, 1.00
477.00, 66.00, 64.00, 0.50, 0.00
477.50, 65.00, 63.00, 0.50, 0.00
478.00, 53.00, 56.00, 1.00, 1.00
478.00, 61.00, 61.00, 1.00, 1.00
478.00, 65.00, 63.00, 2.00, 0.00
479.00, 53.00, 56.00, 1.00, 1.00
479.00, 61.00, 61.00, 1.00, 1.00
480.00, 46.00, 52.00, 1.00, 1.00
480.00, 72.00, 67.00, 0.50, 0.00
480.50, 70.00, 66.00, 0.50, 0.00
481.00, 54.00, 57.00, 1.00, 1.00
481.00, 58.00, 59.00, 1.00, 1.00
481.00, 60.00, 60.00, 1.00, 1.00
481.00, 70.00, 66.00, 1.50, 0.00
482.00, 54.00, 57.00, 1.00, 1.00
482.00, 58.00, 59.00, 1.00, 1.00
482.00, 60.00, 60.00, 1.00, 1.00
482.50, 63.00, 62.00, 0.50, 0.00
483.00, 46.00, 52.00, 3.00, 1.00
483.00, 63.00, 62.00, 0.50, 0.00
483.50, 61.00, 61.00, 0.50, 0.00
484.00, 53.00, 56.00, 1.00, 1.00
484.00, 58.00, 59.00, 1.00, 1.00
484.00, 61.00, 61.00, 2.00, 0.00
485.00, 53.00, 56.00, 1.00, 1.00
485.00, 58.00, 59.00, 1.00, 1.00
486.00, 46.00, 52.00, 1.00, 1.00
486.00, 70.00, 66.00, 0.75, 0.00
486.75, 72.00, 67.00, 0.25, 0.00
487.00, 54.00, 57.00, 1.00, 1.00
487.00, 58.00, 59.00, 1.00, 1.00
487.00, 63.00, 62.00, 1.00, 1.00
487.00, 72.00, 67.00, 1.00, 0.00
488.00, 54.00, 57.00, 1.00, 1.00
488.00, 58.00, 59.00, 1.00, 1.00
488.00, 63.00, 62.00, 1.00, 1.00
488.00, 72.00, 67.00, 1.00, 0.00
489.00, 46.00, 52.00, 1.00, 1.00
489.00, 72.00, 67.00, 0.50, 0.00
489.50, 73.00, 68.00, 0.50, 0.00
490.00, 55.00, 57.00, 1.00, 1.00
490.00, 58.00, 59.00, 1.00, 1.00
490.00, 64.00, 62.00, 1.00, 1.00
490.00, 73.00, 68.00, 2.75, 0.00
491.00, 55.00, 57.00, 1.00, 1.00
491.00, 58.00, 59.00, 1.00, 1.00
491.00, 64.00, 62.00, 1.00, 1.00
492.00, 46.00, 52.00, 1.00, 1.00
492.75, 72.00, 67.00, 0.25, 0.00
493.00, 55.00, 57.00, 1.00, 1.00
493.00, 60.00, 60.00, 1.00, 1.00
493.00, 64.00, 62.00, 1.00, 1.00
493.00, 72.00, 67.00, 1.50, 0.00
494.00, 55.00, 57.00, 1.00, 1.00
494.00, 60.00, 60.00, 1.00, 1.00
494.00, 64.00, 62.00, 1.00, 1.00
494.50, 70.00, 66.00, 0.50, 0.00
495.00, 46.00, 52.00, 1.00, 1.00
495.00, 70.00, 66.00, 0.50, 0.00
495.50, 66.00, 64.00, 0.50, 0.00
496.00, 54.00, 57.00, 1.00, 1.00
496.00, 61.00, 61.00, 1.00, 1.00
496.00, 64.00, 63.00, 1.00, 1.00
496.00, 66.00, 64.00, 2.00, 0.00
497.00, 54.00, 57.00, 1.00, 1.00
497.00, 61.00, 61.00, 1.00, 1.00
497.00, 64.00, 63.00, 1.00, 1.00
498.00, 46.00, 52.00, 1.00, 1.00
498.00, 72.00, 67.00, 0.50, 0.00
498.50, 70.00, 66.00, 0.50, 0.00
499.00, 54.00, 57.00, 1.00, 1.00
499.00, 63.00, 62.00, 1.00, 1.00
499.00, 70.00, 66.00, 1.50, 0.00
500.00, 54.00, 57.00, 1.00, 1.00
500.00, 63.00, 62.00, 1.00, 1.00
500.50, 66.00, 64.00, 0.50, 0.00
501.00, 46.00, 52.00, 1.00, 1.00
501.00, 66.00, 64.00, 0.50, 0.00
501.50, 65.00, 63.00, 0.50, 0.00
502.00, 53.00, 56.00, 1.00, 1.00
502.00, 62.00, 61.00, 1.00, 1.00
502.00, 65.00, 63.00, 8.50, 0.00
503.00, 53.00, 56.00, 1.00, 1.00
503.00, 62.00, 61.00, 1.00, 1.00
504.00, 46.00, 52.00, 1.00, 1.00
505.00, 53.00, 56.00, 1.00, 1.00
505.00, 57.00, 58.00, 1.00, 1.00
505.00, 60.00, 60.00, 1.00, 1.00
506.00, 53.00, 56.00, 1.00, 1.00
506.00, 57.00, 58.00, 1.00, 1.00
506.00, 60.00, 60.00, 1.00, 1.00
507.00, 46.00, 52.00, 1.00, 1.00
508.00, 53.00, 56.00, 1.00, 1.00
508.00, 58.00, 59.00, 1.00, 1.00
508.00, 62.00, 61.00, 1.00, 1.00
509.00, 53.00, 56.00, 1.00, 1.00
509.00, 58.00, 59.00, 1.00, 1.00
509.00, 62.00, 61.00, 1.00, 1.00
510.00, 46.00, 52.00, 1.00, 1.00
510.50, 72.00, 67.00, 0.50, 0.00
511.00, 53.00, 56.00, 1.00, 1.00
511.00, 57.00, 58.00, 1.00, 1.00
511.00, 63.00, 62.00, 1.00, 1.00
511.00, 74.00, 68.00, 1.50, 0.00
512.00, 53.00, 56.00, 1.00, 1.00
512.00, 57.00, 58.00, 1.00, 1.00
512.00, 63.00, 62.00, 1.00, 1.00
512.50, 72.00, 67.00, 0.50, 0.00
513.00, 53.00, 56.00, 1.00, 1.00
513.00, 57.00, 58.00, 1.00, 1.00
513.00, 63.00, 62.00, 1.00, 1.00
513.00, 77.00, 70.00, 0.50, 0.00
513.50, 72.00, 67.00, 0.50, 0.00
514.00, 53.00, 56.00, 1.00, 1.00
514.00, 57.00, 58.00, 1.00, 1.00
514.00, 63.00, 62.00, 1.00, 1.00
514.00, 74.00, 68.00, 1.50, 0.00
515.00, 53.00, 56.00, 1.00, 1.00
515.00, 57.00, 58.00, 1.00, 1.00
515.00, 63.00, 62.00, 1.00, 1.00
515.50, 72.00, 67.00, 0.50, 0.00
516.00, 46.00, 52.00, 1.00, 1.00
516.00, 72.00, 67.00, 0.50, 0.00
516.50, 70.00, 66.00, 0.50, 0.00
517.00, 54.00, 57.00, 1.00, 1.00
517.00, 58.00, 59.00, 1.00, 1.00
517.00, 63.00, 62.00, 1.00, 1.00
517.00, 70.00, 66.00, 1.50, 0.00
518.00, 54.00, 57.00, 1.00, 1.00
518.00, 58.00, 59.00, 1.00, 1.00
518.00, 63.00, 62.00, 1.00, 1.00
518.50, 66.00, 64.00, 0.50, 0.00
519.00, 46.00, 52.00, 1.00, 1.00
519.00, 66.00, 64.00, 0.50, 0.00
519.50, 65.00, 63.00, 0.50, 0.00
520.00, 53.00, 56.00, 1.00, 1.00
520.00, 58.00, 59.00, 1.00, 1.00
520.00, 62.00, 61.00, 1.00, 1.00
520.00, 65.00, 63.00, 2.50, 0.00
521.00, 53.00, 56.00, 1.00, 1.00
521.00, 58.00, 59.00, 1.00, 1.00
521.00, 62.00, 61.00, 1.00, 1.00
522.00, 46.00, 52.00, 1.00, 1.00
522.50, 72.00, 67.00, 0.50, 0.00
523.00, 53.00, 56.00, 1.00, 1.00
523.00, 57.00, 58.00, 1.00, 1.00
523.00, 63.00, 62.00, 1.00, 1.00
523.00, 74.00, 68.00, 1.50, 0.00
524.00, 53.00, 56.00, 1.00, 1.00
524.00, 57.00, 58.00, 1.00, 1.00
524.00, 63.00, 62.00, 1.00, 1.00
524.50, 72.00, 67.00, 0.50, 0.00
525.00, 53.00, 56.00, 1.00, 1.00
525.00, 57.00, 58.00, 1.00, 1.00
525.00, 63.00, 62.00, 1.00, 1.00
525.00, 77.00, 70.00, 0.50, 0.00
525.50, 72.00, 67.00, 0.50, 0.00
526.00, 53.00, 56.00, 1.00, 1.00
526.00, 57.00, 58.00, 1.00, 1.00
526.00, 63.00, 62.00, 1.00, 1.00
526.00, 74.00, 68.00, 1.50, 0.00
527.00, 53.00, 56.00, 1.00, 1.00
527.00, 57.00, 58.00, 1.00, 1.00
527.00, 63.00, 62.00, 1.00, 1.00
527.50, 72.00, 67.00, 0.50, 0.00
528.00, 46.00, 52.00, 1.00, 1.00
528.00, 72.00, 67.00, 0.50, 0.00
528.50, 70.00, 66.00, 0.50, 0.00
529.00, 54.00, 57.00, 1.00, 1.00
529.00, 61.00, 61.00, 1.00, 1.00
529.00, 64.00, 63.00, 1.00, 1.00
529.00, 70.00, 66.00, 1.50, 0.00
530.00, 54.00, 57.00, 1.00, 1.00
530.00, 61.00, 61.00, 1.00, 1.00
530.00, 64.00, 63.00, 1.00, 1.00
530.50, 66.00, 64.00, 0.50, 0.00
531.00, 54.00, 57.00, 1.00, 1.00
531.00, 61.00, 61.00, 1.00, 1.00
531.00, 64.00, 63.00, 1.00, 1.00
532.00, 54.00, 57.00, 1.00, 1.00
532.00, 61.00, 61.00, 1.00, 1.00
532.00, 64.00, 63.00, 1.00, 1.00
533.00, 54.00, 57.00, 1.00, 1.00
533.00, 61.00, 60.00, 1.00, 1.00
533.00, 64.00, 62.00, 1.00, 1.00
534.00, 46.00, 52.00, 1.00, 1.00
534.00, 66.00, 64.00, 0.50, 0.00
534.50, 65.00, 63.00, 0.50, 0.00
535.00, 53.00, 56.00, 1.00, 1.00
535.00, 62.00, 61.00, 1.00, 1.00
535.00, 65.00, 63.00, 8.00, 0.00
536.00, 53.00, 56.00, 1.00, 1.00
536.00, 62.00, 61.00, 1.00, 1.00
537.00, 53.00, 56.00, 1.00, 1.00
537.00, 62.00, 61.00, 1.00, 1.00
538.00, 53.00, 56.00, 1.00, 1.00
538.00, 62.00, 61.00, 1.00, 1.00
539.00, 53.00, 56.00, 1.00, 1.00
539.00, 62.00, 61.00, 1.00, 1.00
540.00, 41.00, 49.00, 1.00, 1.00
541.00, 53.00, 56.00, 1.00, 1.00
541.00, 57.00, 58.00, 1.00, 1.00
541.00, 60.00, 60.00, 1.00, 1.00
542.00, 53.00, 56.00, 1.00, 1.00
542.00, 57.00, 58.00, 1.00, 1.00
542.00, 60.00, 60.00, 1.00, 1.00
543.00, 38.00, 47.00, 1.00, 1.00
543.00, 65.00, 63.00, 9.00, 0.00
544.00, 53.00, 56.00, 1.00, 1.00
544.00, 57.00, 58.00, 1.00, 1.00
544.00, 62.00, 61.00, 1.00, 1.00
545.00, 53.00, 56.00, 1.00, 1.00
545.00, 57.00, 58.00, 1.00, 1.00
545.00, 62.00, 61.00, 1.00, 1.00
546.00, 34.00, 45.00, 1.00, 1.00
547.00, 50.00, 54.00, 1.00, 1.00
547.00, 58.00, 59.00, 1.00, 1.00
547.00, 62.00, 61.00, 1.00, 1.00
548.00, 50.00, 54.00, 1.00, 1.00
548.00, 58.00, 59.00, 1.00, 1.00
548.00, 62.00, 61.00, 1.00, 1.00
549.00, 50.00, 54.00, 1.00, 1.00
549.00, 58.00, 59.00, 1.00, 1.00
549.00, 62.00, 61.00, 1.00, 1.00
550.00, 50.00, 54.00, 1.00, 1.00
550.00, 58.00, 59.00, 1.00, 1.00
550.00, 62.00, 61.00, 1.00, 1.00
551.00, 50.00, 54.00, 1.00, 1.00
551.00, 58.00, 59.00, 1.00, 1.00
551.00, 62.00, 61.00, 1.00, 1.00
552.00, 72.00, 67.00, 0.50, 0.00
552.50, 70.00, 66.00, 0.50, 0.00
553.00, 70.00, 66.00, 1.50, 0.00
554.50, 66.00, 64.00, 0.50, 0.00
555.00, 66.00, 64.00, 0.50, 0.00
555.50, 65.00, 63.00, 0.50, 0.00
556.00, 65.00, 63.00, 2.00, 0.00
