ontime, MNN, MPN, duration, channel
0.50, 73.00, 67.00, 0.50, 0.00
1.00, 71.00, 66.00, 1.00, 0.00
2.00, 69.00, 65.00, 1.00, 0.00
3.00, 68.00, 64.00, 0.75, 0.00
3.75, 64.00, 62.00, 0.25, 0.00
4.00, 61.00, 60.00, 1.00, 0.00
5.00, 62.00, 61.00, 1.00, 0.00
6.00, 64.00, 62.00, 0.75, 0.00
6.75, 66.00, 63.00, 0.25, 0.00
7.00, 68.00, 64.00, 1.00, 0.00
8.00, 69.00, 65.00, 1.00, 0.00
9.00, 68.00, 64.00, 0.75, 0.00
9.75, 64.00, 62.00, 0.25, 0.00
10.00, 56.00, 57.00, 1.00, 1.00
10.00, 61.00, 60.00, 1.00, 0.00
11.00, 54.00, 56.00, 1.00, 1.00
11.00, 57.00, 58.00, 1.00, 1.00
11.00, 62.00, 61.00, 1.00, 0.00
12.00, 49.00, 53.00, 1.00, 1.00
12.00, 64.00, 62.00, 0.75, 0.00
12.75, 73.00, 67.00, 0.25, 0.00
13.00, 56.00, 57.00, 1.00, 1.00
13.00, 61.00, 60.00, 1.00, 1.00
13.00, 64.00, 62.00, 1.00, 1.00
13.00, 71.00, 66.00, 1.00, 0.00
14.00, 57.00, 58.00, 1.00, 1.00
14.00, 61.00, 60.00, 1.00, 1.00
14.00, 66.00, 63.00, 1.00, 1.00
14.00, 69.00, 65.00, 1.00, 0.00
15.00, 49.00, 53.00, 1.00, 1.00
15.00, 68.00, 64.00, 0.75, 0.00
15.75, 64.00, 62.00, 0.25, 0.00
16.00, 56.00, 57.00, 1.00, 1.00
16.00, 61.00, 60.00, 1.00, 0.00
17.00, 54.00, 56.00, 1.00, 1.00
17.00, 57.00, 58.00, 1.00, 1.00
17.00, 62.00, 61.00, 1.00, 0.00
18.00, 49.00, 53.00, 1.00, 1.00
18.00, 64.00, 62.00, 0.75, 0.00
18.75, 66.00, 63.00, 0.25, 0.00
19.00, 61.00, 60.00, 1.00, 1.00
19.00, 64.00, 62.00, 1.00, 1.00
19.00, 68.00, 64.00, 1.00, 0.00
20.00, 57.00, 58.00, 1.00, 1.00
20.00, 61.00, 60.00, 1.00, 1.00
20.00, 66.00, 63.00, 1.00, 1.00
20.00, 69.00, 65.00, 1.00, 0.00
21.00, 49.00, 53.00, 1.00, 1.00
21.00, 68.00, 64.00, 1.50, 0.00
22.00, 56.00, 57.00, 1.00, 1.00
22.00, 61.00, 60.00, 1.00, 1.00
22.50, 64.00, 62.00, 0.50, 0.00
23.00, 68.00, 64.00, 0.50, 0.00
23.50, 64.00, 62.00, 1.00, 0.00
24.00, 40.00, 48.00, 1.00, 1.00
24.50, 76.00, 69.00, 0.50, 0.00
25.00, 59.00, 59.00, 1.00, 1.00
25.00, 64.00, 62.00, 1.00, 0.00
25.00, 68.00, 64.00, 1.00, 0.00
25.00, 75.00, 68.00, 1.00, 0.00
26.00, 58.00, 58.00, 1.00, 1.00
26.00, 64.00, 62.00, 1.00, 0.00
26.00, 67.00, 63.00, 1.00, 0.00
26.00, 73.00, 67.00, 1.00, 0.00
27.00, 40.00, 48.00, 1.00, 1.00
27.00, 71.00, 66.00, 0.75, 0.00
27.75, 68.00, 64.00, 0.25, 0.00
28.00, 59.00, 59.00, 1.00, 1.00
28.00, 64.00, 62.00, 1.00, 0.00
29.00, 58.00, 58.00, 1.00, 1.00
29.00, 61.00, 60.00, 1.00, 1.00
29.00, 67.00, 63.00, 1.00, 0.00
30.00, 52.00, 55.00, 1.00, 1.00
30.00, 68.00, 64.00, 0.50, 0.00
30.50, 69.00, 65.00, 0.50, 0.00
31.00, 59.00, 59.00, 1.00, 1.00
31.00, 64.00, 62.00, 1.00, 0.00
31.00, 68.00, 64.00, 1.00, 0.00
31.00, 70.00, 65.00, 0.50, 0.00
31.50, 71.00, 66.00, 0.50, 0.00
32.00, 58.00, 58.00, 1.00, 1.00
32.00, 64.00, 62.00, 1.00, 0.00
32.00, 66.00, 63.00, 1.00, 0.00
32.00, 72.00, 66.00, 0.50, 0.00
32.50, 73.00, 67.00, 0.50, 0.00
33.00, 52.00, 55.00, 1.00, 1.00
33.00, 71.00, 66.00, 0.75, 0.00
33.75, 68.00, 64.00, 0.25, 0.00
34.00, 59.00, 59.00, 1.00, 1.00
34.00, 64.00, 62.00, 1.00, 0.00
35.00, 58.00, 58.00, 1.00, 1.00
35.00, 61.00, 60.00, 1.00, 1.00
35.00, 67.00, 63.00, 1.00, 0.00
36.00, 40.00, 48.00, 1.00, 1.00
36.00, 68.00, 64.00, 0.75, 0.00
36.75, 76.00, 69.00, 0.25, 0.00
37.00, 59.00, 59.00, 1.00, 1.00
37.00, 64.00, 62.00, 1.00, 0.00
37.00, 68.00, 64.00, 1.00, 0.00
37.00, 75.00, 68.00, 1.00, 0.00
38.00, 58.00, 58.00, 1.00, 1.00
38.00, 64.00, 62.00, 1.00, 0.00
38.00, 67.00, 63.00, 1.00, 0.00
38.00, 73.00, 67.00, 1.00, 0.00
39.00, 52.00, 55.00, 1.00, 1.00
39.00, 71.00, 66.00, 0.75, 0.00
39.75, 68.00, 64.00, 0.25, 0.00
40.00, 59.00, 59.00, 1.00, 1.00
40.00, 64.00, 62.00, 1.00, 0.00
41.00, 58.00, 58.00, 1.00, 1.00
41.00, 61.00, 60.00, 1.00, 1.00
41.00, 67.00, 63.00, 1.00, 0.00
42.00, 52.00, 55.00, 1.00, 1.00
42.00, 68.00, 64.00, 0.50, 0.00
42.50, 69.00, 65.00, 0.50, 0.00
43.00, 59.00, 59.00, 1.00, 1.00
43.00, 68.00, 64.00, 1.00, 1.00
43.00, 70.00, 65.00, 0.50, 0.00
43.50, 73.00, 67.00, 0.50, 0.00
44.00, 71.00, 66.00, 0.50, 0.00
44.50, 75.00, 68.00, 0.50, 0.00
45.00, 78.00, 70.00, 0.50, 0.00
45.50, 76.00, 69.00, 0.50, 0.00
46.00, 75.00, 68.00, 0.50, 0.00
46.50, 76.00, 69.00, 0.50, 0.00
47.00, 78.00, 70.00, 0.50, 0.00
47.50, 79.00, 70.00, 0.50, 0.00
48.00, 48.00, 52.00, 1.00, 1.00
48.00, 80.00, 71.00, 1.50, 0.00
49.00, 56.00, 57.00, 1.00, 1.00
49.00, 63.00, 61.00, 1.00, 1.00
49.00, 66.00, 63.00, 1.00, 1.00
49.50, 82.00, 72.00, 0.50, 0.00
50.00, 56.00, 57.00, 1.00, 1.00
50.00, 63.00, 61.00, 1.00, 1.00
50.00, 66.00, 63.00, 1.00, 1.00
50.00, 80.00, 71.00, 0.50, 0.00
50.50, 79.00, 70.00, 0.50, 0.00
51.00, 49.00, 53.00, 1.00, 1.00
51.00, 80.00, 71.00, 0.50, 0.00
51.50, 82.00, 72.00, 0.50, 0.00
52.00, 56.00, 57.00, 1.00, 1.00
52.00, 61.00, 60.00, 1.00, 1.00
52.00, 65.00, 62.00, 1.00, 1.00
52.00, 80.00, 71.00, 0.50, 0.00
52.50, 79.00, 70.00, 0.50, 0.00
53.00, 56.00, 57.00, 1.00, 1.00
53.00, 61.00, 60.00, 1.00, 1.00
53.00, 65.00, 62.00, 1.00, 1.00
53.00, 80.00, 71.00, 0.50, 0.00
53.50, 82.00, 72.00, 0.50, 0.00
54.00, 44.00, 50.00, 1.00, 1.00
54.00, 80.00, 71.00, 0.50, 0.00
54.50, 79.00, 70.00, 0.50, 0.00
55.00, 51.00, 54.00, 1.00, 1.00
55.00, 56.00, 57.00, 1.00, 1.00
55.00, 60.00, 59.00, 1.00, 1.00
55.00, 66.00, 63.00, 1.00, 1.00
55.00, 80.00, 71.00, 0.50, 0.00
55.50, 82.00, 72.00, 0.50, 0.00
56.00, 51.00, 54.00, 1.00, 1.00
56.00, 56.00, 57.00, 1.00, 1.00
56.00, 60.00, 59.00, 1.00, 1.00
56.00, 66.00, 63.00, 1.00, 1.00
56.00, 80.00, 71.00, 0.50, 0.00
56.50, 78.00, 70.00, 0.50, 0.00
57.00, 37.00, 46.00, 1.00, 1.00
57.00, 49.00, 53.00, 1.00, 1.00
57.00, 77.00, 69.00, 0.50, 0.00
57.75, 76.00, 68.00, 0.25, 0.00
58.00, 53.00, 55.00, 1.00, 1.00
58.00, 56.00, 57.00, 1.00, 1.00
58.00, 61.00, 60.00, 1.00, 1.00
58.00, 65.00, 62.00, 1.00, 1.00
58.00, 77.00, 69.00, 1.00, 0.00
59.00, 53.00, 55.00, 1.00, 1.00
59.00, 56.00, 57.00, 1.00, 1.00
59.00, 61.00, 60.00, 1.00, 1.00
59.00, 65.00, 62.00, 1.00, 1.00
59.00, 73.00, 67.00, 1.00, 0.00
60.00, 45.00, 50.00, 1.00, 1.00
60.00, 77.00, 69.00, 1.50, 0.00
61.00, 53.00, 55.00, 1.00, 1.00
61.00, 60.00, 59.00, 1.00, 1.00
61.00, 63.00, 61.00, 1.00, 1.00
61.00, 65.00, 62.00, 1.00, 1.00
61.50, 78.00, 70.00, 0.50, 0.00
62.00, 53.00, 55.00, 1.00, 1.00
62.00, 60.00, 59.00, 1.00, 1.00
62.00, 63.00, 61.00, 1.00, 1.00
62.00, 65.00, 62.00, 1.00, 1.00
62.00, 77.00, 69.00, 0.50, 0.00
62.50, 76.00, 68.00, 0.50, 0.00
63.00, 46.00, 51.00, 1.00, 1.00
63.00, 77.00, 69.00, 0.50, 0.00
63.50, 78.00, 70.00, 0.50, 0.00
64.00, 53.00, 55.00, 1.00, 1.00
64.00, 58.00, 58.00, 1.00, 1.00
64.00, 61.00, 60.00, 1.00, 1.00
64.00, 65.00, 62.00, 1.00, 1.00
64.00, 77.00, 69.00, 0.50, 0.00
64.50, 76.00, 68.00, 0.50, 0.00
65.00, 51.00, 54.00, 1.00, 1.00
65.00, 58.00, 58.00, 1.00, 1.00
65.00, 61.00, 60.00, 1.00, 1.00
65.00, 63.00, 61.00, 1.00, 1.00
65.00, 77.00, 69.00, 0.50, 0.00
65.50, 79.00, 70.00, 0.50, 0.00
66.00, 44.00, 50.00, 1.00, 1.00
66.00, 82.00, 72.00, 0.50, 0.00
66.50, 80.00, 71.00, 0.50, 0.00
67.00, 56.00, 57.00, 1.00, 1.00
67.00, 60.00, 59.00, 1.00, 1.00
67.00, 66.00, 63.00, 1.00, 1.00
67.00, 78.00, 70.00, 0.50, 0.00
67.50, 70.00, 65.00, 0.50, 0.00
68.00, 56.00, 57.00, 1.00, 1.00
68.00, 63.00, 61.00, 1.00, 1.00
68.00, 66.00, 63.00, 1.00, 1.00
68.00, 72.00, 66.00, 0.50, 0.00
68.50, 68.00, 64.00, 0.50, 0.00
69.00, 49.00, 53.00, 1.00, 1.00
69.00, 75.00, 68.00, 0.50, 0.00
69.75, 77.00, 69.00, 0.25, 0.00
70.00, 56.00, 57.00, 1.00, 1.00
70.00, 61.00, 60.00, 1.00, 1.00
70.00, 65.00, 62.00, 1.00, 1.00
70.00, 73.00, 67.00, 0.50, 0.00
70.50, 77.00, 69.00, 0.50, 0.00
71.00, 49.00, 53.00, 1.00, 1.00
71.00, 78.00, 70.00, 0.50, 0.00
71.50, 79.00, 70.00, 0.50, 0.00
72.00, 36.00, 45.00, 1.00, 1.00
72.00, 48.00, 52.00, 1.00, 1.00
72.00, 80.00, 71.00, 1.50, 0.00
73.00, 56.00, 57.00, 1.00, 1.00
73.00, 63.00, 61.00, 1.00, 1.00
73.00, 66.00, 63.00, 1.00, 1.00
73.50, 82.00, 72.00, 0.50, 0.00
74.00, 56.00, 57.00, 1.00, 1.00
74.00, 63.00, 61.00, 1.00, 1.00
74.00, 66.00, 63.00, 1.00, 1.00
74.00, 80.00, 71.00, 0.50, 0.00
74.50, 79.00, 70.00, 0.50, 0.00
75.00, 37.00, 46.00, 1.00, 1.00
75.00, 49.00, 53.00, 1.00, 1.00
75.00, 80.00, 71.00, 0.33, 0.00
75.33, 82.00, 72.00, 0.33, 0.00
75.67, 80.00, 71.00, 0.33, 0.00
76.00, 53.00, 55.00, 1.00, 1.00
76.00, 56.00, 57.00, 1.00, 1.00
76.00, 61.00, 60.00, 1.00, 1.00
76.00, 65.00, 62.00, 1.00, 1.00
76.00, 79.00, 70.00, 0.33, 0.00
76.33, 80.00, 71.00, 0.33, 0.00
76.67, 82.00, 72.00, 0.33, 0.00
77.00, 53.00, 55.00, 1.00, 1.00
77.00, 56.00, 57.00, 1.00, 1.00
77.00, 61.00, 60.00, 1.00, 1.00
77.00, 65.00, 62.00, 1.00, 1.00
77.00, 80.00, 71.00, 0.33, 0.00
77.33, 79.00, 70.00, 0.33, 0.00
77.67, 80.00, 71.00, 0.33, 0.00
78.00, 32.00, 43.00, 1.00, 1.00
78.00, 44.00, 50.00, 1.00, 1.00
78.00, 82.00, 72.00, 0.33, 0.00
78.33, 80.00, 71.00, 0.33, 0.00
78.67, 79.00, 70.00, 0.33, 0.00
79.00, 51.00, 54.00, 1.00, 1.00
79.00, 56.00, 57.00, 1.00, 1.00
79.00, 60.00, 59.00, 1.00, 1.00
79.00, 66.00, 63.00, 1.00, 1.00
79.00, 80.00, 71.00, 0.33, 0.00
79.33, 82.00, 72.00, 0.33, 0.00
79.67, 80.00, 71.00, 0.33, 0.00
80.00, 51.00, 54.00, 1.00, 1.00
80.00, 56.00, 57.00, 1.00, 1.00
80.00, 60.00, 59.00, 1.00, 1.00
80.00, 66.00, 63.00, 1.00, 1.00
80.00, 79.00, 70.00, 0.33, 0.00
80.33, 80.00, 71.00, 0.33, 0.00
80.67, 78.00, 70.00, 0.33, 0.00
81.00, 37.00, 46.00, 1.00, 1.00
81.00, 49.00, 53.00, 1.00, 1.00
81.00, 77.00, 69.00, 0.50, 0.00
81.75, 76.00, 68.00, 0.25, 0.00
82.00, 53.00, 55.00, 1.00, 1.00
82.00, 56.00, 57.00, 1.00, 1.00
82.00, 61.00, 60.00, 1.00, 1.00
82.00, 65.00, 62.00, 1.00, 1.00
82.00, 77.00, 69.00, 1.00, 0.00
83.00, 53.00, 55.00, 1.00, 1.00
83.00, 56.00, 57.00, 1.00, 1.00
83.00, 61.00, 60.00, 1.00, 1.00
83.00, 65.00, 62.00, 1.00, 1.00
83.00, 73.00, 67.00, 1.00, 0.00
84.00, 33.00, 43.00, 1.00, 1.00
84.00, 45.00, 50.00, 1.00, 1.00
84.00, 77.00, 69.00, 1.50, 0.00
85.00, 53.00, 55.00, 1.00, 1.00
85.00, 60.00, 59.00, 1.00, 1.00
85.00, 63.00, 61.00, 1.00, 1.00
85.00, 65.00, 62.00, 1.00, 1.00
85.50, 78.00, 70.00, 0.50, 0.00
86.00, 53.00, 55.00, 1.00, 1.00
86.00, 60.00, 59.00, 1.00, 1.00
86.00, 63.00, 61.00, 1.00, 1.00
86.00, 65.00, 62.00, 1.00, 1.00
86.00, 77.00, 69.00, 0.50, 0.00
86.50, 76.00, 68.00, 0.50, 0.00
87.00, 34.00, 44.00, 1.00, 1.00
87.00, 46.00, 51.00, 1.00, 1.00
87.00, 77.00, 69.00, 0.33, 0.00
87.33, 78.00, 70.00, 0.33, 0.00
87.67, 77.00, 69.00, 0.33, 0.00
88.00, 53.00, 55.00, 1.00, 1.00
88.00, 58.00, 58.00, 1.00, 1.00
88.00, 61.00, 60.00, 1.00, 1.00
88.00, 76.00, 68.00, 0.33, 0.00
88.33, 77.00, 69.00, 0.33, 0.00
88.67, 78.00, 70.00, 0.33, 0.00
89.00, 51.00, 54.00, 1.00, 1.00
89.00, 58.00, 58.00, 1.00, 1.00
89.00, 61.00, 60.00, 1.00, 1.00
89.00, 77.00, 69.00, 0.33, 0.00
89.33, 78.00, 70.00, 0.33, 0.00
89.67, 79.00, 70.00, 0.33, 0.00
90.00, 44.00, 50.00, 1.00, 1.00
90.00, 82.00, 72.00, 0.50, 0.00
90.50, 80.00, 71.00, 0.50, 0.00
91.00, 56.00, 57.00, 1.00, 1.00
91.00, 60.00, 59.00, 1.00, 1.00
91.00, 66.00, 63.00, 1.00, 1.00
91.00, 78.00, 70.00, 0.50, 0.00
91.50, 70.00, 65.00, 0.50, 0.00
92.00, 56.00, 57.00, 1.00, 1.00
92.00, 63.00, 61.00, 1.00, 1.00
92.00, 66.00, 63.00, 1.00, 1.00
92.00, 72.00, 66.00, 0.50, 0.00
92.50, 68.00, 64.00, 0.50, 0.00
93.00, 49.00, 53.00, 1.00, 1.00
93.00, 75.00, 68.00, 0.50, 0.00
93.75, 77.00, 69.00, 0.25, 0.00
94.00, 56.00, 57.00, 1.00, 1.00
94.00, 61.00, 60.00, 1.00, 1.00
94.00, 65.00, 62.00, 1.00, 1.00
94.00, 73.00, 67.00, 1.00, 0.00
95.00, 72.00, 66.00, 1.00, 0.00
96.00, 71.00, 66.00, 2.00, 0.00
97.00, 49.00, 53.00, 1.00, 1.00
97.00, 59.00, 59.00, 1.00, 1.00
97.00, 65.00, 62.00, 1.00, 0.00
98.00, 49.00, 53.00, 2.00, 1.00
98.00, 59.00, 59.00, 2.00, 1.00
98.00, 65.00, 62.00, 2.00, 0.00
98.00, 70.00, 65.00, 0.50, 0.00
98.50, 68.00, 64.00, 0.50, 0.00
99.00, 67.00, 63.00, 0.50, 0.00
99.50, 68.00, 64.00, 0.50, 0.00
100.00, 49.00, 53.00, 1.00, 1.00
100.00, 59.00, 59.00, 1.00, 1.00
100.00, 65.00, 62.00, 1.00, 0.00
100.00, 70.00, 65.00, 1.00, 0.00
101.00, 49.00, 53.00, 1.00, 1.00
101.00, 59.00, 59.00, 1.00, 1.00
101.00, 65.00, 62.00, 1.00, 0.00
101.00, 71.00, 66.00, 1.75, 0.00
102.00, 42.00, 49.00, 1.00, 1.00
102.00, 66.00, 63.00, 1.00, 0.00
102.75, 72.00, 66.00, 0.25, 0.00
103.00, 49.00, 53.00, 1.00, 1.00
103.00, 58.00, 58.00, 1.00, 1.00
103.00, 66.00, 63.00, 1.00, 0.00
103.00, 72.00, 66.00, 1.00, 0.00
104.00, 49.00, 53.00, 2.00, 1.00
104.00, 58.00, 58.00, 2.00, 1.00
104.00, 66.00, 63.00, 1.00, 0.00
104.00, 73.00, 67.00, 1.00, 0.00
105.00, 77.00, 69.00, 0.75, 0.00
105.75, 78.00, 70.00, 0.25, 0.00
106.00, 49.00, 53.00, 1.00, 1.00
106.00, 58.00, 58.00, 1.00, 1.00
106.00, 66.00, 63.00, 1.00, 0.00
106.00, 73.00, 67.00, 2.00, 0.00
107.00, 40.00, 48.00, 1.00, 1.00
107.00, 68.00, 64.00, 2.00, 0.00
108.00, 39.00, 47.00, 1.00, 1.00
108.00, 73.00, 67.00, 2.00, 0.00
109.00, 51.00, 54.00, 1.00, 1.00
109.00, 61.00, 60.00, 1.00, 1.00
109.00, 67.00, 63.00, 1.00, 0.00
110.00, 51.00, 54.00, 2.00, 1.00
110.00, 61.00, 60.00, 1.00, 1.00
110.00, 67.00, 63.00, 2.00, 0.00
110.00, 71.00, 66.00, 0.50, 0.00
110.50, 70.00, 65.00, 0.50, 0.00
111.00, 61.00, 60.00, 1.00, 1.00
111.00, 69.00, 64.00, 0.50, 0.00
111.50, 70.00, 65.00, 0.50, 0.00
112.00, 51.00, 54.00, 1.00, 1.00
112.00, 61.00, 60.00, 1.00, 1.00
112.00, 67.00, 63.00, 1.00, 0.00
112.00, 76.00, 69.00, 1.50, 0.00
113.00, 51.00, 54.00, 1.00, 1.00
113.00, 61.00, 60.00, 1.00, 1.00
113.00, 67.00, 63.00, 1.00, 0.00
113.50, 75.00, 68.00, 0.50, 0.00
114.00, 44.00, 50.00, 1.00, 1.00
114.00, 68.00, 64.00, 1.00, 0.00
114.75, 74.00, 67.00, 0.25, 0.00
115.00, 51.00, 54.00, 1.00, 1.00
115.00, 59.00, 59.00, 1.00, 1.00
115.00, 68.00, 64.00, 1.00, 0.00
115.00, 74.00, 67.00, 1.00, 0.00
116.00, 51.00, 54.00, 2.00, 1.00
116.00, 59.00, 59.00, 2.00, 1.00
116.00, 68.00, 64.00, 1.00, 0.00
116.00, 75.00, 68.00, 1.00, 0.00
117.00, 79.00, 70.00, 0.75, 0.00
117.75, 80.00, 71.00, 0.25, 0.00
118.00, 51.00, 54.00, 1.00, 1.00
118.00, 59.00, 59.00, 1.00, 1.00
118.00, 68.00, 64.00, 1.00, 0.00
118.00, 75.00, 68.00, 2.50, 0.00
119.00, 56.00, 57.00, 1.00, 1.00
119.00, 59.00, 59.00, 1.00, 1.00
119.00, 66.00, 63.00, 1.00, 0.00
120.00, 37.00, 46.00, 1.00, 1.00
120.00, 65.00, 62.00, 0.50, 0.00
120.50, 73.00, 67.00, 0.50, 0.00
121.00, 59.00, 59.00, 4.00, 1.00
121.00, 61.00, 60.00, 4.00, 1.00
121.00, 65.00, 62.00, 4.00, 1.00
121.00, 77.00, 69.00, 1.00, 0.00
122.00, 71.00, 66.00, 1.00, 1.00
122.00, 83.00, 73.00, 1.00, 0.00
123.00, 70.00, 65.00, 0.50, 1.00
123.00, 82.00, 72.00, 0.50, 0.00
123.50, 68.00, 64.00, 0.50, 1.00
123.50, 80.00, 71.00, 0.50, 0.00
124.00, 65.00, 62.00, 1.00, 1.00
124.00, 77.00, 69.00, 1.00, 0.00
125.00, 61.00, 60.00, 1.00, 1.00
125.00, 73.00, 67.00, 1.00, 0.00
126.00, 37.00, 46.00, 1.00, 1.00
126.00, 71.00, 66.00, 0.50, 0.00
126.50, 73.00, 67.00, 0.50, 0.00
127.00, 59.00, 59.00, 2.00, 1.00
127.00, 61.00, 60.00, 2.00, 1.00
127.00, 65.00, 62.00, 2.00, 1.00
127.00, 77.00, 69.00, 1.00, 0.00
128.00, 70.00, 65.00, 1.00, 1.00
128.00, 82.00, 72.00, 1.00, 0.00
129.00, 58.00, 58.00, 2.00, 1.00
129.00, 61.00, 60.00, 2.00, 1.00
129.00, 68.00, 64.00, 0.50, 1.00
129.00, 80.00, 71.00, 0.50, 0.00
129.50, 66.00, 63.00, 0.50, 1.00
129.50, 78.00, 70.00, 0.50, 0.00
130.00, 61.00, 60.00, 1.00, 1.00
130.00, 73.00, 67.00, 1.00, 0.00
131.00, 63.00, 61.00, 0.50, 1.00
131.00, 75.00, 68.00, 0.75, 0.00
131.75, 70.00, 65.00, 0.25, 0.00
132.00, 37.00, 46.00, 1.00, 1.00
132.00, 71.00, 66.00, 0.50, 0.00
132.50, 73.00, 67.00, 0.50, 0.00
133.00, 59.00, 59.00, 2.00, 1.00
133.00, 61.00, 60.00, 2.00, 1.00
133.00, 65.00, 62.00, 2.00, 1.00
133.00, 77.00, 69.00, 1.00, 0.00
134.00, 71.00, 66.00, 1.00, 1.00
134.00, 83.00, 73.00, 1.00, 0.00
135.00, 70.00, 65.00, 0.75, 1.00
135.00, 82.00, 72.00, 0.75, 0.00
135.75, 68.00, 64.00, 0.25, 1.00
135.75, 80.00, 71.00, 0.25, 0.00
136.00, 63.00, 61.00, 1.00, 1.00
136.00, 75.00, 68.00, 1.00, 0.00
137.00, 68.00, 64.00, 0.75, 1.00
137.00, 80.00, 71.00, 0.75, 0.00
137.75, 66.00, 63.00, 0.25, 1.00
137.75, 78.00, 70.00, 0.25, 0.00
138.00, 61.00, 60.00, 1.00, 1.00
138.00, 73.00, 67.00, 1.00, 0.00
139.00, 66.00, 63.00, 0.75, 1.00
139.00, 78.00, 70.00, 0.75, 0.00
139.75, 65.00, 62.00, 0.25, 1.00
139.75, 77.00, 69.00, 0.25, 0.00
140.00, 59.00, 59.00, 1.00, 1.00
140.00, 71.00, 66.00, 1.00, 0.00
141.00, 65.00, 62.00, 0.50, 1.00
141.00, 77.00, 69.00, 0.50, 0.00
141.50, 63.00, 61.00, 0.50, 1.00
141.50, 75.00, 68.00, 0.50, 0.00
142.00, 61.00, 60.00, 1.00, 1.00
142.00, 73.00, 67.00, 1.00, 0.00
143.00, 59.00, 59.00, 1.00, 1.00
143.00, 71.00, 66.00, 1.00, 0.00
144.00, 58.00, 58.00, 0.50, 1.00
144.00, 70.00, 65.00, 0.75, 0.00
144.75, 70.00, 65.00, 0.25, 0.00
145.00, 42.00, 49.00, 2.00, 1.00
145.00, 58.00, 58.00, 1.00, 0.00
145.00, 61.00, 60.00, 1.00, 0.00
146.00, 49.00, 53.00, 2.00, 1.00
146.00, 54.00, 56.00, 1.00, 1.00
146.00, 58.00, 58.00, 1.50, 0.00
146.00, 61.00, 60.00, 4.00, 0.00
146.00, 70.00, 65.00, 1.50, 0.00
147.00, 41.00, 48.00, 2.00, 1.00
147.50, 56.00, 57.00, 0.50, 0.00
147.50, 68.00, 64.00, 0.50, 0.00
148.00, 49.00, 53.00, 2.00, 1.00
148.00, 56.00, 57.00, 0.50, 0.00
148.00, 68.00, 64.00, 0.50, 0.00
148.50, 55.00, 56.00, 0.50, 0.00
148.50, 67.00, 63.00, 0.50, 0.00
149.00, 41.00, 48.00, 1.00, 1.00
149.00, 56.00, 57.00, 1.00, 0.00
149.00, 68.00, 64.00, 1.00, 0.00
150.00, 39.00, 47.00, 1.00, 1.00
150.00, 56.00, 57.00, 0.50, 0.00
150.00, 59.00, 59.00, 0.50, 0.00
150.00, 66.00, 63.00, 0.50, 0.00
150.75, 59.00, 59.00, 0.25, 0.00
150.75, 66.00, 63.00, 0.25, 0.00
151.00, 44.00, 50.00, 2.00, 1.00
151.00, 51.00, 54.00, 1.00, 1.00
151.00, 56.00, 57.00, 1.00, 0.00
151.00, 56.00, 57.00, 2.00, 1.00
152.00, 39.00, 47.00, 1.00, 1.00
152.00, 59.00, 59.00, 1.00, 0.00
152.00, 66.00, 63.00, 1.50, 0.00
153.00, 37.00, 46.00, 1.00, 1.00
153.00, 44.00, 50.00, 1.00, 1.00
153.00, 56.00, 57.00, 2.00, 0.00
153.00, 61.00, 60.00, 2.00, 0.00
153.50, 65.00, 62.00, 0.50, 0.00
154.00, 44.00, 50.00, 1.00, 1.00
154.00, 49.00, 53.00, 3.00, 1.00
154.00, 65.00, 62.00, 0.50, 0.00
154.50, 64.00, 61.00, 0.50, 0.00
155.00, 37.00, 46.00, 1.00, 1.00
155.00, 56.00, 57.00, 1.00, 0.00
155.00, 65.00, 62.00, 1.00, 0.00
156.00, 42.00, 49.00, 1.00, 1.00
156.00, 57.00, 58.00, 1.00, 0.00
156.00, 61.00, 60.00, 0.75, 0.00
156.75, 63.00, 61.00, 0.25, 0.00
157.00, 49.00, 53.00, 2.00, 1.00
157.00, 54.00, 56.00, 1.00, 1.00
157.00, 57.00, 58.00, 1.00, 0.00
157.00, 63.00, 61.00, 0.75, 0.00
157.75, 61.00, 60.00, 0.25, 0.00
158.00, 42.00, 49.00, 1.00, 1.00
158.00, 57.00, 58.00, 1.00, 0.00
158.00, 61.00, 60.00, 0.75, 0.00
158.75, 63.00, 61.00, 0.25, 0.00
159.00, 44.00, 50.00, 2.00, 1.00
159.00, 49.00, 53.00, 1.00, 1.00
159.00, 56.00, 57.00, 1.00, 0.00
159.00, 61.00, 60.00, 1.00, 0.00
159.00, 63.00, 61.00, 0.75, 0.00
159.75, 65.00, 62.00, 0.25, 0.00
160.00, 49.00, 53.00, 1.00, 1.00
160.00, 56.00, 57.00, 1.00, 1.00
160.00, 61.00, 60.00, 2.00, 0.00
160.00, 65.00, 62.00, 0.75, 0.00
160.75, 66.00, 63.00, 0.25, 0.00
161.00, 66.00, 63.00, 0.75, 0.00
161.75, 67.00, 63.00, 0.25, 0.00
162.00, 32.00, 43.00, 1.00, 1.00
162.00, 61.00, 60.00, 1.00, 0.00
162.00, 67.00, 63.00, 0.75, 0.00
162.75, 68.00, 64.00, 0.50, 0.00
163.00, 51.00, 54.00, 1.00, 1.00
163.00, 56.00, 57.00, 1.00, 1.00
163.00, 60.00, 59.00, 1.00, 0.00
163.00, 63.00, 61.00, 1.00, 1.00
163.25, 68.00, 64.00, 0.25, 0.00
163.50, 70.00, 65.00, 0.25, 0.00
163.75, 68.00, 64.00, 0.25, 0.00
164.00, 51.00, 54.00, 1.00, 1.00
164.00, 56.00, 57.00, 1.00, 1.00
164.00, 60.00, 59.00, 1.00, 0.00
164.00, 63.00, 61.00, 1.00, 1.00
164.00, 66.00, 63.00, 1.00, 0.00
164.00, 67.00, 63.00, 0.50, 0.00
164.50, 68.00, 64.00, 0.50, 0.00
165.00, 37.00, 46.00, 1.00, 1.00
165.00, 75.00, 68.00, 0.50, 0.00
165.75, 77.00, 69.00, 0.25, 0.00
166.00, 56.00, 57.00, 1.00, 1.00
166.00, 61.00, 60.00, 1.00, 1.00
166.00, 65.00, 62.00, 2.00, 0.00
166.00, 73.00, 67.00, 1.50, 0.00
167.00, 49.00, 53.00, 2.00, 1.00
167.50, 72.00, 66.00, 0.50, 0.00
168.00, 42.00, 49.00, 1.00, 1.00
168.00, 66.00, 63.00, 0.50, 0.00
168.00, 70.00, 65.00, 0.50, 0.00
168.75, 66.00, 63.00, 0.25, 0.00
168.75, 70.00, 65.00, 0.25, 0.00
169.00, 49.00, 53.00, 3.00, 1.00
169.00, 54.00, 56.00, 1.00, 0.00
169.00, 58.00, 58.00, 1.00, 0.00
169.00, 61.00, 60.00, 5.00, 0.00
170.00, 42.00, 49.00, 1.00, 1.00
170.00, 58.00, 58.00, 1.00, 0.00
170.00, 70.00, 65.00, 1.50, 0.00
171.00, 41.00, 48.00, 2.00, 1.00
171.00, 58.00, 58.00, 0.50, 0.00
171.50, 56.00, 57.00, 0.50, 0.00
171.50, 68.00, 64.00, 0.50, 0.00
172.00, 49.00, 53.00, 2.00, 1.00
172.00, 56.00, 57.00, 0.50, 0.00
172.00, 68.00, 64.00, 0.50, 0.00
172.50, 55.00, 56.00, 0.50, 0.00
172.50, 67.00, 63.00, 0.50, 0.00
173.00, 41.00, 48.00, 1.00, 1.00
173.00, 56.00, 57.00, 1.00, 0.00
173.00, 68.00, 64.00, 1.00, 0.00
174.00, 39.00, 47.00, 2.00, 1.00
174.00, 60.00, 59.00, 0.50, 0.00
174.00, 66.00, 63.00, 0.50, 0.00
174.75, 60.00, 59.00, 0.25, 0.00
174.75, 66.00, 63.00, 0.25, 0.00
175.00, 44.00, 50.00, 2.00, 1.00
175.00, 51.00, 54.00, 1.00, 0.00
175.00, 56.00, 57.00, 1.00, 0.00
176.00, 39.00, 47.00, 1.00, 1.00
176.00, 60.00, 59.00, 1.00, 0.00
176.00, 66.00, 63.00, 1.75, 0.00
177.00, 37.00, 46.00, 1.00, 1.00
177.00, 44.00, 50.00, 1.00, 1.00
177.00, 56.00, 57.00, 2.00, 0.00
177.00, 61.00, 60.00, 2.00, 0.00
177.75, 65.00, 62.00, 1.00, 0.00
178.00, 44.00, 50.00, 1.00, 1.00
178.00, 49.00, 53.00, 3.00, 1.00
178.75, 64.00, 61.00, 0.25, 0.00
179.00, 37.00, 46.00, 1.00, 1.00
179.00, 56.00, 57.00, 1.00, 0.00
179.00, 65.00, 62.00, 1.00, 0.00
180.00, 42.00, 49.00, 1.00, 1.00
180.00, 57.00, 58.00, 1.00, 0.00
180.00, 61.00, 60.00, 0.75, 0.00
180.75, 63.00, 61.00, 0.25, 0.00
181.00, 49.00, 53.00, 1.00, 1.00
181.00, 54.00, 56.00, 1.00, 1.00
181.00, 57.00, 58.00, 1.00, 0.00
181.00, 63.00, 61.00, 0.75, 0.00
181.75, 61.00, 60.00, 0.25, 0.00
182.00, 42.00, 49.00, 1.00, 1.00
182.00, 57.00, 58.00, 1.00, 0.00
182.00, 61.00, 60.00, 0.75, 0.00
182.75, 63.00, 61.00, 0.25, 0.00
183.00, 44.00, 50.00, 2.00, 1.00
183.00, 47.00, 52.00, 1.00, 1.00
183.00, 56.00, 57.00, 1.00, 0.00
183.00, 61.00, 60.00, 1.00, 0.00
183.00, 63.00, 61.00, 0.75, 0.00
183.75, 65.00, 62.00, 0.25, 0.00
184.00, 49.00, 53.00, 1.00, 1.00
184.00, 56.00, 57.00, 1.00, 1.00
184.00, 61.00, 60.00, 3.00, 0.00
184.00, 65.00, 62.00, 0.75, 0.00
184.75, 66.00, 63.00, 0.25, 0.00
185.00, 44.00, 50.00, 1.00, 1.00
185.00, 66.00, 63.00, 0.75, 0.00
185.75, 67.00, 63.00, 0.25, 0.00
186.00, 32.00, 43.00, 1.00, 1.00
186.00, 67.00, 63.00, 0.75, 0.00
186.75, 68.00, 64.00, 0.25, 0.00
187.00, 51.00, 54.00, 4.00, 1.00
187.00, 56.00, 57.00, 4.00, 1.00
187.00, 60.00, 59.00, 4.00, 0.00
187.00, 63.00, 61.00, 4.00, 1.00
187.00, 66.00, 63.00, 4.00, 0.00
187.00, 68.00, 64.00, 0.75, 0.00
187.75, 69.00, 64.00, 0.25, 0.00
188.00, 69.00, 64.00, 0.75, 0.00
188.75, 70.00, 65.00, 0.25, 0.00
189.00, 70.00, 65.00, 0.75, 0.00
189.75, 71.00, 66.00, 0.25, 0.00
190.00, 71.00, 66.00, 0.75, 0.00
190.75, 72.00, 66.00, 0.25, 0.00
191.00, 72.00, 66.00, 0.75, 0.00
191.75, 73.00, 67.00, 0.25, 0.00
192.00, 45.00, 51.00, 6.00, 1.00
192.00, 52.00, 55.00, 0.50, 1.00
192.00, 61.00, 60.00, 3.00, 0.00
192.00, 64.00, 62.00, 3.00, 0.00
192.00, 73.00, 67.00, 3.00, 0.00
192.50, 57.00, 58.00, 0.50, 1.00
193.00, 56.00, 57.00, 1.00, 1.00
194.00, 54.00, 56.00, 1.00, 1.00
195.00, 52.00, 55.00, 3.00, 1.00
195.00, 61.00, 60.00, 3.00, 0.00
195.00, 64.00, 62.00, 0.50, 0.00
195.00, 73.00, 67.00, 3.00, 0.00
195.50, 69.00, 65.00, 0.50, 0.00
196.00, 68.00, 64.00, 1.00, 0.00
197.00, 66.00, 63.00, 1.00, 0.00
198.00, 45.00, 51.00, 5.00, 1.00
198.00, 52.00, 55.00, 5.00, 1.00
198.00, 64.00, 62.00, 0.50, 0.00
198.50, 61.00, 60.00, 0.50, 0.00
199.00, 57.00, 58.00, 1.00, 0.00
200.00, 59.00, 59.00, 1.00, 0.00
201.00, 61.00, 60.00, 0.50, 0.00
201.00, 73.00, 67.00, 2.00, 0.00
201.50, 62.00, 61.00, 0.50, 0.00
202.00, 64.00, 62.00, 1.00, 0.00
203.00, 44.00, 50.00, 1.00, 1.00
203.00, 49.00, 53.00, 1.50, 1.00
203.00, 65.00, 62.00, 1.00, 0.00
203.00, 71.00, 66.00, 1.00, 0.00
204.00, 42.00, 49.00, 4.00, 1.00
204.00, 57.00, 58.00, 3.00, 0.00
204.00, 66.00, 63.00, 3.00, 0.00
204.00, 69.00, 65.00, 3.00, 0.00
204.50, 54.00, 56.00, 0.50, 1.00
205.00, 52.00, 55.00, 1.00, 1.00
206.00, 50.00, 54.00, 1.00, 1.00
207.00, 49.00, 53.00, 0.50, 1.00
207.00, 57.00, 58.00, 2.00, 0.00
207.00, 66.00, 63.00, 2.00, 0.00
207.00, 69.00, 65.00, 2.00, 0.00
207.50, 45.00, 51.00, 0.50, 1.00
208.00, 42.00, 49.00, 1.00, 1.00
209.00, 43.00, 50.00, 1.00, 1.00
209.00, 55.00, 57.00, 1.00, 1.00
209.00, 64.00, 62.00, 1.00, 0.00
209.00, 67.00, 64.00, 1.00, 0.00
210.00, 45.00, 51.00, 0.50, 1.00
210.00, 54.00, 56.00, 6.00, 1.00
210.00, 62.00, 61.00, 6.00, 0.00
210.00, 66.00, 63.00, 6.00, 0.00
210.50, 50.00, 54.00, 0.50, 1.00
211.00, 49.00, 53.00, 1.00, 1.00
212.00, 47.00, 52.00, 1.00, 1.00
213.00, 45.00, 51.00, 0.50, 1.00
213.50, 42.00, 49.00, 0.50, 1.00
214.00, 38.00, 47.00, 1.00, 1.00
215.00, 36.00, 45.00, 1.00, 1.00
216.00, 37.00, 46.00, 1.00, 1.00
216.00, 53.00, 55.00, 0.50, 0.00
216.00, 61.00, 60.00, 0.50, 0.00
216.00, 65.00, 62.00, 0.50, 0.00
216.50, 73.00, 67.00, 0.50, 0.00
217.00, 71.00, 66.00, 1.00, 0.00
218.00, 57.00, 58.00, 1.00, 1.00
218.00, 61.00, 60.00, 1.00, 1.00
218.00, 66.00, 63.00, 1.00, 1.00
218.00, 69.00, 65.00, 1.00, 0.00
219.00, 49.00, 53.00, 2.00, 1.00
219.00, 68.00, 64.00, 0.50, 0.00
219.50, 65.00, 62.00, 0.50, 0.00
220.00, 56.00, 57.00, 1.00, 1.00
220.00, 61.00, 60.00, 1.00, 0.00
221.00, 54.00, 56.00, 1.00, 1.00
221.00, 57.00, 58.00, 1.00, 1.00
221.00, 62.00, 61.00, 1.00, 0.00
222.00, 49.00, 53.00, 1.00, 1.00
222.00, 65.00, 62.00, 0.50, 0.00
222.50, 66.00, 63.00, 0.50, 0.00
223.00, 68.00, 64.00, 1.00, 0.00
224.00, 57.00, 58.00, 1.00, 1.00
224.00, 61.00, 60.00, 1.00, 1.00
224.00, 66.00, 63.00, 1.00, 1.00
224.00, 69.00, 65.00, 1.00, 0.00
225.00, 49.00, 53.00, 2.00, 1.00
225.00, 68.00, 64.00, 0.50, 0.00
225.50, 65.00, 62.00, 0.50, 0.00
226.00, 56.00, 57.00, 1.00, 1.00
226.00, 61.00, 60.00, 1.00, 0.00
227.00, 54.00, 56.00, 1.00, 1.00
227.00, 57.00, 58.00, 1.00, 1.00
227.00, 62.00, 61.00, 1.00, 0.00
228.00, 37.00, 46.00, 1.00, 1.00
228.00, 65.00, 62.00, 0.50, 0.00
228.50, 73.00, 67.00, 0.50, 0.00
229.00, 56.00, 57.00, 1.00, 1.00
229.00, 61.00, 60.00, 1.00, 1.00
229.00, 65.00, 62.00, 1.00, 1.00
229.00, 71.00, 66.00, 1.00, 0.00
230.00, 57.00, 58.00, 1.00, 1.00
230.00, 61.00, 60.00, 1.00, 1.00
230.00, 66.00, 63.00, 1.00, 1.00
230.00, 69.00, 65.00, 1.00, 0.00
231.00, 49.00, 53.00, 2.00, 1.00
231.00, 68.00, 64.00, 0.50, 0.00
231.50, 65.00, 62.00, 0.50, 0.00
232.00, 56.00, 57.00, 1.00, 1.00
232.00, 61.00, 60.00, 1.00, 0.00
233.00, 54.00, 56.00, 1.00, 1.00
233.00, 57.00, 58.00, 1.00, 1.00
233.00, 62.00, 61.00, 1.00, 0.00
234.00, 49.00, 53.00, 1.00, 1.00
234.00, 65.00, 62.00, 0.50, 0.00
234.50, 66.00, 63.00, 0.50, 0.00
235.00, 68.00, 64.00, 1.00, 0.00
236.00, 57.00, 58.00, 1.00, 1.00
236.00, 61.00, 60.00, 1.00, 1.00
236.00, 66.00, 63.00, 1.00, 1.00
236.00, 69.00, 65.00, 1.00, 0.00
237.00, 49.00, 53.00, 2.00, 1.00
237.00, 68.00, 64.00, 1.50, 0.00
238.00, 56.00, 57.00, 1.00, 1.00
238.50, 61.00, 60.00, 0.50, 0.00
239.00, 68.00, 64.00, 0.50, 0.00
239.00, 68.00, 64.00, 1.00, 0.00
239.50, 61.00, 60.00, 0.50, 0.00
240.00, 40.00, 48.00, 1.00, 1.00
240.00, 59.00, 59.00, 0.50, 0.00
240.00, 68.00, 64.00, 0.50, 0.00
240.75, 76.00, 69.00, 0.25, 0.00
241.00, 59.00, 59.00, 1.00, 0.00
241.00, 64.00, 62.00, 1.00, 0.00
241.00, 68.00, 64.00, 1.00, 0.00
241.00, 75.00, 68.00, 1.00, 0.00
242.00, 58.00, 58.00, 1.00, 0.00
242.00, 64.00, 62.00, 1.00, 0.00
242.00, 67.00, 63.00, 1.00, 0.00
242.00, 73.00, 67.00, 1.00, 0.00
243.00, 52.00, 55.00, 3.00, 1.00
243.00, 71.00, 66.00, 0.50, 0.00
243.50, 68.00, 64.00, 0.50, 0.00
244.00, 59.00, 59.00, 1.00, 1.00
244.00, 64.00, 62.00, 1.00, 0.00
245.00, 58.00, 58.00, 1.00, 1.00
245.00, 61.00, 60.00, 1.00, 1.00
245.00, 67.00, 63.00, 1.00, 0.00
246.00, 40.00, 48.00, 1.00, 1.00
246.00, 68.00, 64.00, 0.50, 0.00
246.50, 69.00, 65.00, 0.50, 0.00
247.00, 59.00, 59.00, 1.00, 1.00
247.00, 64.00, 62.00, 1.00, 1.00
247.00, 68.00, 64.00, 1.00, 1.00
247.00, 70.00, 65.00, 0.50, 0.00
247.50, 71.00, 66.00, 0.50, 0.00
248.00, 58.00, 58.00, 1.00, 1.00
248.00, 64.00, 62.00, 1.00, 1.00
248.00, 67.00, 63.00, 1.00, 1.00
248.00, 72.00, 66.00, 0.50, 0.00
248.50, 73.00, 67.00, 0.50, 0.00
249.00, 52.00, 55.00, 3.00, 1.00
249.00, 71.00, 66.00, 0.50, 0.00
249.50, 68.00, 64.00, 0.50, 0.00
250.00, 59.00, 59.00, 1.00, 1.00
250.00, 64.00, 62.00, 1.00, 0.00
251.00, 58.00, 58.00, 1.00, 1.00
251.00, 61.00, 60.00, 1.00, 1.00
251.00, 67.00, 63.00, 1.00, 0.00
252.00, 40.00, 48.00, 1.00, 1.00
252.00, 68.00, 64.00, 0.50, 0.00
252.75, 76.00, 69.00, 0.25, 0.00
253.00, 59.00, 59.00, 1.00, 1.00
253.00, 64.00, 62.00, 1.00, 1.00
253.00, 68.00, 64.00, 1.00, 1.00
253.00, 75.00, 68.00, 1.00, 0.00
254.00, 58.00, 58.00, 1.00, 1.00
254.00, 64.00, 62.00, 1.00, 1.00
254.00, 67.00, 63.00, 1.00, 1.00
254.00, 73.00, 67.00, 1.00, 0.00
255.00, 52.00, 55.00, 3.00, 1.00
255.00, 71.00, 66.00, 0.50, 0.00
255.50, 68.00, 64.00, 0.50, 0.00
256.00, 59.00, 59.00, 1.00, 1.00
256.00, 64.00, 62.00, 1.00, 0.00
257.00, 58.00, 58.00, 1.00, 1.00
257.00, 61.00, 60.00, 1.00, 1.00
257.00, 67.00, 63.00, 1.00, 0.00
258.00, 40.00, 48.00, 1.00, 1.00
258.00, 68.00, 64.00, 0.50, 0.00
258.50, 69.00, 65.00, 0.50, 0.00
259.00, 56.00, 57.00, 1.00, 1.00
259.00, 59.00, 59.00, 1.00, 1.00
259.00, 64.00, 62.00, 1.00, 1.00
259.00, 68.00, 64.00, 1.00, 1.00
259.00, 70.00, 65.00, 0.50, 0.00
259.50, 73.00, 67.00, 0.50, 0.00
260.00, 71.00, 66.00, 0.50, 0.00
260.50, 75.00, 68.00, 0.50, 0.00
261.00, 78.00, 70.00, 0.50, 0.00
261.50, 76.00, 69.00, 0.50, 0.00
262.00, 75.00, 68.00, 0.50, 0.00
262.50, 76.00, 69.00, 0.50, 0.00
263.00, 78.00, 70.00, 0.50, 0.00
263.50, 79.00, 70.00, 0.50, 0.00
264.00, 36.00, 45.00, 1.00, 1.00
264.00, 48.00, 52.00, 1.00, 1.00
264.00, 80.00, 71.00, 1.50, 0.00
265.00, 56.00, 57.00, 1.00, 1.00
265.00, 63.00, 61.00, 1.00, 1.00
265.00, 66.00, 63.00, 1.00, 1.00
265.50, 82.00, 72.00, 0.50, 0.00
266.00, 56.00, 57.00, 1.00, 1.00
266.00, 63.00, 61.00, 1.00, 1.00
266.00, 66.00, 63.00, 1.00, 1.00
266.00, 80.00, 71.00, 0.50, 0.00
266.50, 79.00, 70.00, 0.50, 0.00
267.00, 37.00, 46.00, 1.00, 1.00
267.00, 49.00, 53.00, 1.00, 1.00
267.00, 80.00, 71.00, 0.50, 0.00
267.50, 82.00, 72.00, 0.50, 0.00
268.00, 53.00, 55.00, 1.00, 1.00
268.00, 56.00, 57.00, 1.00, 1.00
268.00, 61.00, 60.00, 1.00, 1.00
268.00, 65.00, 62.00, 1.00, 1.00
268.00, 80.00, 71.00, 0.50, 0.00
268.50, 79.00, 70.00, 0.50, 0.00
269.00, 53.00, 55.00, 1.00, 1.00
269.00, 56.00, 57.00, 1.00, 1.00
269.00, 61.00, 60.00, 1.00, 1.00
269.00, 65.00, 62.00, 1.00, 1.00
269.00, 80.00, 71.00, 0.50, 0.00
269.50, 82.00, 72.00, 0.50, 0.00
270.00, 32.00, 43.00, 1.00, 1.00
270.00, 44.00, 50.00, 1.00, 1.00
270.00, 80.00, 71.00, 0.50, 0.00
270.50, 79.00, 70.00, 0.50, 0.00
271.00, 51.00, 54.00, 1.00, 1.00
271.00, 56.00, 57.00, 1.00, 1.00
271.00, 60.00, 59.00, 1.00, 1.00
271.00, 66.00, 63.00, 1.00, 1.00
271.00, 80.00, 71.00, 0.50, 0.00
271.50, 82.00, 72.00, 0.50, 0.00
272.00, 51.00, 54.00, 1.00, 1.00
272.00, 56.00, 57.00, 1.00, 1.00
272.00, 60.00, 59.00, 1.00, 1.00
272.00, 66.00, 63.00, 1.00, 1.00
272.00, 80.00, 71.00, 0.50, 0.00
272.50, 78.00, 70.00, 0.50, 0.00
273.00, 37.00, 46.00, 1.00, 1.00
273.00, 49.00, 53.00, 1.00, 1.00
273.00, 77.00, 69.00, 0.50, 0.00
273.75, 76.00, 68.00, 0.25, 0.00
274.00, 53.00, 55.00, 1.00, 1.00
274.00, 56.00, 57.00, 1.00, 1.00
274.00, 61.00, 60.00, 1.00, 1.00
274.00, 65.00, 62.00, 1.00, 1.00
274.00, 77.00, 69.00, 1.00, 0.00
275.00, 53.00, 55.00, 1.00, 1.00
275.00, 56.00, 57.00, 1.00, 1.00
275.00, 61.00, 60.00, 1.00, 1.00
275.00, 65.00, 62.00, 1.00, 1.00
275.00, 73.00, 67.00, 1.00, 0.00
276.00, 33.00, 43.00, 1.00, 1.00
276.00, 45.00, 50.00, 1.00, 1.00
276.00, 77.00, 69.00, 1.50, 0.00
277.00, 53.00, 55.00, 1.00, 1.00
277.00, 60.00, 59.00, 1.00, 1.00
277.00, 63.00, 61.00, 1.00, 1.00
277.00, 65.00, 62.00, 1.00, 1.00
277.50, 78.00, 70.00, 0.50, 0.00
278.00, 53.00, 55.00, 1.00, 1.00
278.00, 60.00, 59.00, 1.00, 1.00
278.00, 63.00, 61.00, 1.00, 1.00
278.00, 65.00, 62.00, 1.00, 1.00
278.00, 77.00, 69.00, 0.50, 0.00
278.50, 76.00, 68.00, 0.50, 0.00
279.00, 34.00, 44.00, 1.00, 1.00
279.00, 46.00, 51.00, 1.00, 1.00
279.00, 77.00, 69.00, 0.50, 0.00
279.50, 78.00, 70.00, 0.50, 0.00
280.00, 53.00, 55.00, 1.00, 1.00
280.00, 58.00, 58.00, 1.00, 1.00
280.00, 61.00, 60.00, 1.00, 1.00
280.00, 65.00, 62.00, 1.00, 1.00
280.00, 77.00, 69.00, 0.50, 0.00
280.50, 76.00, 68.00, 0.50, 0.00
281.00, 51.00, 54.00, 1.00, 1.00
281.00, 58.00, 58.00, 1.00, 1.00
281.00, 61.00, 60.00, 1.00, 1.00
281.00, 63.00, 61.00, 1.00, 1.00
281.00, 77.00, 69.00, 0.50, 0.00
281.50, 79.00, 70.00, 0.50, 0.00
282.00, 44.00, 50.00, 1.00, 1.00
282.00, 82.00, 72.00, 0.50, 0.00
282.50, 80.00, 71.00, 0.50, 0.00
283.00, 51.00, 54.00, 1.00, 1.00
283.00, 56.00, 57.00, 1.00, 1.00
283.00, 60.00, 59.00, 1.00, 1.00
283.00, 66.00, 63.00, 1.00, 1.00
283.00, 78.00, 70.00, 0.50, 0.00
283.50, 70.00, 65.00, 0.50, 0.00
284.00, 51.00, 54.00, 1.00, 1.00
284.00, 56.00, 57.00, 1.00, 1.00
284.00, 60.00, 59.00, 1.00, 1.00
284.00, 66.00, 63.00, 1.00, 1.00
284.00, 72.00, 66.00, 0.50, 0.00
284.50, 68.00, 64.00, 0.50, 0.00
285.00, 37.00, 46.00, 1.00, 1.00
285.00, 75.00, 68.00, 0.50, 0.00
285.75, 77.00, 69.00, 0.25, 0.00
286.00, 53.00, 55.00, 1.00, 1.00
286.00, 56.00, 57.00, 1.00, 1.00
286.00, 61.00, 60.00, 1.00, 1.00
286.00, 65.00, 62.00, 1.00, 1.00
286.00, 73.00, 67.00, 0.50, 0.00
286.50, 77.00, 69.00, 0.50, 0.00
287.00, 53.00, 55.00, 1.00, 1.00
287.00, 56.00, 57.00, 1.00, 1.00
287.00, 61.00, 60.00, 1.00, 1.00
287.00, 65.00, 62.00, 1.00, 1.00
287.00, 78.00, 70.00, 0.50, 0.00
287.50, 79.00, 70.00, 0.50, 0.00
288.00, 36.00, 45.00, 1.00, 1.00
288.00, 48.00, 52.00, 1.00, 1.00
288.00, 80.00, 71.00, 1.50, 0.00
289.00, 56.00, 57.00, 1.00, 1.00
289.00, 63.00, 61.00, 1.00, 1.00
289.00, 66.00, 63.00, 1.00, 1.00
289.00, 68.00, 64.00, 1.00, 0.00
289.50, 82.00, 72.00, 0.50, 0.00
290.00, 56.00, 57.00, 1.00, 1.00
290.00, 63.00, 61.00, 1.00, 1.00
290.00, 66.00, 63.00, 1.00, 1.00
290.00, 68.00, 64.00, 1.00, 0.00
290.00, 80.00, 71.00, 0.50, 0.00
290.50, 79.00, 70.00, 0.50, 0.00
291.00, 37.00, 46.00, 1.00, 1.00
291.00, 49.00, 53.00, 1.00, 1.00
291.00, 68.00, 64.00, 1.00, 0.00
291.00, 80.00, 71.00, 0.50, 0.00
291.50, 82.00, 72.00, 0.50, 0.00
292.00, 53.00, 55.00, 1.00, 1.00
292.00, 56.00, 57.00, 1.00, 1.00
292.00, 61.00, 60.00, 1.00, 1.00
292.00, 65.00, 62.00, 1.00, 1.00
292.00, 68.00, 64.00, 1.00, 0.00
292.00, 80.00, 71.00, 0.50, 0.00
292.50, 79.00, 70.00, 0.50, 0.00
293.00, 53.00, 55.00, 1.00, 1.00
293.00, 56.00, 57.00, 1.00, 1.00
293.00, 61.00, 60.00, 1.00, 1.00
293.00, 65.00, 62.00, 1.00, 1.00
293.00, 68.00, 64.00, 2.00, 0.00
293.00, 80.00, 71.00, 0.50, 0.00
293.50, 82.00, 72.00, 0.50, 0.00
294.00, 32.00, 43.00, 1.00, 1.00
294.00, 44.00, 50.00, 1.00, 1.00
294.00, 80.00, 71.00, 0.50, 0.00
294.50, 79.00, 70.00, 0.50, 0.00
295.00, 51.00, 54.00, 1.00, 1.00
295.00, 56.00, 57.00, 1.00, 1.00
295.00, 60.00, 59.00, 1.00, 1.00
295.00, 66.00, 63.00, 1.00, 1.00
295.00, 68.00, 64.00, 1.00, 0.00
295.00, 80.00, 71.00, 0.50, 0.00
295.50, 82.00, 72.00, 0.50, 0.00
296.00, 51.00, 54.00, 1.00, 1.00
296.00, 56.00, 57.00, 1.00, 1.00
296.00, 60.00, 59.00, 1.00, 1.00
296.00, 66.00, 63.00, 1.00, 1.00
296.00, 68.00, 64.00, 2.00, 0.00
296.00, 80.00, 71.00, 0.50, 0.00
296.50, 78.00, 70.00, 0.50, 0.00
297.00, 37.00, 46.00, 1.00, 1.00
297.00, 49.00, 53.00, 1.00, 1.00
297.00, 77.00, 69.00, 0.50, 0.00
297.75, 76.00, 68.00, 0.25, 0.00
298.00, 53.00, 55.00, 1.00, 1.00
298.00, 56.00, 57.00, 1.00, 1.00
298.00, 61.00, 60.00, 1.00, 1.00
298.00, 65.00, 62.00, 1.00, 1.00
298.00, 68.00, 64.00, 1.00, 0.00
298.00, 77.00, 69.00, 1.00, 0.00
299.00, 53.00, 55.00, 1.00, 1.00
299.00, 56.00, 57.00, 1.00, 1.00
299.00, 61.00, 60.00, 1.00, 1.00
299.00, 65.00, 62.00, 1.00, 1.00
299.00, 68.00, 64.00, 2.00, 0.00
299.00, 73.00, 67.00, 1.00, 0.00
300.00, 29.00, 41.00, 1.00, 1.00
300.00, 41.00, 48.00, 1.00, 1.00
300.00, 77.00, 69.00, 1.50, 0.00
301.00, 53.00, 55.00, 1.00, 1.00
301.00, 60.00, 59.00, 1.00, 1.00
301.00, 63.00, 61.00, 1.00, 1.00
301.00, 65.00, 62.00, 1.00, 1.00
301.00, 69.00, 64.00, 1.00, 0.00
301.50, 78.00, 70.00, 0.50, 0.00
302.00, 53.00, 55.00, 1.00, 1.00
302.00, 60.00, 59.00, 1.00, 1.00
302.00, 63.00, 61.00, 1.00, 1.00
302.00, 65.00, 62.00, 1.00, 1.00
302.00, 69.00, 64.00, 1.00, 0.00
302.00, 77.00, 69.00, 0.50, 0.00
302.50, 76.00, 68.00, 0.50, 0.00
303.00, 34.00, 44.00, 1.00, 1.00
303.00, 46.00, 51.00, 1.00, 1.00
303.00, 77.00, 69.00, 0.50, 0.00
303.50, 85.00, 74.00, 0.50, 0.00
303.50, 89.00, 76.00, 0.50, 0.00
304.00, 53.00, 55.00, 1.00, 1.00
304.00, 58.00, 58.00, 1.00, 1.00
304.00, 61.00, 60.00, 1.00, 1.00
304.00, 65.00, 62.00, 1.00, 1.00
304.00, 84.00, 73.00, 0.50, 0.00
304.00, 87.00, 75.00, 0.50, 0.00
304.50, 82.00, 72.00, 0.50, 0.00
304.50, 85.00, 74.00, 0.50, 0.00
305.00, 54.00, 56.00, 1.00, 1.00
305.00, 58.00, 58.00, 1.00, 1.00
305.00, 63.00, 61.00, 1.00, 1.00
305.00, 78.00, 70.00, 0.50, 0.00
305.00, 82.00, 72.00, 0.50, 0.00
305.50, 70.00, 65.00, 0.50, 0.00
305.50, 78.00, 70.00, 0.50, 0.00
306.00, 44.00, 50.00, 1.00, 1.00
306.00, 68.00, 64.00, 0.50, 0.00
306.00, 77.00, 69.00, 0.50, 0.00
306.75, 66.00, 63.00, 0.25, 0.00
306.75, 75.00, 68.00, 0.25, 0.00
307.00, 51.00, 54.00, 1.00, 1.00
307.00, 56.00, 57.00, 1.00, 1.00
307.00, 60.00, 59.00, 1.00, 1.00
307.00, 65.00, 62.00, 0.50, 0.00
307.00, 74.00, 67.00, 0.50, 0.00
307.50, 66.00, 63.00, 0.50, 0.00
307.50, 75.00, 68.00, 0.50, 0.00
308.00, 51.00, 54.00, 1.00, 1.00
308.00, 56.00, 57.00, 1.00, 1.00
308.00, 60.00, 59.00, 1.00, 1.00
308.00, 70.00, 65.00, 0.50, 0.00
308.00, 78.00, 70.00, 0.50, 0.00
308.75, 63.00, 61.00, 0.25, 0.00
308.75, 72.00, 66.00, 0.25, 0.00
309.00, 37.00, 46.00, 1.00, 1.00
309.00, 66.00, 63.00, 0.50, 0.00
309.00, 75.00, 68.00, 0.50, 0.00
309.75, 65.00, 62.00, 0.75, 0.00
309.75, 73.00, 67.00, 0.25, 0.00
310.00, 56.00, 57.00, 1.00, 1.00
310.00, 61.00, 60.00, 1.00, 1.00
310.00, 68.00, 64.00, 1.00, 1.00
310.00, 72.00, 66.00, 0.50, 0.00
310.75, 73.00, 67.00, 0.25, 0.00
311.00, 56.00, 57.00, 1.00, 1.00
311.00, 61.00, 60.00, 1.00, 1.00
311.00, 65.00, 62.00, 2.00, 0.00
311.00, 68.00, 64.00, 1.00, 1.00
311.00, 77.00, 69.00, 0.50, 0.00
311.75, 70.00, 65.00, 0.25, 0.00
312.00, 44.00, 50.00, 1.00, 1.00
312.00, 68.00, 64.00, 0.50, 0.00
312.75, 72.00, 66.00, 0.25, 0.00
313.00, 51.00, 54.00, 1.00, 1.00
313.00, 56.00, 57.00, 1.00, 1.00
313.00, 60.00, 59.00, 1.00, 0.00
313.00, 63.00, 61.00, 1.00, 1.00
313.00, 66.00, 63.00, 1.00, 0.00
313.00, 70.00, 65.00, 0.50, 0.00
313.75, 68.00, 64.00, 0.25, 0.00
314.00, 51.00, 54.00, 1.00, 1.00
314.00, 56.00, 57.00, 1.00, 1.00
314.00, 60.00, 59.00, 2.00, 0.00
314.00, 63.00, 61.00, 1.00, 1.00
314.00, 66.00, 63.00, 1.00, 0.00
314.00, 72.00, 66.00, 0.75, 0.00
314.75, 70.00, 65.00, 0.25, 0.00
315.00, 49.00, 53.00, 1.00, 1.00
315.00, 68.00, 64.00, 0.50, 0.00
315.75, 72.00, 66.00, 0.25, 0.00
316.00, 53.00, 55.00, 1.00, 1.00
316.00, 56.00, 57.00, 1.00, 1.00
316.00, 61.00, 60.00, 1.00, 0.00
316.00, 65.00, 62.00, 1.00, 1.00
316.00, 70.00, 65.00, 0.50, 0.00
316.75, 68.00, 64.00, 0.25, 0.00
317.00, 53.00, 55.00, 1.00, 1.00
317.00, 56.00, 57.00, 1.00, 1.00
317.00, 61.00, 60.00, 1.00, 0.00
317.00, 65.00, 62.00, 1.00, 1.00
317.00, 72.00, 66.00, 0.75, 0.00
317.75, 70.00, 65.00, 0.25, 0.00
318.00, 44.00, 50.00, 1.00, 1.00
318.00, 68.00, 64.00, 0.50, 0.00
318.50, 75.00, 68.00, 0.50, 0.00
319.00, 51.00, 54.00, 1.00, 1.00
319.00, 56.00, 57.00, 1.00, 1.00
319.00, 60.00, 59.00, 1.00, 1.00
319.00, 66.00, 63.00, 1.00, 0.00
319.00, 74.00, 67.00, 0.50, 0.00
319.75, 75.00, 68.00, 0.25, 0.00
320.00, 51.00, 54.00, 1.00, 1.00
320.00, 56.00, 57.00, 1.00, 1.00
320.00, 60.00, 59.00, 1.00, 1.00
320.00, 66.00, 63.00, 1.00, 0.00
320.00, 78.00, 70.00, 0.50, 0.00
320.75, 72.00, 66.00, 0.25, 0.00
321.00, 37.00, 46.00, 1.00, 1.00
321.00, 75.00, 68.00, 0.50, 0.00
321.50, 73.00, 67.00, 0.50, 0.00
322.00, 56.00, 57.00, 1.00, 1.00
322.00, 61.00, 60.00, 1.00, 1.00
322.00, 65.00, 62.00, 1.00, 0.00
322.00, 68.00, 64.00, 1.00, 1.00
322.00, 72.00, 66.00, 0.50, 0.00
322.75, 73.00, 67.00, 0.25, 0.00
323.00, 56.00, 57.00, 1.00, 1.00
323.00, 61.00, 60.00, 1.00, 1.00
323.00, 65.00, 62.00, 1.00, 0.00
323.00, 68.00, 64.00, 1.00, 1.00
323.00, 77.00, 69.00, 0.50, 0.00
323.75, 70.00, 65.00, 0.25, 0.00
324.00, 44.00, 50.00, 1.00, 1.00
324.00, 68.00, 64.00, 0.50, 0.00
324.75, 72.00, 66.00, 0.25, 0.00
325.00, 51.00, 54.00, 1.00, 1.00
325.00, 56.00, 57.00, 1.00, 1.00
325.00, 60.00, 59.00, 1.00, 0.00
325.00, 63.00, 61.00, 1.00, 1.00
325.00, 66.00, 63.00, 1.00, 0.00
325.00, 70.00, 65.00, 0.50, 0.00
325.75, 68.00, 64.00, 0.25, 0.00
326.00, 51.00, 54.00, 1.00, 1.00
326.00, 56.00, 57.00, 1.00, 1.00
326.00, 60.00, 59.00, 1.00, 0.00
326.00, 63.00, 61.00, 1.00, 1.00
326.00, 66.00, 63.00, 1.00, 0.00
326.00, 72.00, 66.00, 0.75, 0.00
326.75, 70.00, 65.00, 0.25, 0.00
327.00, 44.00, 50.00, 1.00, 1.00
327.00, 68.00, 64.00, 0.50, 0.00
327.75, 72.00, 66.00, 0.25, 0.00
328.00, 53.00, 55.00, 1.00, 1.00
328.00, 56.00, 57.00, 1.00, 1.00
328.00, 61.00, 60.00, 1.00, 0.00
328.00, 65.00, 62.00, 1.00, 1.00
328.00, 70.00, 65.00, 0.50, 0.00
328.75, 68.00, 64.00, 0.25, 0.00
329.00, 53.00, 55.00, 1.00, 1.00
329.00, 56.00, 57.00, 1.00, 1.00
329.00, 61.00, 60.00, 1.00, 0.00
329.00, 65.00, 62.00, 1.00, 1.00
329.00, 72.00, 66.00, 0.75, 0.00
329.75, 73.00, 67.00, 0.25, 0.00
330.00, 32.00, 43.00, 1.00, 1.00
330.00, 44.00, 50.00, 1.00, 1.00
330.75, 73.00, 67.00, 0.25, 0.00
331.00, 56.00, 57.00, 1.00, 1.00
331.00, 61.00, 60.00, 1.00, 1.00
331.00, 64.00, 62.00, 1.00, 0.00
331.00, 67.00, 63.00, 1.00, 1.00
331.00, 72.00, 66.00, 0.50, 0.00
331.75, 70.00, 65.00, 0.25, 0.00
332.00, 56.00, 57.00, 1.00, 1.00
332.00, 61.00, 60.00, 1.00, 1.00
332.00, 64.00, 62.00, 1.00, 0.00
332.00, 67.00, 63.00, 1.00, 1.00
332.00, 73.00, 67.00, 0.75, 0.00
332.75, 72.00, 66.00, 0.25, 0.00
333.00, 44.00, 50.00, 1.00, 1.00
333.00, 56.00, 57.00, 1.00, 1.00
333.00, 70.00, 65.00, 0.50, 0.00
333.75, 76.00, 69.00, 0.25, 0.00
334.00, 56.00, 57.00, 1.00, 1.00
334.00, 61.00, 60.00, 1.00, 1.00
334.00, 67.00, 63.00, 1.00, 0.00
334.00, 70.00, 65.00, 1.00, 1.00
334.00, 75.00, 68.00, 0.50, 0.00
334.75, 73.00, 67.00, 0.25, 0.00
335.00, 56.00, 57.00, 1.00, 1.00
335.00, 61.00, 60.00, 1.00, 1.00
335.00, 67.00, 63.00, 1.00, 0.00
335.00, 70.00, 65.00, 1.00, 1.00
335.00, 76.00, 69.00, 1.75, 0.00
336.00, 32.00, 43.00, 1.00, 1.00
336.00, 44.00, 50.00, 1.00, 1.00
336.75, 73.00, 67.00, 0.25, 0.00
337.00, 56.00, 57.00, 1.00, 1.00
337.00, 61.00, 60.00, 1.00, 1.00
337.00, 64.00, 62.00, 1.00, 0.00
337.00, 67.00, 63.00, 1.00, 1.00
337.00, 72.00, 66.00, 0.50, 0.00
337.75, 70.00, 65.00, 0.25, 0.00
338.00, 56.00, 57.00, 1.00, 1.00
338.00, 61.00, 60.00, 1.00, 1.00
338.00, 64.00, 62.00, 1.00, 0.00
338.00, 67.00, 63.00, 1.00, 1.00
338.00, 73.00, 67.00, 0.75, 0.00
338.75, 72.00, 66.00, 0.25, 0.00
339.00, 44.00, 50.00, 1.00, 1.00
339.00, 56.00, 57.00, 1.00, 1.00
339.00, 70.00, 65.00, 0.50, 0.00
339.75, 76.00, 69.00, 0.25, 0.00
340.00, 56.00, 57.00, 1.00, 1.00
340.00, 61.00, 60.00, 1.00, 1.00
340.00, 67.00, 63.00, 1.00, 0.00
340.00, 70.00, 65.00, 1.00, 1.00
340.00, 75.00, 68.00, 0.50, 0.00
340.75, 73.00, 67.00, 0.25, 0.00
341.00, 56.00, 57.00, 1.00, 1.00
341.00, 61.00, 60.00, 1.00, 1.00
341.00, 67.00, 63.00, 1.00, 0.00
341.00, 70.00, 65.00, 1.00, 1.00
341.00, 78.00, 70.00, 0.75, 0.00
341.75, 76.00, 69.00, 0.25, 0.00
342.00, 32.00, 43.00, 1.00, 1.00
342.00, 44.00, 50.00, 1.00, 1.00
342.00, 75.00, 68.00, 0.50, 0.00
342.75, 75.00, 68.00, 0.25, 0.00
343.00, 56.00, 57.00, 1.00, 1.00
343.00, 63.00, 61.00, 1.00, 1.00
343.00, 66.00, 63.00, 1.00, 0.00
343.00, 69.00, 65.00, 1.00, 1.00
343.00, 73.00, 67.00, 0.50, 0.00
343.75, 72.00, 66.00, 0.25, 0.00
344.00, 56.00, 57.00, 1.00, 1.00
344.00, 63.00, 61.00, 1.00, 1.00
344.00, 66.00, 63.00, 1.00, 0.00
344.00, 69.00, 65.00, 1.00, 1.00
344.00, 75.00, 68.00, 0.75, 0.00
344.75, 73.00, 67.00, 0.25, 0.00
345.00, 44.00, 50.00, 1.00, 1.00
345.00, 56.00, 57.00, 1.00, 1.00
345.00, 72.00, 66.00, 0.50, 0.00
345.75, 78.00, 70.00, 0.25, 0.00
346.00, 60.00, 59.00, 1.00, 1.00
346.00, 63.00, 61.00, 1.00, 1.00
346.00, 66.00, 63.00, 1.00, 1.00
346.00, 69.00, 65.00, 1.00, 0.00
346.00, 72.00, 66.00, 1.00, 1.00
346.00, 76.00, 69.00, 0.50, 0.00
346.75, 75.00, 68.00, 0.25, 0.00
347.00, 60.00, 59.00, 1.00, 1.00
347.00, 63.00, 61.00, 1.00, 1.00
347.00, 66.00, 63.00, 1.00, 1.00
347.00, 69.00, 65.00, 1.00, 0.00
347.00, 72.00, 66.00, 1.00, 1.00
347.00, 78.00, 70.00, 1.75, 0.00
348.00, 32.00, 43.00, 1.00, 1.00
348.00, 44.00, 50.00, 1.00, 1.00
348.75, 75.00, 68.00, 0.25, 0.00
349.00, 56.00, 57.00, 1.00, 1.00
349.00, 60.00, 59.00, 1.00, 1.00
349.00, 63.00, 61.00, 1.00, 1.00
349.00, 66.00, 63.00, 1.00, 0.00
349.00, 69.00, 65.00, 1.00, 1.00
349.00, 73.00, 67.00, 0.50, 0.00
349.75, 72.00, 66.00, 0.25, 0.00
350.00, 56.00, 57.00, 1.00, 1.00
350.00, 60.00, 59.00, 1.00, 1.00
350.00, 63.00, 61.00, 1.00, 1.00
350.00, 66.00, 63.00, 1.00, 0.00
350.00, 69.00, 65.00, 1.00, 1.00
350.00, 75.00, 68.00, 0.75, 0.00
350.75, 73.00, 67.00, 0.25, 0.00
351.00, 64.00, 62.00, 1.00, 1.00
351.00, 72.00, 66.00, 0.50, 0.00
351.00, 76.00, 69.00, 1.00, 1.00
351.75, 78.00, 70.00, 0.25, 0.00
352.00, 60.00, 59.00, 1.00, 1.00
352.00, 63.00, 61.00, 1.00, 1.00
352.00, 66.00, 63.00, 1.00, 1.00
352.00, 69.00, 65.00, 1.00, 0.00
352.00, 72.00, 66.00, 1.00, 1.00
352.00, 76.00, 69.00, 0.50, 0.00
352.75, 75.00, 68.00, 0.25, 0.00
353.00, 60.00, 59.00, 1.00, 1.00
353.00, 63.00, 61.00, 1.00, 1.00
353.00, 66.00, 63.00, 1.00, 1.00
353.00, 69.00, 65.00, 1.00, 0.00
353.00, 72.00, 66.00, 1.00, 1.00
353.00, 76.00, 69.00, 0.50, 0.00
353.50, 78.00, 70.00, 0.50, 0.00
354.00, 37.00, 46.00, 0.50, 1.00
354.00, 49.00, 53.00, 0.50, 1.00
354.00, 68.00, 64.00, 0.50, 0.00
354.00, 73.00, 67.00, 0.50, 0.00
354.00, 76.00, 69.00, 0.50, 0.00
354.00, 80.00, 71.00, 0.50, 0.00
354.50, 49.00, 53.00, 0.50, 1.00
354.50, 61.00, 60.00, 0.50, 1.00
354.50, 73.00, 67.00, 0.50, 0.00
354.50, 85.00, 74.00, 0.50, 0.00
355.00, 47.00, 52.00, 1.00, 1.00
355.00, 59.00, 59.00, 1.00, 1.00
355.00, 71.00, 66.00, 1.00, 0.00
355.00, 83.00, 73.00, 1.00, 0.00
356.00, 45.00, 51.00, 1.00, 1.00
356.00, 57.00, 58.00, 1.00, 1.00
356.00, 69.00, 65.00, 1.00, 0.00
356.00, 81.00, 72.00, 1.00, 0.00
357.00, 44.00, 50.00, 0.50, 1.00
357.00, 49.00, 53.00, 0.50, 1.00
357.00, 52.00, 55.00, 0.50, 1.00
357.00, 56.00, 57.00, 0.50, 1.00
357.00, 68.00, 64.00, 0.50, 0.00
357.00, 73.00, 67.00, 0.50, 0.00
357.00, 76.00, 69.00, 0.50, 0.00
357.00, 80.00, 71.00, 0.50, 0.00
357.75, 40.00, 48.00, 0.25, 1.00
357.75, 52.00, 55.00, 0.25, 1.00
357.75, 64.00, 62.00, 0.25, 0.00
357.75, 76.00, 69.00, 0.25, 0.00
358.00, 37.00, 46.00, 1.00, 1.00
358.00, 49.00, 53.00, 1.00, 1.00
358.00, 61.00, 60.00, 1.00, 0.00
358.00, 73.00, 67.00, 1.00, 0.00
359.00, 38.00, 47.00, 1.00, 1.00
359.00, 50.00, 54.00, 1.00, 1.00
359.00, 62.00, 61.00, 1.00, 0.00
359.00, 74.00, 68.00, 1.00, 0.00
360.00, 40.00, 48.00, 0.50, 1.00
360.00, 44.00, 50.00, 0.50, 1.00
360.00, 49.00, 53.00, 0.50, 1.00
360.00, 52.00, 55.00, 0.50, 1.00
360.00, 64.00, 62.00, 0.50, 0.00
360.00, 68.00, 64.00, 0.50, 0.00
360.00, 73.00, 67.00, 0.50, 0.00
360.00, 76.00, 69.00, 0.50, 0.00
360.75, 42.00, 49.00, 0.25, 1.00
360.75, 54.00, 56.00, 0.25, 1.00
360.75, 66.00, 63.00, 0.25, 0.00
360.75, 78.00, 70.00, 0.25, 0.00
361.00, 44.00, 50.00, 1.00, 1.00
361.00, 56.00, 57.00, 1.00, 1.00
361.00, 68.00, 64.00, 1.00, 0.00
361.00, 80.00, 71.00, 1.00, 0.00
362.00, 45.00, 51.00, 1.00, 1.00
362.00, 57.00, 58.00, 1.00, 1.00
362.00, 69.00, 65.00, 1.00, 0.00
362.00, 81.00, 72.00, 1.00, 0.00
363.00, 44.00, 50.00, 0.50, 1.00
363.00, 49.00, 53.00, 0.50, 1.00
363.00, 52.00, 55.00, 0.50, 1.00
363.00, 56.00, 57.00, 0.50, 1.00
363.00, 68.00, 64.00, 0.50, 0.00
363.00, 73.00, 67.00, 0.50, 0.00
363.00, 76.00, 69.00, 0.50, 0.00
363.00, 80.00, 71.00, 0.50, 0.00
363.75, 40.00, 48.00, 0.25, 1.00
363.75, 52.00, 55.00, 0.25, 1.00
363.75, 64.00, 62.00, 0.25, 0.00
363.75, 76.00, 69.00, 0.25, 0.00
364.00, 37.00, 46.00, 1.00, 1.00
364.00, 49.00, 53.00, 1.00, 1.00
364.00, 61.00, 60.00, 1.00, 0.00
364.00, 73.00, 67.00, 1.00, 0.00
365.00, 38.00, 47.00, 1.00, 1.00
365.00, 50.00, 54.00, 1.00, 1.00
365.00, 62.00, 61.00, 1.00, 0.00
365.00, 74.00, 68.00, 1.00, 0.00
366.00, 40.00, 48.00, 0.50, 1.00
366.00, 52.00, 55.00, 0.50, 1.00
366.00, 64.00, 62.00, 0.50, 0.00
366.00, 73.00, 67.00, 0.50, 0.00
366.00, 76.00, 69.00, 0.50, 0.00
366.75, 49.00, 53.00, 0.25, 1.00
366.75, 61.00, 60.00, 0.25, 1.00
366.75, 64.00, 62.00, 0.25, 0.00
366.75, 73.00, 67.00, 0.25, 0.00
366.75, 76.00, 69.00, 0.25, 0.00
367.00, 47.00, 52.00, 1.00, 1.00
367.00, 59.00, 59.00, 1.00, 1.00
367.00, 64.00, 62.00, 1.00, 0.00
367.00, 73.00, 67.00, 1.00, 0.00
367.00, 76.00, 69.00, 1.00, 0.00
368.00, 45.00, 51.00, 1.00, 1.00
368.00, 57.00, 58.00, 1.00, 1.00
368.00, 64.00, 62.00, 1.00, 0.00
368.00, 73.00, 67.00, 1.00, 0.00
368.00, 76.00, 69.00, 1.00, 0.00
369.00, 44.00, 50.00, 0.75, 1.00
369.00, 56.00, 57.00, 0.75, 1.00
369.00, 64.00, 62.00, 0.50, 0.00
369.00, 73.00, 67.00, 0.50, 0.00
369.00, 76.00, 69.00, 0.50, 0.00
369.75, 40.00, 48.00, 0.25, 1.00
369.75, 52.00, 55.00, 0.25, 1.00
369.75, 64.00, 62.00, 0.25, 0.00
369.75, 73.00, 67.00, 0.25, 0.00
369.75, 76.00, 69.00, 0.25, 0.00
370.00, 37.00, 46.00, 1.00, 1.00
370.00, 49.00, 53.00, 1.00, 1.00
370.00, 64.00, 62.00, 1.00, 0.00
370.00, 73.00, 67.00, 1.00, 0.00
370.00, 76.00, 69.00, 1.00, 0.00
371.00, 38.00, 47.00, 1.00, 1.00
371.00, 50.00, 54.00, 1.00, 1.00
371.00, 64.00, 62.00, 1.00, 0.00
371.00, 73.00, 67.00, 1.00, 0.00
371.00, 76.00, 69.00, 1.00, 0.00
372.00, 40.00, 48.00, 0.75, 1.00
372.00, 52.00, 55.00, 0.75, 1.00
372.00, 64.00, 62.00, 0.50, 0.00
372.00, 73.00, 67.00, 0.50, 0.00
372.00, 76.00, 69.00, 0.50, 0.00
372.75, 42.00, 49.00, 0.25, 1.00
372.75, 54.00, 56.00, 0.25, 1.00
372.75, 64.00, 62.00, 0.25, 0.00
372.75, 73.00, 67.00, 0.25, 0.00
372.75, 76.00, 69.00, 0.25, 0.00
373.00, 44.00, 50.00, 1.00, 1.00
373.00, 56.00, 57.00, 1.00, 1.00
373.00, 64.00, 62.00, 1.00, 0.00
373.00, 73.00, 67.00, 1.00, 0.00
373.00, 76.00, 69.00, 1.00, 0.00
374.00, 45.00, 51.00, 1.00, 1.00
374.00, 57.00, 58.00, 1.00, 1.00
374.00, 64.00, 62.00, 1.00, 0.00
374.00, 73.00, 67.00, 1.00, 0.00
374.00, 76.00, 69.00, 1.00, 0.00
375.00, 44.00, 50.00, 0.75, 1.00
375.00, 56.00, 57.00, 0.75, 1.00
375.00, 64.00, 62.00, 0.50, 0.00
375.00, 73.00, 67.00, 0.50, 0.00
375.00, 76.00, 69.00, 0.50, 0.00
375.75, 40.00, 48.00, 0.25, 1.00
375.75, 52.00, 55.00, 0.25, 1.00
375.75, 64.00, 62.00, 0.25, 0.00
375.75, 73.00, 67.00, 0.25, 0.00
375.75, 76.00, 69.00, 0.25, 0.00
376.00, 37.00, 46.00, 1.00, 1.00
376.00, 49.00, 53.00, 1.00, 1.00
376.00, 64.00, 62.00, 1.00, 0.00
376.00, 73.00, 67.00, 1.00, 0.00
376.00, 76.00, 69.00, 1.00, 0.00
377.00, 39.00, 47.00, 1.00, 1.00
377.00, 51.00, 54.00, 1.00, 1.00
377.00, 61.00, 60.00, 1.00, 0.00
377.00, 67.00, 63.00, 1.00, 0.00
377.00, 75.00, 68.00, 1.00, 0.00
378.00, 32.00, 43.00, 2.00, 1.00
378.00, 44.00, 50.00, 2.00, 1.00
378.00, 54.00, 56.00, 2.00, 1.00
378.00, 64.00, 62.00, 0.75, 0.00
378.75, 63.00, 61.00, 0.25, 0.00
379.00, 66.00, 63.00, 1.50, 0.00
380.00, 32.00, 43.00, 1.00, 1.00
380.00, 44.00, 50.00, 1.00, 1.00
380.00, 54.00, 56.00, 1.00, 1.00
380.50, 60.00, 59.00, 0.50, 0.00
381.00, 37.00, 46.00, 2.00, 1.00
381.00, 44.00, 50.00, 2.00, 1.00
381.00, 52.00, 55.00, 2.00, 1.00
381.00, 63.00, 61.00, 0.75, 0.00
381.75, 61.00, 60.00, 0.25, 0.00
382.00, 64.00, 62.00, 1.50, 0.00
383.00, 37.00, 46.00, 1.00, 1.00
383.00, 44.00, 50.00, 1.00, 1.00
383.00, 52.00, 55.00, 1.00, 1.00
383.50, 57.00, 58.00, 0.50, 0.00
384.00, 36.00, 45.00, 2.00, 1.00
384.00, 44.00, 50.00, 2.00, 1.00
384.00, 51.00, 54.00, 2.00, 1.00
384.00, 56.00, 57.00, 0.75, 0.00
384.75, 57.00, 58.00, 0.25, 0.00
385.00, 56.00, 57.00, 1.00, 0.00
386.00, 36.00, 45.00, 1.00, 1.00
386.00, 44.00, 50.00, 1.00, 1.00
386.00, 51.00, 54.00, 1.00, 1.00
386.00, 56.00, 57.00, 1.75, 0.00
387.00, 37.00, 46.00, 2.00, 1.00
387.00, 44.00, 50.00, 2.00, 1.00
387.00, 52.00, 55.00, 2.00, 1.00
387.75, 57.00, 58.00, 0.25, 0.00
388.00, 56.00, 57.00, 2.00, 0.00
389.00, 37.00, 46.00, 1.00, 1.00
389.00, 44.00, 50.00, 1.00, 1.00
389.00, 52.00, 55.00, 1.00, 1.00
390.00, 32.00, 43.00, 2.00, 1.00
390.00, 44.00, 50.00, 2.00, 1.00
390.00, 54.00, 56.00, 2.00, 1.00
390.00, 64.00, 62.00, 0.75, 0.00
390.75, 63.00, 61.00, 0.25, 0.00
391.00, 66.00, 63.00, 1.50, 0.00
392.00, 32.00, 43.00, 1.00, 1.00
392.00, 44.00, 50.00, 1.00, 1.00
392.00, 54.00, 56.00, 1.00, 1.00
392.50, 60.00, 59.00, 0.50, 0.00
393.00, 37.00, 46.00, 2.00, 1.00
393.00, 44.00, 50.00, 2.00, 1.00
393.00, 52.00, 55.00, 2.00, 1.00
393.00, 63.00, 61.00, 0.75, 0.00
393.75, 61.00, 60.00, 0.25, 0.00
394.00, 64.00, 62.00, 1.50, 0.00
395.00, 37.00, 46.00, 1.00, 1.00
395.00, 44.00, 50.00, 1.00, 1.00
395.00, 52.00, 55.00, 1.00, 1.00
395.50, 57.00, 58.00, 0.50, 0.00
396.00, 36.00, 45.00, 2.00, 1.00
396.00, 44.00, 50.00, 2.00, 1.00
396.00, 51.00, 54.00, 2.00, 1.00
396.00, 56.00, 57.00, 0.75, 0.00
396.75, 57.00, 58.00, 0.25, 0.00
397.00, 56.00, 57.00, 1.00, 0.00
398.00, 36.00, 45.00, 1.00, 1.00
398.00, 44.00, 50.00, 1.00, 1.00
398.00, 51.00, 54.00, 1.00, 1.00
398.00, 56.00, 57.00, 1.75, 0.00
399.00, 37.00, 46.00, 2.00, 1.00
399.00, 44.00, 50.00, 2.00, 1.00
399.00, 52.00, 55.00, 2.00, 1.00
399.75, 57.00, 58.00, 0.25, 0.00
400.00, 56.00, 57.00, 2.75, 0.00
401.00, 37.00, 46.00, 1.00, 1.00
401.00, 44.00, 50.00, 1.00, 1.00
401.00, 52.00, 55.00, 1.00, 1.00
402.00, 36.00, 45.00, 2.00, 1.00
402.00, 51.00, 54.00, 2.00, 1.00
402.75, 57.00, 58.00, 0.25, 0.00
403.00, 56.00, 57.00, 1.00, 0.00
404.00, 36.00, 45.00, 1.00, 1.00
404.00, 44.00, 50.00, 1.00, 1.00
404.00, 51.00, 54.00, 1.00, 1.00
404.00, 56.00, 57.00, 1.75, 0.00
405.00, 37.00, 46.00, 2.00, 1.00
405.00, 44.00, 50.00, 2.00, 1.00
405.00, 52.00, 55.00, 2.00, 1.00
405.75, 57.00, 58.00, 0.25, 0.00
406.00, 56.00, 57.00, 2.75, 0.00
407.00, 37.00, 46.00, 1.00, 1.00
407.00, 44.00, 50.00, 1.00, 1.00
407.00, 52.00, 55.00, 1.00, 1.00
408.00, 32.00, 43.00, 2.00, 1.00
408.00, 44.00, 50.00, 2.00, 1.00
408.00, 51.00, 54.00, 2.00, 1.00
408.75, 57.00, 58.00, 0.25, 0.00
409.00, 56.00, 57.00, 5.00, 0.00
410.00, 32.00, 43.00, 1.00, 1.00
410.00, 44.00, 50.00, 1.00, 1.00
410.00, 51.00, 54.00, 1.75, 1.00
411.00, 32.00, 43.00, 2.00, 1.00
411.00, 44.00, 50.00, 2.00, 1.00
411.75, 52.00, 55.00, 0.25, 1.00
412.00, 51.00, 54.00, 1.50, 1.00
413.00, 32.00, 43.00, 1.00, 1.00
413.00, 44.00, 50.00, 1.00, 1.00
413.50, 49.00, 53.00, 0.50, 1.00
414.00, 37.00, 46.00, 2.00, 1.00
414.00, 44.00, 50.00, 2.00, 1.00
414.00, 49.00, 53.00, 2.00, 1.00
414.00, 56.00, 57.00, 2.00, 1.00
