ontime, MNN, MPN, duration, channel
-1.00, 80.00, 71.00, 2.00, 0.00
1.00, 80.00, 71.00, 0.50, 0.00
1.50, 83.00, 73.00, 0.50, 0.00
2.00, 81.00, 72.00, 0.50, 0.00
2.50, 80.00, 71.00, 0.50, 0.00
3.00, 79.00, 70.00, 0.50, 0.00
3.50, 75.00, 68.00, 0.50, 0.00
4.00, 80.00, 71.00, 1.50, 0.00
5.00, 68.00, 64.00, 2.00, 1.00
5.00, 72.00, 66.00, 1.00, 0.00
5.50, 78.00, 70.00, 0.50, 0.00
6.00, 73.00, 67.00, 4.00, 0.00
6.00, 76.00, 69.00, 3.00, 0.00
7.00, 68.00, 64.00, 0.50, 1.00
7.50, 71.00, 66.00, 0.50, 1.00
8.00, 69.00, 65.00, 0.50, 1.00
8.50, 68.00, 64.00, 0.50, 1.00
9.00, 67.00, 63.00, 0.50, 1.00
9.00, 75.00, 68.00, 3.00, 0.00
9.50, 63.00, 61.00, 0.50, 1.00
10.00, 68.00, 64.00, 1.50, 1.00
10.00, 72.00, 66.00, 2.00, 0.00
11.00, 56.00, 57.00, 1.00, 1.00
11.50, 66.00, 63.00, 0.50, 1.00
12.00, 61.00, 60.00, 1.00, 1.00
12.00, 64.00, 62.00, 1.00, 1.00
12.00, 73.00, 67.00, 1.00, 0.00
13.00, 75.00, 68.00, 0.50, 0.00
13.50, 78.00, 70.00, 0.50, 0.00
14.00, 76.00, 69.00, 0.50, 0.00
14.50, 75.00, 68.00, 0.50, 0.00
15.00, 73.00, 67.00, 0.50, 0.00
15.50, 70.00, 65.00, 0.50, 0.00
16.00, 75.00, 68.00, 1.50, 0.00
17.00, 63.00, 61.00, 2.00, 1.00
17.00, 67.00, 63.00, 1.00, 0.00
17.50, 73.00, 67.00, 0.50, 0.00
18.00, 68.00, 64.00, 4.00, 0.00
18.00, 71.00, 66.00, 3.00, 0.00
19.00, 63.00, 61.00, 0.50, 1.00
19.50, 66.00, 63.00, 0.50, 1.00
20.00, 64.00, 62.00, 0.50, 1.00
20.50, 63.00, 61.00, 0.50, 1.00
21.00, 61.00, 60.00, 0.50, 1.00
21.00, 70.00, 65.00, 3.00, 0.00
21.50, 58.00, 58.00, 0.50, 1.00
22.00, 63.00, 61.00, 1.50, 1.00
22.00, 67.00, 63.00, 2.00, 0.00
23.00, 51.00, 54.00, 1.00, 1.00
23.50, 61.00, 60.00, 0.50, 1.00
24.00, 44.00, 50.00, 1.00, 1.00
24.00, 60.00, 59.00, 0.50, 0.00
24.00, 66.00, 63.00, 0.50, 0.00
24.00, 72.00, 66.00, 0.50, 0.00
24.50, 73.00, 67.00, 0.50, 0.00
25.00, 75.00, 68.00, 0.50, 0.00
25.50, 76.00, 69.00, 0.50, 0.00
26.00, 78.00, 70.00, 0.50, 0.00
26.50, 80.00, 71.00, 0.50, 0.00
27.00, 81.00, 72.00, 0.33, 0.00
27.33, 83.00, 73.00, 0.33, 0.00
27.67, 81.00, 72.00, 0.33, 0.00
28.00, 56.00, 57.00, 1.00, 1.00
28.00, 60.00, 59.00, 1.00, 1.00
28.00, 66.00, 63.00, 2.00, 1.00
28.00, 78.00, 70.00, 0.50, 0.00
28.50, 76.00, 69.00, 0.50, 0.00
29.00, 57.00, 58.00, 1.00, 1.00
29.00, 61.00, 60.00, 1.00, 1.00
29.00, 75.00, 68.00, 0.50, 0.00
29.50, 73.00, 67.00, 0.50, 0.00
30.00, 56.00, 57.00, 1.00, 1.00
30.00, 63.00, 61.00, 1.00, 1.00
30.00, 66.00, 63.00, 1.00, 1.00
30.00, 72.00, 66.00, 0.50, 0.00
30.50, 73.00, 67.00, 0.50, 0.00
31.00, 44.00, 50.00, 1.00, 1.00
31.00, 75.00, 68.00, 0.50, 0.00
31.50, 76.00, 69.00, 0.50, 0.00
32.00, 56.00, 57.00, 1.00, 1.00
32.00, 60.00, 59.00, 1.00, 1.00
32.00, 66.00, 63.00, 1.00, 1.00
32.00, 78.00, 70.00, 0.50, 0.00
32.50, 80.00, 71.00, 0.50, 0.00
33.00, 81.00, 72.00, 0.33, 0.00
33.33, 83.00, 73.00, 0.33, 0.00
33.67, 81.00, 72.00, 0.33, 0.00
34.00, 56.00, 57.00, 1.00, 1.00
34.00, 60.00, 59.00, 1.00, 1.00
34.00, 66.00, 63.00, 1.00, 1.00
34.00, 78.00, 70.00, 0.50, 0.00
34.50, 76.00, 69.00, 0.50, 0.00
35.00, 57.00, 58.00, 1.00, 1.00
35.00, 61.00, 60.00, 1.00, 1.00
35.00, 66.00, 63.00, 1.00, 1.00
35.00, 75.00, 68.00, 0.50, 0.00
35.50, 73.00, 67.00, 0.50, 0.00
36.00, 56.00, 57.00, 1.00, 1.00
36.00, 60.00, 59.00, 1.00, 1.00
36.00, 66.00, 63.00, 1.00, 1.00
36.00, 75.00, 68.00, 0.50, 0.00
36.50, 68.00, 64.00, 0.50, 0.00
37.00, 44.00, 50.00, 1.00, 1.00
37.00, 80.00, 71.00, 1.50, 0.00
38.00, 51.00, 54.00, 1.00, 1.00
38.00, 60.00, 59.00, 1.00, 1.00
38.50, 75.00, 68.00, 0.50, 0.00
39.00, 56.00, 57.00, 1.00, 1.00
39.00, 66.00, 63.00, 1.00, 1.00
39.00, 80.00, 71.00, 0.50, 0.00
39.50, 75.00, 68.00, 0.50, 0.00
40.00, 51.00, 54.00, 1.00, 1.00
40.00, 60.00, 59.00, 1.00, 1.00
40.00, 80.00, 71.00, 1.50, 0.00
41.00, 44.00, 50.00, 1.00, 1.00
41.50, 68.00, 64.00, 0.50, 0.00
42.00, 32.00, 43.00, 1.00, 1.00
42.00, 75.00, 68.00, 0.50, 0.00
42.50, 68.00, 64.00, 0.50, 0.00
43.00, 56.00, 57.00, 1.00, 1.00
43.00, 60.00, 59.00, 1.00, 1.00
43.00, 66.00, 63.00, 1.00, 1.00
43.00, 80.00, 71.00, 1.50, 0.00
44.50, 68.00, 64.00, 0.50, 0.00
45.00, 37.00, 46.00, 1.00, 1.00
45.00, 75.00, 68.00, 0.50, 0.00
45.50, 76.00, 69.00, 0.50, 0.00
46.00, 49.00, 53.00, 1.00, 1.00
46.00, 56.00, 57.00, 1.00, 1.00
46.00, 64.00, 62.00, 1.00, 1.00
46.00, 73.00, 67.00, 1.00, 0.00
47.00, 80.00, 71.00, 2.00, 0.00
49.00, 80.00, 71.00, 0.50, 0.00
49.50, 83.00, 73.00, 0.50, 0.00
50.00, 81.00, 72.00, 0.50, 0.00
50.50, 80.00, 71.00, 0.50, 0.00
51.00, 79.00, 70.00, 0.50, 0.00
51.50, 75.00, 68.00, 0.50, 0.00
52.00, 80.00, 71.00, 1.50, 0.00
53.00, 68.00, 64.00, 2.00, 1.00
53.00, 72.00, 66.00, 1.00, 0.00
53.50, 78.00, 70.00, 0.50, 0.00
54.00, 73.00, 67.00, 4.00, 0.00
54.00, 76.00, 69.00, 3.00, 0.00
55.00, 68.00, 64.00, 0.50, 1.00
55.50, 71.00, 66.00, 0.50, 1.00
56.00, 69.00, 65.00, 0.50, 1.00
56.50, 68.00, 64.00, 0.50, 1.00
57.00, 67.00, 63.00, 0.50, 1.00
57.00, 75.00, 68.00, 3.00, 0.00
57.50, 63.00, 61.00, 0.50, 1.00
58.00, 68.00, 64.00, 1.50, 1.00
58.00, 72.00, 66.00, 2.00, 0.00
59.00, 56.00, 57.00, 1.00, 1.00
59.50, 66.00, 63.00, 0.50, 1.00
60.00, 61.00, 60.00, 1.00, 1.00
60.00, 64.00, 62.00, 1.00, 1.00
60.00, 73.00, 67.00, 1.00, 0.00
61.00, 75.00, 68.00, 0.50, 0.00
61.50, 78.00, 70.00, 0.50, 0.00
62.00, 76.00, 69.00, 0.50, 0.00
62.50, 75.00, 68.00, 0.50, 0.00
63.00, 73.00, 67.00, 0.50, 0.00
63.50, 70.00, 65.00, 0.50, 0.00
64.00, 75.00, 68.00, 1.50, 0.00
65.00, 63.00, 61.00, 2.00, 1.00
65.00, 67.00, 63.00, 1.00, 0.00
65.50, 73.00, 67.00, 0.50, 0.00
66.00, 68.00, 64.00, 4.00, 0.00
66.00, 71.00, 66.00, 3.00, 0.00
67.00, 63.00, 61.00, 0.50, 1.00
67.50, 66.00, 63.00, 0.50, 1.00
68.00, 64.00, 62.00, 0.50, 1.00
68.50, 63.00, 61.00, 0.50, 1.00
69.00, 61.00, 60.00, 0.50, 1.00
69.00, 70.00, 65.00, 3.00, 0.00
69.50, 58.00, 58.00, 0.50, 1.00
70.00, 63.00, 61.00, 1.50, 1.00
70.00, 67.00, 63.00, 2.00, 0.00
71.00, 51.00, 54.00, 1.00, 1.00
71.50, 61.00, 60.00, 0.50, 1.00
72.00, 44.00, 50.00, 1.00, 1.00
72.00, 60.00, 59.00, 0.50, 0.00
72.00, 66.00, 63.00, 0.50, 0.00
72.00, 72.00, 66.00, 0.50, 0.00
72.50, 73.00, 67.00, 0.50, 0.00
73.00, 75.00, 68.00, 0.50, 0.00
73.50, 76.00, 69.00, 0.50, 0.00
74.00, 78.00, 70.00, 0.50, 0.00
74.50, 80.00, 71.00, 0.50, 0.00
75.00, 81.00, 72.00, 0.33, 0.00
75.33, 83.00, 73.00, 0.33, 0.00
75.67, 81.00, 72.00, 0.33, 0.00
76.00, 56.00, 57.00, 1.00, 1.00
76.00, 60.00, 59.00, 1.00, 1.00
76.00, 66.00, 63.00, 2.00, 1.00
76.00, 78.00, 70.00, 0.50, 0.00
76.50, 76.00, 69.00, 0.50, 0.00
77.00, 57.00, 58.00, 1.00, 1.00
77.00, 61.00, 60.00, 1.00, 1.00
77.00, 75.00, 68.00, 0.50, 0.00
77.50, 73.00, 67.00, 0.50, 0.00
78.00, 56.00, 57.00, 1.00, 1.00
78.00, 63.00, 61.00, 1.00, 1.00
78.00, 66.00, 63.00, 1.00, 1.00
78.00, 72.00, 66.00, 0.50, 0.00
78.50, 73.00, 67.00, 0.50, 0.00
79.00, 44.00, 50.00, 1.00, 1.00
79.00, 75.00, 68.00, 0.50, 0.00
79.50, 76.00, 69.00, 0.50, 0.00
80.00, 56.00, 57.00, 1.00, 1.00
80.00, 60.00, 59.00, 1.00, 1.00
80.00, 66.00, 63.00, 1.00, 1.00
80.00, 78.00, 70.00, 0.50, 0.00
80.50, 80.00, 71.00, 0.50, 0.00
81.00, 81.00, 72.00, 0.33, 0.00
81.33, 83.00, 73.00, 0.33, 0.00
81.67, 81.00, 72.00, 0.33, 0.00
82.00, 56.00, 57.00, 1.00, 1.00
82.00, 60.00, 59.00, 1.00, 1.00
82.00, 66.00, 63.00, 1.00, 1.00
82.00, 78.00, 70.00, 0.50, 0.00
82.50, 76.00, 69.00, 0.50, 0.00
83.00, 57.00, 58.00, 1.00, 1.00
83.00, 61.00, 60.00, 1.00, 1.00
83.00, 66.00, 63.00, 1.00, 1.00
83.00, 75.00, 68.00, 0.50, 0.00
83.50, 73.00, 67.00, 0.50, 0.00
84.00, 56.00, 57.00, 1.00, 1.00
84.00, 60.00, 59.00, 1.00, 1.00
84.00, 66.00, 63.00, 1.00, 1.00
84.00, 75.00, 68.00, 0.50, 0.00
84.50, 68.00, 64.00, 0.50, 0.00
85.00, 44.00, 50.00, 1.00, 1.00
85.00, 80.00, 71.00, 1.50, 0.00
86.00, 51.00, 54.00, 1.00, 1.00
86.00, 60.00, 59.00, 1.00, 1.00
86.50, 75.00, 68.00, 0.50, 0.00
87.00, 56.00, 57.00, 1.00, 1.00
87.00, 66.00, 63.00, 1.00, 1.00
87.00, 80.00, 71.00, 0.50, 0.00
87.50, 75.00, 68.00, 0.50, 0.00
88.00, 51.00, 54.00, 1.00, 1.00
88.00, 60.00, 59.00, 1.00, 1.00
88.00, 80.00, 71.00, 1.50, 0.00
89.00, 44.00, 50.00, 1.00, 1.00
89.50, 68.00, 64.00, 0.50, 0.00
90.00, 32.00, 43.00, 1.00, 1.00
90.00, 75.00, 68.00, 0.50, 0.00
90.50, 68.00, 64.00, 0.50, 0.00
91.00, 56.00, 57.00, 1.00, 1.00
91.00, 60.00, 59.00, 1.00, 1.00
91.00, 66.00, 63.00, 1.00, 1.00
91.00, 80.00, 71.00, 1.50, 0.00
92.50, 68.00, 64.00, 0.50, 0.00
93.00, 37.00, 46.00, 1.00, 1.00
93.00, 75.00, 68.00, 0.50, 0.00
93.50, 76.00, 69.00, 0.50, 0.00
94.00, 49.00, 53.00, 1.00, 1.00
94.00, 56.00, 57.00, 1.00, 1.00
94.00, 64.00, 62.00, 1.00, 1.00
94.00, 73.00, 67.00, 1.00, 0.00
96.00, 33.00, 44.00, 1.00, 1.00
96.00, 45.00, 51.00, 1.00, 1.00
96.00, 57.00, 58.00, 1.00, 0.00
97.00, 52.00, 55.00, 1.50, 1.00
97.00, 57.00, 58.00, 1.50, 1.00
97.00, 61.00, 60.00, 1.50, 0.00
97.00, 64.00, 62.00, 1.50, 1.00
97.00, 69.00, 65.00, 1.50, 0.00
97.00, 73.00, 67.00, 1.50, 0.00
98.50, 52.00, 55.00, 0.50, 1.00
98.50, 57.00, 58.00, 0.50, 1.00
98.50, 61.00, 60.00, 0.50, 0.00
98.50, 64.00, 62.00, 0.50, 1.00
99.00, 52.00, 55.00, 0.50, 1.00
99.00, 57.00, 58.00, 0.50, 1.00
99.00, 64.00, 62.00, 0.50, 1.00
99.00, 69.00, 65.00, 0.50, 0.00
99.00, 73.00, 67.00, 0.50, 0.00
99.75, 52.00, 55.00, 0.25, 1.00
99.75, 57.00, 58.00, 0.25, 1.00
99.75, 64.00, 62.00, 0.25, 1.00
99.75, 69.00, 65.00, 0.25, 0.00
99.75, 73.00, 67.00, 0.25, 0.00
100.00, 52.00, 55.00, 1.00, 1.00
100.00, 57.00, 58.00, 1.00, 1.00
100.00, 61.00, 60.00, 1.00, 0.00
100.00, 64.00, 62.00, 1.00, 1.00
101.00, 52.00, 55.00, 1.00, 1.00
101.00, 57.00, 58.00, 1.00, 1.00
101.00, 61.00, 60.00, 1.00, 0.00
101.00, 64.00, 62.00, 1.00, 1.00
101.00, 69.00, 65.00, 1.00, 0.00
101.00, 73.00, 67.00, 1.00, 0.00
102.00, 33.00, 44.00, 1.00, 1.00
102.00, 45.00, 51.00, 1.00, 1.00
102.00, 57.00, 58.00, 0.50, 0.00
102.75, 69.00, 65.00, 0.25, 0.00
102.75, 73.00, 67.00, 0.25, 0.00
103.00, 52.00, 55.00, 1.00, 1.00
103.00, 57.00, 58.00, 1.00, 1.00
103.00, 64.00, 62.00, 1.00, 1.00
103.00, 69.00, 65.00, 1.00, 0.00
103.00, 73.00, 67.00, 0.33, 0.00
103.33, 75.00, 68.00, 0.33, 0.00
103.67, 73.00, 67.00, 0.33, 0.00
104.00, 68.00, 64.00, 0.50, 0.00
104.00, 71.00, 66.00, 0.50, 0.00
104.50, 66.00, 63.00, 0.50, 0.00
104.50, 69.00, 65.00, 0.50, 0.00
105.00, 40.00, 48.00, 0.50, 1.00
105.00, 68.00, 64.00, 0.50, 0.00
105.00, 71.00, 66.00, 0.50, 0.00
105.75, 68.00, 64.00, 0.25, 0.00
105.75, 71.00, 66.00, 0.25, 0.00
106.00, 52.00, 55.00, 1.00, 1.00
106.00, 59.00, 59.00, 1.00, 1.00
106.00, 64.00, 62.00, 1.00, 0.00
106.00, 68.00, 64.00, 1.00, 0.00
107.00, 52.00, 55.00, 1.00, 1.00
107.00, 59.00, 59.00, 1.00, 1.00
107.00, 64.00, 62.00, 1.00, 0.00
107.00, 68.00, 64.00, 1.00, 0.00
107.00, 76.00, 69.00, 1.00, 0.00
108.00, 30.00, 42.00, 1.00, 1.00
108.00, 42.00, 49.00, 1.00, 1.00
108.00, 57.00, 58.00, 1.00, 0.00
109.00, 49.00, 53.00, 1.50, 1.00
109.00, 54.00, 56.00, 1.50, 1.00
109.00, 57.00, 58.00, 1.50, 0.00
109.00, 61.00, 60.00, 1.50, 1.00
109.00, 66.00, 63.00, 1.50, 0.00
109.00, 69.00, 65.00, 1.50, 0.00
110.50, 49.00, 53.00, 0.50, 1.00
110.50, 54.00, 56.00, 0.50, 1.00
110.50, 57.00, 58.00, 0.50, 0.00
110.50, 61.00, 60.00, 0.50, 1.00
111.00, 49.00, 53.00, 0.50, 1.00
111.00, 54.00, 56.00, 0.50, 1.00
111.00, 61.00, 60.00, 0.50, 1.00
111.00, 66.00, 63.00, 0.50, 0.00
111.00, 69.00, 65.00, 0.50, 0.00
111.75, 49.00, 53.00, 0.25, 1.00
111.75, 54.00, 56.00, 0.25, 1.00
111.75, 61.00, 60.00, 0.25, 1.00
111.75, 66.00, 63.00, 0.25, 0.00
111.75, 69.00, 65.00, 0.25, 0.00
112.00, 49.00, 53.00, 1.00, 1.00
112.00, 54.00, 56.00, 1.00, 1.00
112.00, 57.00, 58.00, 1.00, 0.00
112.00, 61.00, 60.00, 1.00, 1.00
113.00, 49.00, 53.00, 1.00, 1.00
113.00, 54.00, 56.00, 1.00, 1.00
113.00, 57.00, 58.00, 1.00, 0.00
113.00, 61.00, 60.00, 1.00, 1.00
113.00, 66.00, 63.00, 1.00, 0.00
113.00, 69.00, 65.00, 1.00, 0.00
114.00, 30.00, 42.00, 1.00, 1.00
114.00, 42.00, 49.00, 1.00, 1.00
114.00, 57.00, 58.00, 0.50, 0.00
114.75, 66.00, 63.00, 0.25, 0.00
114.75, 69.00, 65.00, 0.25, 0.00
115.00, 49.00, 53.00, 1.00, 1.00
115.00, 54.00, 56.00, 1.00, 1.00
115.00, 61.00, 60.00, 1.00, 1.00
115.00, 66.00, 63.00, 1.00, 0.00
115.00, 69.00, 65.00, 0.33, 0.00
115.33, 71.00, 66.00, 0.33, 0.00
115.67, 69.00, 65.00, 0.33, 0.00
116.00, 64.00, 62.00, 0.50, 0.00
116.00, 68.00, 64.00, 0.50, 0.00
116.50, 63.00, 61.00, 0.50, 0.00
116.50, 66.00, 63.00, 0.50, 0.00
117.00, 37.00, 46.00, 0.50, 1.00
117.00, 64.00, 62.00, 0.50, 0.00
117.00, 68.00, 64.00, 0.50, 0.00
117.75, 64.00, 62.00, 0.25, 0.00
117.75, 68.00, 64.00, 0.25, 0.00
118.00, 49.00, 53.00, 1.00, 1.00
118.00, 56.00, 57.00, 1.00, 1.00
118.00, 61.00, 60.00, 1.00, 0.00
118.00, 64.00, 62.00, 1.00, 0.00
119.00, 49.00, 53.00, 1.00, 1.00
119.00, 61.00, 60.00, 1.00, 0.00
119.00, 73.00, 67.00, 1.00, 0.00
120.00, 39.00, 47.00, 0.50, 1.00
120.00, 61.00, 60.00, 3.00, 0.00
120.00, 67.00, 63.00, 3.00, 0.00
120.00, 72.00, 66.00, 2.00, 0.00
120.50, 51.00, 54.00, 0.50, 1.00
121.00, 53.00, 55.00, 0.50, 1.00
121.50, 55.00, 56.00, 0.50, 1.00
122.00, 56.00, 57.00, 0.50, 1.00
122.00, 70.00, 65.00, 1.00, 0.00
122.50, 58.00, 58.00, 0.50, 1.00
123.00, 60.00, 59.00, 0.50, 1.00
123.00, 63.00, 61.00, 1.00, 0.00
123.50, 56.00, 57.00, 0.50, 1.00
124.00, 51.00, 54.00, 0.50, 1.00
124.50, 65.00, 62.00, 0.50, 1.00
125.00, 63.00, 61.00, 1.00, 1.00
125.00, 68.00, 64.00, 1.00, 0.00
125.00, 72.00, 66.00, 1.00, 0.00
126.00, 39.00, 47.00, 0.50, 1.00
126.00, 61.00, 60.00, 3.00, 0.00
126.00, 67.00, 63.00, 3.00, 0.00
126.00, 72.00, 66.00, 2.00, 0.00
126.00, 75.00, 68.00, 2.00, 0.00
126.50, 51.00, 54.00, 0.50, 1.00
127.00, 53.00, 55.00, 0.50, 1.00
127.50, 55.00, 56.00, 0.50, 1.00
128.00, 56.00, 57.00, 0.50, 1.00
128.00, 70.00, 65.00, 1.00, 0.00
128.00, 73.00, 67.00, 1.00, 0.00
128.50, 58.00, 58.00, 0.50, 1.00
129.00, 60.00, 59.00, 0.50, 1.00
129.00, 63.00, 61.00, 2.00, 0.00
129.00, 68.00, 64.00, 2.00, 0.00
129.00, 72.00, 66.00, 2.00, 0.00
129.50, 56.00, 57.00, 0.50, 1.00
130.00, 51.00, 54.00, 0.50, 1.00
130.50, 53.00, 55.00, 0.50, 1.00
131.00, 51.00, 54.00, 1.00, 1.00
131.00, 65.00, 62.00, 1.00, 0.00
131.00, 68.00, 64.00, 1.00, 0.00
131.00, 73.00, 67.00, 1.00, 0.00
132.00, 39.00, 47.00, 0.50, 1.00
132.00, 63.00, 61.00, 2.00, 0.00
132.00, 67.00, 63.00, 2.00, 0.00
132.00, 72.00, 66.00, 2.00, 0.00
132.50, 51.00, 54.00, 0.50, 1.00
133.00, 53.00, 55.00, 0.50, 1.00
133.50, 55.00, 56.00, 0.50, 1.00
134.00, 56.00, 57.00, 0.50, 1.00
134.00, 61.00, 60.00, 1.00, 0.00
134.00, 65.00, 62.00, 1.00, 0.00
134.00, 70.00, 65.00, 1.00, 0.00
134.50, 58.00, 58.00, 0.50, 1.00
135.00, 60.00, 59.00, 0.50, 1.00
135.00, 63.00, 61.00, 1.00, 0.00
135.50, 56.00, 57.00, 0.50, 1.00
136.00, 51.00, 54.00, 0.50, 1.00
136.50, 63.00, 61.00, 0.50, 1.00
137.00, 68.00, 64.00, 1.50, 1.00
137.00, 72.00, 66.00, 1.00, 0.00
137.00, 75.00, 68.00, 2.00, 0.00
138.00, 73.00, 67.00, 1.00, 0.00
138.50, 67.00, 63.00, 0.50, 1.00
139.00, 51.00, 54.00, 0.50, 1.00
139.50, 65.00, 62.00, 0.50, 1.00
140.00, 63.00, 61.00, 1.00, 1.00
140.00, 67.00, 63.00, 1.00, 0.00
140.00, 75.00, 68.00, 2.00, 0.00
141.00, 61.00, 60.00, 0.50, 1.00
141.00, 68.00, 64.00, 1.00, 0.00
141.50, 60.00, 59.00, 0.50, 1.00
142.00, 44.00, 50.00, 0.50, 1.00
142.50, 58.00, 58.00, 0.50, 1.00
143.00, 56.00, 57.00, 2.00, 1.00
143.00, 63.00, 61.00, 1.00, 0.00
143.00, 72.00, 66.00, 1.00, 0.00
143.00, 75.00, 68.00, 1.00, 0.00
144.00, 64.00, 62.00, 3.00, 0.00
144.00, 73.00, 67.00, 3.00, 0.00
144.00, 76.00, 69.00, 3.00, 0.00
145.00, 56.00, 57.00, 0.50, 1.00
145.50, 59.00, 59.00, 0.50, 1.00
146.00, 57.00, 58.00, 0.50, 1.00
146.50, 56.00, 57.00, 0.50, 1.00
147.00, 55.00, 56.00, 0.50, 1.00
147.00, 63.00, 61.00, 1.00, 0.00
147.00, 70.00, 65.00, 1.00, 0.00
147.00, 75.00, 68.00, 0.50, 0.00
147.50, 51.00, 54.00, 0.50, 1.00
147.50, 73.00, 67.00, 0.50, 0.00
148.00, 56.00, 57.00, 1.50, 1.00
148.00, 68.00, 64.00, 3.00, 0.00
148.00, 72.00, 66.00, 1.00, 0.00
149.00, 44.00, 50.00, 1.00, 1.00
149.00, 75.00, 68.00, 1.00, 0.00
149.50, 54.00, 56.00, 0.50, 1.00
150.00, 44.00, 50.00, 3.00, 1.00
150.00, 52.00, 55.00, 1.00, 1.00
150.00, 61.00, 60.00, 1.00, 0.00
150.00, 75.00, 68.00, 0.50, 0.00
150.50, 68.00, 64.00, 0.50, 0.00
151.00, 51.00, 54.00, 1.00, 1.00
151.00, 63.00, 61.00, 0.50, 0.00
151.00, 68.00, 64.00, 2.00, 0.00
151.50, 66.00, 63.00, 0.50, 0.00
152.00, 49.00, 53.00, 0.50, 1.00
152.00, 64.00, 62.00, 0.50, 0.00
152.00, 73.00, 67.00, 0.50, 0.00
152.50, 51.00, 54.00, 0.50, 1.00
152.50, 63.00, 61.00, 0.50, 0.00
152.50, 72.00, 66.00, 0.50, 0.00
153.00, 44.00, 50.00, 1.00, 1.00
153.00, 52.00, 55.00, 1.00, 1.00
153.00, 61.00, 60.00, 0.50, 1.00
153.00, 68.00, 64.00, 1.00, 0.00
153.00, 70.00, 65.00, 0.50, 0.00
153.50, 58.00, 58.00, 0.50, 1.00
153.50, 73.00, 67.00, 0.50, 0.00
154.00, 51.00, 54.00, 2.00, 1.00
154.00, 63.00, 61.00, 1.50, 1.00
154.00, 67.00, 63.00, 2.00, 0.00
154.00, 70.00, 65.00, 1.00, 0.00
155.00, 72.00, 66.00, 1.00, 0.00
155.50, 61.00, 60.00, 0.50, 1.00
156.00, 44.00, 50.00, 1.00, 1.00
156.00, 60.00, 59.00, 1.00, 0.00
156.00, 68.00, 64.00, 1.00, 0.00
157.00, 68.00, 64.00, 0.50, 0.00
157.50, 71.00, 66.00, 0.50, 0.00
158.00, 69.00, 65.00, 0.50, 0.00
158.50, 68.00, 64.00, 0.50, 0.00
159.00, 67.00, 63.00, 0.50, 0.00
159.00, 70.00, 65.00, 2.00, 0.00
159.00, 73.00, 67.00, 2.00, 0.00
159.50, 63.00, 61.00, 0.50, 0.00
160.00, 68.00, 64.00, 1.50, 0.00
161.00, 72.00, 66.00, 1.00, 0.00
161.00, 75.00, 68.00, 1.00, 0.00
161.50, 66.00, 63.00, 0.50, 0.00
162.00, 56.00, 57.00, 6.00, 1.00
162.00, 64.00, 62.00, 4.00, 1.00
162.00, 73.00, 67.00, 1.00, 0.00
162.00, 80.00, 71.00, 3.00, 0.00
163.00, 75.00, 68.00, 0.50, 0.00
163.50, 78.00, 70.00, 0.50, 0.00
164.00, 76.00, 69.00, 0.50, 0.00
164.50, 75.00, 68.00, 0.50, 0.00
165.00, 73.00, 67.00, 0.50, 0.00
165.00, 79.00, 70.00, 3.00, 0.00
165.00, 82.00, 72.00, 3.00, 0.00
165.50, 70.00, 65.00, 0.50, 0.00
166.00, 63.00, 61.00, 1.00, 1.00
166.00, 75.00, 68.00, 1.50, 0.00
167.00, 70.00, 65.00, 1.00, 1.00
167.50, 73.00, 67.00, 0.50, 0.00
168.00, 56.00, 57.00, 5.00, 1.00
168.00, 63.00, 61.00, 5.00, 1.00
168.00, 84.00, 73.00, 0.50, 0.00
168.50, 82.00, 72.00, 0.50, 0.00
169.00, 80.00, 71.00, 1.00, 0.00
170.00, 75.00, 68.00, 1.00, 0.00
171.00, 72.00, 66.00, 0.50, 0.00
171.50, 68.00, 64.00, 0.50, 0.00
172.00, 75.00, 68.00, 1.00, 0.00
173.00, 80.00, 71.00, 1.00, 0.00
174.00, 84.00, 73.00, 0.50, 0.00
174.50, 82.00, 72.00, 0.50, 0.00
175.00, 80.00, 71.00, 1.00, 0.00
176.00, 75.00, 68.00, 1.00, 0.00
177.00, 72.00, 66.00, 0.50, 0.00
177.50, 68.00, 64.00, 0.50, 0.00
178.00, 75.00, 68.00, 1.00, 0.00
179.00, 80.00, 71.00, 1.00, 0.00
180.00, 47.00, 52.00, 1.00, 1.00
180.00, 75.00, 68.00, 0.50, 0.00
180.50, 73.00, 67.00, 0.50, 0.00
181.00, 54.00, 56.00, 1.00, 1.00
181.00, 63.00, 61.00, 1.00, 1.00
181.00, 71.00, 66.00, 1.00, 0.00
182.00, 56.00, 57.00, 1.00, 1.00
182.00, 59.00, 59.00, 1.00, 1.00
182.00, 64.00, 62.00, 1.00, 1.00
182.00, 68.00, 64.00, 1.00, 0.00
183.00, 47.00, 52.00, 1.00, 1.00
183.00, 66.00, 63.00, 0.50, 0.00
183.50, 63.00, 61.00, 0.50, 0.00
184.00, 54.00, 56.00, 1.00, 1.00
184.00, 59.00, 59.00, 1.00, 1.00
184.00, 66.00, 63.00, 1.00, 0.00
185.00, 54.00, 56.00, 1.00, 1.00
185.00, 59.00, 59.00, 1.00, 1.00
185.00, 63.00, 61.00, 1.00, 1.00
185.00, 71.00, 66.00, 1.00, 0.00
186.00, 47.00, 52.00, 1.00, 1.00
186.00, 75.00, 68.00, 0.50, 0.00
186.50, 73.00, 67.00, 0.50, 0.00
187.00, 54.00, 56.00, 1.00, 1.00
187.00, 63.00, 61.00, 1.00, 1.00
187.00, 71.00, 66.00, 1.00, 0.00
188.00, 56.00, 57.00, 1.00, 1.00
188.00, 59.00, 59.00, 1.00, 1.00
188.00, 64.00, 62.00, 1.00, 1.00
188.00, 68.00, 64.00, 1.00, 0.00
189.00, 47.00, 52.00, 1.00, 1.00
189.00, 66.00, 63.00, 0.50, 0.00
189.50, 63.00, 61.00, 0.50, 0.00
190.00, 54.00, 56.00, 1.00, 1.00
190.00, 59.00, 59.00, 1.00, 1.00
190.00, 66.00, 63.00, 1.00, 0.00
191.00, 54.00, 56.00, 1.00, 1.00
191.00, 59.00, 59.00, 1.00, 1.00
191.00, 63.00, 61.00, 1.00, 1.00
191.00, 71.00, 66.00, 1.00, 0.00
192.00, 49.00, 53.00, 1.00, 1.00
192.00, 75.00, 68.00, 0.50, 0.00
192.50, 73.00, 67.00, 0.50, 0.00
193.00, 59.00, 59.00, 1.00, 1.00
193.00, 65.00, 62.00, 1.00, 1.00
193.00, 71.00, 66.00, 1.00, 0.00
194.00, 59.00, 59.00, 1.00, 1.00
194.00, 65.00, 62.00, 1.00, 1.00
194.00, 68.00, 64.00, 1.00, 0.00
195.00, 42.00, 49.00, 1.00, 1.00
195.00, 66.00, 63.00, 0.50, 0.00
195.50, 61.00, 60.00, 0.50, 0.00
196.00, 58.00, 58.00, 1.00, 1.00
196.00, 66.00, 63.00, 1.00, 0.00
197.00, 49.00, 53.00, 1.00, 1.00
197.00, 58.00, 58.00, 1.00, 1.00
197.00, 70.00, 65.00, 1.00, 0.00
198.00, 37.00, 46.00, 1.00, 1.00
198.00, 75.00, 68.00, 0.50, 0.00
198.50, 73.00, 67.00, 0.50, 0.00
199.00, 59.00, 59.00, 1.00, 1.00
199.00, 65.00, 62.00, 1.00, 1.00
199.00, 71.00, 66.00, 1.00, 0.00
200.00, 59.00, 59.00, 1.00, 1.00
200.00, 65.00, 62.00, 1.00, 1.00
200.00, 68.00, 64.00, 1.00, 0.00
201.00, 42.00, 49.00, 1.00, 1.00
201.00, 66.00, 63.00, 0.50, 0.00
201.50, 61.00, 60.00, 0.50, 0.00
202.00, 54.00, 56.00, 1.00, 1.00
202.00, 58.00, 58.00, 1.00, 1.00
202.00, 64.00, 62.00, 1.00, 1.00
202.00, 66.00, 63.00, 1.00, 0.00
203.00, 54.00, 56.00, 1.00, 1.00
203.00, 64.00, 62.00, 1.00, 1.00
203.00, 70.00, 65.00, 1.00, 0.00
204.00, 47.00, 52.00, 1.00, 1.00
204.00, 75.00, 68.00, 0.50, 0.00
204.50, 73.00, 67.00, 0.50, 0.00
205.00, 54.00, 56.00, 1.00, 1.00
205.00, 63.00, 61.00, 1.00, 1.00
205.00, 71.00, 66.00, 1.00, 0.00
206.00, 56.00, 57.00, 1.00, 1.00
206.00, 59.00, 59.00, 1.00, 1.00
206.00, 64.00, 62.00, 1.00, 1.00
206.00, 68.00, 64.00, 1.00, 0.00
207.00, 47.00, 52.00, 1.00, 1.00
207.00, 66.00, 63.00, 0.50, 0.00
207.50, 63.00, 61.00, 0.50, 0.00
208.00, 54.00, 56.00, 1.00, 1.00
208.00, 59.00, 59.00, 1.00, 1.00
208.00, 66.00, 63.00, 1.00, 0.00
209.00, 54.00, 56.00, 1.00, 1.00
209.00, 59.00, 59.00, 1.00, 1.00
209.00, 63.00, 61.00, 1.00, 1.00
209.00, 71.00, 66.00, 1.00, 0.00
210.00, 47.00, 52.00, 1.00, 1.00
210.00, 75.00, 68.00, 0.50, 0.00
210.50, 73.00, 67.00, 0.50, 0.00
211.00, 54.00, 56.00, 1.00, 1.00
211.00, 63.00, 61.00, 1.00, 1.00
211.00, 71.00, 66.00, 1.00, 0.00
212.00, 56.00, 57.00, 1.00, 1.00
212.00, 59.00, 59.00, 1.00, 1.00
212.00, 64.00, 62.00, 1.00, 1.00
212.00, 68.00, 64.00, 1.00, 0.00
213.00, 47.00, 52.00, 1.00, 1.00
213.00, 66.00, 63.00, 0.50, 0.00
213.50, 63.00, 61.00, 0.50, 0.00
214.00, 54.00, 56.00, 1.00, 1.00
214.00, 59.00, 59.00, 1.00, 1.00
214.00, 66.00, 63.00, 1.00, 0.00
215.00, 54.00, 56.00, 1.00, 1.00
215.00, 59.00, 59.00, 1.00, 1.00
215.00, 63.00, 61.00, 1.00, 1.00
215.00, 71.00, 66.00, 1.00, 0.00
216.00, 44.00, 50.00, 1.00, 1.00
216.00, 75.00, 68.00, 0.50, 0.00
216.50, 73.00, 67.00, 0.50, 0.00
217.00, 51.00, 54.00, 1.00, 1.00
217.00, 56.00, 57.00, 1.00, 1.00
217.00, 59.00, 59.00, 1.00, 1.00
217.00, 71.00, 66.00, 1.00, 0.00
218.00, 52.00, 55.00, 1.00, 1.00
218.00, 56.00, 57.00, 1.00, 1.00
218.00, 61.00, 60.00, 1.00, 1.00
218.00, 68.00, 64.00, 1.00, 0.00
219.00, 44.00, 50.00, 1.00, 1.00
219.00, 63.00, 61.00, 0.50, 0.00
219.50, 59.00, 59.00, 0.50, 0.00
220.00, 51.00, 54.00, 1.00, 1.00
220.00, 56.00, 57.00, 1.00, 1.00
220.00, 59.00, 59.00, 1.00, 1.00
220.00, 68.00, 64.00, 1.00, 0.00
221.00, 51.00, 54.00, 1.00, 1.00
221.00, 56.00, 57.00, 1.00, 1.00
221.00, 59.00, 59.00, 1.00, 1.00
221.00, 71.00, 66.00, 1.00, 0.00
222.00, 44.00, 50.00, 1.00, 1.00
222.00, 75.00, 68.00, 0.50, 0.00
222.50, 73.00, 67.00, 0.50, 0.00
223.00, 51.00, 54.00, 1.00, 1.00
223.00, 56.00, 57.00, 1.00, 1.00
223.00, 59.00, 59.00, 1.00, 1.00
223.00, 71.00, 66.00, 1.00, 0.00
224.00, 52.00, 55.00, 1.00, 1.00
224.00, 56.00, 57.00, 1.00, 1.00
224.00, 61.00, 60.00, 1.00, 1.00
224.00, 68.00, 64.00, 1.00, 0.00
225.00, 44.00, 50.00, 1.00, 1.00
225.00, 63.00, 61.00, 0.50, 0.00
225.50, 59.00, 59.00, 0.50, 0.00
226.00, 51.00, 54.00, 1.00, 1.00
226.00, 56.00, 57.00, 1.00, 1.00
226.00, 59.00, 59.00, 1.00, 1.00
226.00, 68.00, 64.00, 1.00, 0.00
227.00, 44.00, 50.00, 1.00, 1.00
227.00, 71.00, 66.00, 1.00, 0.00
228.00, 42.00, 49.00, 1.00, 1.00
228.00, 73.00, 67.00, 3.00, 0.00
229.00, 54.00, 56.00, 1.00, 1.00
229.00, 58.00, 58.00, 1.00, 1.00
229.00, 64.00, 62.00, 1.00, 1.00
230.00, 54.00, 56.00, 1.00, 1.00
230.00, 58.00, 58.00, 1.00, 1.00
230.00, 64.00, 62.00, 1.00, 1.00
231.00, 35.00, 45.00, 1.00, 1.00
231.00, 75.00, 68.00, 2.00, 0.00
232.00, 57.00, 58.00, 1.00, 1.00
232.00, 59.00, 59.00, 1.00, 1.00
232.00, 63.00, 61.00, 1.00, 1.00
232.00, 69.00, 65.00, 1.00, 1.00
233.00, 73.00, 67.00, 0.75, 0.00
233.75, 75.00, 68.00, 0.25, 0.00
234.00, 47.00, 52.00, 1.00, 1.00
234.00, 73.00, 67.00, 0.50, 0.00
234.50, 71.00, 66.00, 0.50, 0.00
235.00, 57.00, 58.00, 1.00, 1.00
235.00, 59.00, 59.00, 1.00, 1.00
235.00, 63.00, 61.00, 1.00, 1.00
235.00, 69.00, 65.00, 1.00, 1.00
235.00, 80.00, 71.00, 1.50, 0.00
236.00, 57.00, 58.00, 1.00, 1.00
236.00, 59.00, 59.00, 1.00, 1.00
236.00, 63.00, 61.00, 1.00, 1.00
236.00, 69.00, 65.00, 1.00, 1.00
236.50, 78.00, 70.00, 0.50, 0.00
237.00, 40.00, 48.00, 1.00, 1.00
237.00, 78.00, 70.00, 0.50, 0.00
237.50, 77.00, 70.00, 0.50, 0.00
238.00, 56.00, 57.00, 1.00, 1.00
238.00, 59.00, 59.00, 1.00, 1.00
238.00, 68.00, 64.00, 1.00, 1.00
238.00, 76.00, 69.00, 2.00, 0.00
239.00, 42.00, 49.00, 1.00, 1.00
240.00, 44.00, 50.00, 1.00, 1.00
240.00, 75.00, 68.00, 0.50, 0.00
240.50, 73.00, 67.00, 0.50, 0.00
241.00, 56.00, 57.00, 1.00, 1.00
241.00, 63.00, 61.00, 1.00, 1.00
241.00, 66.00, 63.00, 1.00, 1.00
241.00, 72.00, 66.00, 1.00, 0.00
242.00, 56.00, 57.00, 1.00, 1.00
242.00, 60.00, 59.00, 1.00, 1.00
242.00, 66.00, 63.00, 1.00, 1.00
242.00, 73.00, 67.00, 0.50, 0.00
242.50, 75.00, 68.00, 0.50, 0.00
243.00, 68.00, 64.00, 2.00, 0.00
244.00, 56.00, 57.00, 1.00, 1.00
244.00, 61.00, 60.00, 1.00, 1.00
244.00, 64.00, 62.00, 1.00, 1.00
245.00, 49.00, 53.00, 1.00, 1.00
245.00, 73.00, 67.00, 1.00, 0.00
246.00, 75.00, 68.00, 0.50, 0.00
246.50, 73.00, 67.00, 0.50, 0.00
247.00, 56.00, 57.00, 1.00, 1.00
247.00, 63.00, 61.00, 1.00, 1.00
247.00, 66.00, 63.00, 1.00, 1.00
247.00, 72.00, 66.00, 1.00, 0.00
248.00, 56.00, 57.00, 1.00, 1.00
248.00, 60.00, 59.00, 1.00, 1.00
248.00, 66.00, 63.00, 1.00, 1.00
248.00, 73.00, 67.00, 0.50, 0.00
248.50, 75.00, 68.00, 0.50, 0.00
249.00, 49.00, 53.00, 1.00, 1.00
249.00, 78.00, 70.00, 2.00, 0.00
250.00, 56.00, 57.00, 1.00, 1.00
250.00, 61.00, 60.00, 1.00, 1.00
250.00, 64.00, 62.00, 1.00, 1.00
251.00, 56.00, 57.00, 1.00, 1.00
251.00, 61.00, 60.00, 1.00, 1.00
251.00, 64.00, 62.00, 1.00, 1.00
251.00, 76.00, 69.00, 1.00, 0.00
252.00, 68.00, 64.00, 1.00, 0.00
253.00, 56.00, 57.00, 1.00, 1.00
253.00, 61.00, 60.00, 1.00, 1.00
253.00, 64.00, 62.00, 1.00, 1.00
253.00, 71.00, 66.00, 2.00, 0.00
254.00, 55.00, 57.00, 1.00, 1.00
254.00, 61.00, 60.00, 1.00, 1.00
254.00, 64.00, 62.00, 1.00, 1.00
255.00, 70.00, 65.00, 0.50, 0.00
255.50, 71.00, 66.00, 0.50, 0.00
256.00, 54.00, 56.00, 1.00, 1.00
256.00, 58.00, 58.00, 1.00, 1.00
256.00, 64.00, 62.00, 1.00, 1.00
256.00, 73.00, 67.00, 1.00, 0.00
257.00, 54.00, 56.00, 2.00, 1.00
257.00, 59.00, 59.00, 2.00, 1.00
257.00, 64.00, 62.00, 2.00, 1.00
257.00, 68.00, 64.00, 0.50, 0.00
257.50, 70.00, 65.00, 0.50, 0.00
258.00, 66.00, 63.00, 2.00, 0.00
259.00, 54.00, 56.00, 1.00, 1.00
259.00, 61.00, 60.00, 1.00, 1.00
259.00, 64.00, 62.00, 1.00, 1.00
260.00, 54.00, 56.00, 1.00, 1.00
260.00, 56.00, 57.00, 1.00, 1.00
260.00, 64.00, 62.00, 1.00, 1.00
260.00, 71.00, 66.00, 1.00, 0.00
261.00, 70.00, 65.00, 0.50, 0.00
261.50, 71.00, 66.00, 0.50, 0.00
262.00, 54.00, 56.00, 1.00, 1.00
262.00, 58.00, 58.00, 1.00, 1.00
262.00, 64.00, 62.00, 1.00, 1.00
262.00, 73.00, 67.00, 1.00, 0.00
263.00, 54.00, 56.00, 1.00, 1.00
263.00, 59.00, 59.00, 1.00, 1.00
263.00, 64.00, 62.00, 1.00, 1.00
263.00, 68.00, 64.00, 0.50, 0.00
263.50, 70.00, 65.00, 0.50, 0.00
264.00, 66.00, 63.00, 0.50, 0.00
264.50, 75.00, 68.00, 0.50, 0.00
265.00, 54.00, 56.00, 1.00, 1.00
265.00, 58.00, 58.00, 1.00, 1.00
265.00, 64.00, 62.00, 1.00, 1.00
265.00, 73.00, 67.00, 1.00, 0.00
266.00, 54.00, 56.00, 1.00, 1.00
266.00, 59.00, 59.00, 1.00, 1.00
266.00, 64.00, 62.00, 1.00, 1.00
266.00, 68.00, 64.00, 0.50, 0.00
266.50, 70.00, 65.00, 0.50, 0.00
267.00, 54.00, 56.00, 1.00, 1.00
267.00, 58.00, 58.00, 1.00, 1.00
267.00, 64.00, 62.00, 1.00, 1.00
267.00, 66.00, 63.00, 0.50, 0.00
267.50, 75.00, 68.00, 0.50, 0.00
268.00, 54.00, 56.00, 1.00, 1.00
268.00, 58.00, 58.00, 1.00, 1.00
268.00, 64.00, 62.00, 1.00, 1.00
268.00, 73.00, 67.00, 0.50, 0.00
268.50, 68.00, 64.00, 0.50, 0.00
269.00, 54.00, 56.00, 1.00, 1.00
269.00, 59.00, 59.00, 1.00, 1.00
269.00, 64.00, 62.00, 1.00, 1.00
269.00, 70.00, 65.00, 0.50, 0.00
269.50, 68.00, 64.00, 0.50, 0.00
270.00, 54.00, 56.00, 1.00, 1.00
270.00, 58.00, 58.00, 1.00, 1.00
270.00, 64.00, 62.00, 1.00, 1.00
270.00, 66.00, 63.00, 0.50, 0.00
270.50, 75.00, 68.00, 0.50, 0.00
271.00, 54.00, 56.00, 1.00, 1.00
271.00, 58.00, 58.00, 1.00, 1.00
271.00, 64.00, 62.00, 1.00, 1.00
271.00, 73.00, 67.00, 1.00, 0.00
272.00, 66.00, 63.00, 1.00, 0.00
273.00, 42.00, 49.00, 1.00, 1.00
273.00, 80.00, 71.00, 1.50, 0.00
274.00, 64.00, 62.00, 1.00, 1.00
274.00, 70.00, 65.00, 1.00, 1.00
274.50, 78.00, 70.00, 0.50, 0.00
275.00, 77.00, 70.00, 0.50, 0.00
275.50, 76.00, 69.00, 0.50, 0.00
276.00, 47.00, 52.00, 1.00, 1.00
276.00, 75.00, 68.00, 0.50, 0.00
276.50, 73.00, 67.00, 0.50, 0.00
277.00, 54.00, 56.00, 1.00, 1.00
277.00, 63.00, 61.00, 1.00, 1.00
277.00, 71.00, 66.00, 1.00, 0.00
278.00, 56.00, 57.00, 1.00, 1.00
278.00, 59.00, 59.00, 1.00, 1.00
278.00, 64.00, 62.00, 1.00, 1.00
278.00, 68.00, 64.00, 1.00, 0.00
279.00, 47.00, 52.00, 1.00, 1.00
279.00, 66.00, 63.00, 0.50, 0.00
279.50, 63.00, 61.00, 0.50, 0.00
280.00, 54.00, 56.00, 1.00, 1.00
280.00, 59.00, 59.00, 1.00, 1.00
280.00, 66.00, 63.00, 1.00, 0.00
281.00, 54.00, 56.00, 1.00, 1.00
281.00, 63.00, 61.00, 1.00, 1.00
281.00, 71.00, 66.00, 1.00, 0.00
282.00, 47.00, 52.00, 1.00, 1.00
282.00, 75.00, 68.00, 0.50, 0.00
282.50, 73.00, 67.00, 0.50, 0.00
283.00, 54.00, 56.00, 1.00, 1.00
283.00, 63.00, 61.00, 1.00, 1.00
283.00, 71.00, 66.00, 1.00, 0.00
284.00, 56.00, 57.00, 1.00, 1.00
284.00, 59.00, 59.00, 1.00, 1.00
284.00, 64.00, 62.00, 1.00, 1.00
284.00, 68.00, 64.00, 1.00, 0.00
285.00, 47.00, 52.00, 1.00, 1.00
285.00, 66.00, 63.00, 0.50, 0.00
285.50, 63.00, 61.00, 0.50, 0.00
286.00, 54.00, 56.00, 1.00, 1.00
286.00, 59.00, 59.00, 1.00, 1.00
286.00, 66.00, 63.00, 1.00, 0.00
287.00, 54.00, 56.00, 1.00, 1.00
287.00, 59.00, 59.00, 1.00, 1.00
287.00, 63.00, 61.00, 1.00, 1.00
287.00, 71.00, 66.00, 1.00, 0.00
288.00, 49.00, 53.00, 1.00, 1.00
288.00, 75.00, 68.00, 0.50, 0.00
288.50, 73.00, 67.00, 0.50, 0.00
289.00, 59.00, 59.00, 1.00, 1.00
289.00, 65.00, 62.00, 1.00, 1.00
289.00, 71.00, 66.00, 1.00, 0.00
290.00, 59.00, 59.00, 1.00, 1.00
290.00, 65.00, 62.00, 1.00, 1.00
290.00, 68.00, 64.00, 1.00, 0.00
291.00, 42.00, 49.00, 1.00, 1.00
291.00, 66.00, 63.00, 0.50, 0.00
291.50, 61.00, 60.00, 0.50, 0.00
292.00, 58.00, 58.00, 1.00, 1.00
292.00, 66.00, 63.00, 1.00, 0.00
293.00, 49.00, 53.00, 1.00, 1.00
293.00, 58.00, 58.00, 1.00, 1.00
293.00, 70.00, 65.00, 1.00, 0.00
294.00, 37.00, 46.00, 1.00, 1.00
294.00, 75.00, 68.00, 0.50, 0.00
294.50, 73.00, 67.00, 0.50, 0.00
295.00, 59.00, 59.00, 1.00, 1.00
295.00, 65.00, 62.00, 1.00, 1.00
295.00, 71.00, 66.00, 1.00, 0.00
296.00, 59.00, 59.00, 1.00, 1.00
296.00, 65.00, 62.00, 1.00, 1.00
296.00, 68.00, 64.00, 1.00, 0.00
297.00, 42.00, 49.00, 1.00, 1.00
297.00, 66.00, 63.00, 0.50, 0.00
297.50, 61.00, 60.00, 0.50, 0.00
298.00, 54.00, 56.00, 1.00, 1.00
298.00, 58.00, 58.00, 1.00, 1.00
298.00, 64.00, 62.00, 1.00, 1.00
298.00, 66.00, 63.00, 1.00, 0.00
299.00, 54.00, 56.00, 1.00, 1.00
299.00, 64.00, 62.00, 1.00, 1.00
299.00, 70.00, 65.00, 1.00, 0.00
300.00, 47.00, 52.00, 1.00, 1.00
300.00, 75.00, 68.00, 0.50, 0.00
300.50, 73.00, 67.00, 0.50, 0.00
301.00, 54.00, 56.00, 1.00, 1.00
301.00, 63.00, 61.00, 1.00, 1.00
301.00, 71.00, 66.00, 1.00, 0.00
302.00, 56.00, 57.00, 1.00, 1.00
302.00, 59.00, 59.00, 1.00, 1.00
302.00, 64.00, 62.00, 1.00, 1.00
302.00, 70.00, 65.00, 0.50, 0.00
302.50, 68.00, 64.00, 0.50, 0.00
303.00, 47.00, 52.00, 1.00, 1.00
303.00, 66.00, 63.00, 0.50, 0.00
303.50, 63.00, 61.00, 0.50, 0.00
304.00, 54.00, 56.00, 1.00, 1.00
304.00, 59.00, 59.00, 1.00, 1.00
304.00, 66.00, 63.00, 1.00, 0.00
305.00, 54.00, 56.00, 1.00, 1.00
305.00, 59.00, 59.00, 1.00, 1.00
305.00, 63.00, 61.00, 1.00, 1.00
305.00, 71.00, 66.00, 1.00, 0.00
306.00, 47.00, 52.00, 1.00, 1.00
306.00, 75.00, 68.00, 0.50, 0.00
306.50, 73.00, 67.00, 0.50, 0.00
307.00, 54.00, 56.00, 1.00, 1.00
307.00, 63.00, 61.00, 1.00, 1.00
307.00, 71.00, 66.00, 0.33, 0.00
307.33, 73.00, 67.00, 0.33, 0.00
307.67, 71.00, 66.00, 0.33, 0.00
308.00, 56.00, 57.00, 1.00, 1.00
308.00, 64.00, 62.00, 1.00, 1.00
308.00, 70.00, 65.00, 0.50, 0.00
308.50, 68.00, 64.00, 0.50, 0.00
309.00, 47.00, 52.00, 1.00, 1.00
309.00, 66.00, 63.00, 0.50, 0.00
309.50, 63.00, 61.00, 0.50, 0.00
310.00, 54.00, 56.00, 1.00, 1.00
310.00, 63.00, 61.00, 1.00, 1.00
310.00, 66.00, 63.00, 1.00, 0.00
311.00, 54.00, 56.00, 1.00, 1.00
311.00, 63.00, 61.00, 1.00, 1.00
311.00, 71.00, 66.00, 1.00, 0.00
312.00, 44.00, 50.00, 1.00, 1.00
312.00, 75.00, 68.00, 0.50, 0.00
312.50, 73.00, 67.00, 0.50, 0.00
313.00, 51.00, 54.00, 1.00, 1.00
313.00, 56.00, 57.00, 1.00, 1.00
313.00, 60.00, 59.00, 1.00, 1.00
313.00, 63.00, 61.00, 1.00, 1.00
313.00, 72.00, 66.00, 1.00, 0.00
314.00, 51.00, 54.00, 1.00, 1.00
314.00, 56.00, 57.00, 1.00, 1.00
314.00, 60.00, 59.00, 1.00, 1.00
314.00, 63.00, 61.00, 1.00, 1.00
314.00, 68.00, 64.00, 1.00, 0.00
315.00, 44.00, 50.00, 1.00, 1.00
315.00, 63.00, 61.00, 0.50, 0.00
315.50, 60.00, 59.00, 0.50, 0.00
316.00, 51.00, 54.00, 1.00, 1.00
316.00, 56.00, 57.00, 1.00, 1.00
316.00, 63.00, 61.00, 1.00, 1.00
316.00, 68.00, 64.00, 1.00, 0.00
317.00, 51.00, 54.00, 1.00, 1.00
317.00, 56.00, 57.00, 1.00, 1.00
317.00, 63.00, 61.00, 1.00, 1.00
317.00, 72.00, 66.00, 1.00, 0.00
318.00, 32.00, 43.00, 1.00, 1.00
318.00, 44.00, 50.00, 1.00, 1.00
318.00, 75.00, 68.00, 0.50, 0.00
318.50, 73.00, 67.00, 0.50, 0.00
319.00, 51.00, 54.00, 1.00, 1.00
319.00, 56.00, 57.00, 1.00, 1.00
319.00, 60.00, 59.00, 1.00, 1.00
319.00, 63.00, 61.00, 1.00, 1.00
319.00, 72.00, 66.00, 1.50, 0.00
320.00, 60.00, 59.00, 1.00, 1.00
320.00, 68.00, 64.00, 1.00, 1.00
320.50, 73.00, 67.00, 0.50, 0.00
321.00, 63.00, 61.00, 1.00, 1.00
321.00, 68.00, 64.00, 1.00, 1.00
321.00, 72.00, 66.00, 1.00, 1.00
321.00, 77.00, 69.00, 0.75, 0.00
321.75, 75.00, 68.00, 0.25, 0.00
322.00, 80.00, 71.00, 3.00, 0.00
325.00, 80.00, 71.00, 0.50, 0.00
325.50, 83.00, 73.00, 0.50, 0.00
326.00, 81.00, 72.00, 0.50, 0.00
326.50, 80.00, 71.00, 0.50, 0.00
327.00, 79.00, 70.00, 0.50, 0.00
327.50, 75.00, 68.00, 0.50, 0.00
328.00, 80.00, 71.00, 1.50, 0.00
329.00, 68.00, 64.00, 2.00, 1.00
329.00, 72.00, 66.00, 1.00, 0.00
329.50, 78.00, 70.00, 0.50, 0.00
330.00, 73.00, 67.00, 4.00, 0.00
330.00, 76.00, 69.00, 3.00, 0.00
331.00, 68.00, 64.00, 0.50, 1.00
331.50, 71.00, 66.00, 0.50, 1.00
332.00, 69.00, 65.00, 0.50, 1.00
332.50, 68.00, 64.00, 0.50, 1.00
333.00, 67.00, 63.00, 0.50, 1.00
333.00, 75.00, 68.00, 3.00, 0.00
333.50, 63.00, 61.00, 0.50, 1.00
334.00, 68.00, 64.00, 1.50, 1.00
334.00, 72.00, 66.00, 2.00, 0.00
335.00, 56.00, 57.00, 1.00, 1.00
335.50, 66.00, 63.00, 0.50, 1.00
336.00, 61.00, 60.00, 1.00, 1.00
336.00, 64.00, 62.00, 1.00, 1.00
336.00, 73.00, 67.00, 1.00, 0.00
337.00, 75.00, 68.00, 0.50, 0.00
337.50, 78.00, 70.00, 0.50, 0.00
338.00, 76.00, 69.00, 0.50, 0.00
338.50, 75.00, 68.00, 0.50, 0.00
339.00, 73.00, 67.00, 0.50, 0.00
339.50, 70.00, 65.00, 0.50, 0.00
340.00, 75.00, 68.00, 1.50, 0.00
341.00, 63.00, 61.00, 2.00, 1.00
341.00, 67.00, 63.00, 1.00, 0.00
341.50, 73.00, 67.00, 0.50, 0.00
342.00, 68.00, 64.00, 4.00, 0.00
342.00, 71.00, 66.00, 3.00, 0.00
343.00, 63.00, 61.00, 0.50, 1.00
343.50, 66.00, 63.00, 0.50, 1.00
344.00, 64.00, 62.00, 0.50, 1.00
344.50, 63.00, 61.00, 0.50, 1.00
345.00, 61.00, 60.00, 0.50, 1.00
345.00, 70.00, 65.00, 3.00, 0.00
345.50, 58.00, 58.00, 0.50, 1.00
346.00, 63.00, 61.00, 1.50, 1.00
346.00, 67.00, 63.00, 2.00, 0.00
347.00, 51.00, 54.00, 1.00, 1.00
347.50, 61.00, 60.00, 0.50, 1.00
348.00, 44.00, 50.00, 1.00, 1.00
348.00, 60.00, 59.00, 0.50, 0.00
348.00, 66.00, 63.00, 0.50, 0.00
348.00, 72.00, 66.00, 0.50, 0.00
348.50, 73.00, 67.00, 0.50, 0.00
349.00, 75.00, 68.00, 0.50, 0.00
349.50, 76.00, 69.00, 0.50, 0.00
350.00, 78.00, 70.00, 0.50, 0.00
350.50, 80.00, 71.00, 0.50, 0.00
351.00, 81.00, 72.00, 0.33, 0.00
351.33, 83.00, 73.00, 0.33, 0.00
351.67, 81.00, 72.00, 0.33, 0.00
352.00, 56.00, 57.00, 1.00, 1.00
352.00, 60.00, 59.00, 1.00, 1.00
352.00, 66.00, 63.00, 1.00, 1.00
352.00, 78.00, 70.00, 0.50, 0.00
352.50, 76.00, 69.00, 0.50, 0.00
353.00, 57.00, 58.00, 1.00, 1.00
353.00, 61.00, 60.00, 1.00, 1.00
353.00, 66.00, 63.00, 1.00, 1.00
353.00, 75.00, 68.00, 0.50, 0.00
353.50, 73.00, 67.00, 0.50, 0.00
354.00, 56.00, 57.00, 1.00, 1.00
354.00, 63.00, 61.00, 1.00, 1.00
354.00, 66.00, 63.00, 1.00, 1.00
354.00, 72.00, 66.00, 0.50, 0.00
354.50, 73.00, 67.00, 0.50, 0.00
355.00, 44.00, 50.00, 1.00, 1.00
355.00, 75.00, 68.00, 0.50, 0.00
355.50, 76.00, 69.00, 0.50, 0.00
356.00, 56.00, 57.00, 1.00, 1.00
356.00, 60.00, 59.00, 1.00, 1.00
356.00, 66.00, 63.00, 1.00, 1.00
356.00, 78.00, 70.00, 0.50, 0.00
356.50, 80.00, 71.00, 0.50, 0.00
357.00, 81.00, 72.00, 0.33, 0.00
357.33, 83.00, 73.00, 0.33, 0.00
357.67, 81.00, 72.00, 0.33, 0.00
358.00, 56.00, 57.00, 1.00, 1.00
358.00, 60.00, 59.00, 1.00, 1.00
358.00, 66.00, 63.00, 1.00, 1.00
358.00, 78.00, 70.00, 0.50, 0.00
358.50, 76.00, 69.00, 0.50, 0.00
359.00, 57.00, 58.00, 1.00, 1.00
359.00, 61.00, 60.00, 1.00, 1.00
359.00, 66.00, 63.00, 1.00, 1.00
359.00, 75.00, 68.00, 0.50, 0.00
359.50, 73.00, 67.00, 0.50, 0.00
360.00, 56.00, 57.00, 1.00, 1.00
360.00, 60.00, 59.00, 1.00, 1.00
360.00, 66.00, 63.00, 1.00, 1.00
360.00, 75.00, 68.00, 0.50, 0.00
360.50, 68.00, 64.00, 0.50, 0.00
361.00, 44.00, 50.00, 1.00, 1.00
361.00, 80.00, 71.00, 1.50, 0.00
362.00, 51.00, 54.00, 1.00, 1.00
362.00, 60.00, 59.00, 1.00, 1.00
362.50, 75.00, 68.00, 0.50, 0.00
363.00, 56.00, 57.00, 1.00, 1.00
363.00, 66.00, 63.00, 1.00, 1.00
363.00, 80.00, 71.00, 0.50, 0.00
363.50, 75.00, 68.00, 0.50, 0.00
364.00, 51.00, 54.00, 1.00, 1.00
364.00, 60.00, 59.00, 1.00, 1.00
364.00, 80.00, 71.00, 1.50, 0.00
365.00, 44.00, 50.00, 1.00, 1.00
365.50, 68.00, 64.00, 0.50, 0.00
366.00, 32.00, 43.00, 1.00, 1.00
366.00, 75.00, 68.00, 0.50, 0.00
366.50, 68.00, 64.00, 0.50, 0.00
367.00, 56.00, 57.00, 1.00, 1.00
367.00, 60.00, 59.00, 1.00, 1.00
367.00, 66.00, 63.00, 1.00, 1.00
367.00, 80.00, 71.00, 1.50, 0.00
368.50, 68.00, 64.00, 0.50, 0.00
369.00, 37.00, 46.00, 1.00, 1.00
369.00, 75.00, 68.00, 0.50, 0.00
369.50, 76.00, 69.00, 0.50, 0.00
370.00, 49.00, 53.00, 1.00, 1.00
370.00, 56.00, 57.00, 1.00, 1.00
370.00, 64.00, 62.00, 1.00, 1.00
370.00, 73.00, 67.00, 1.00, 0.00
372.00, 33.00, 44.00, 1.00, 1.00
372.00, 45.00, 51.00, 1.00, 1.00
372.00, 57.00, 58.00, 1.00, 0.00
373.00, 52.00, 55.00, 1.50, 1.00
373.00, 57.00, 58.00, 1.50, 1.00
373.00, 61.00, 60.00, 1.50, 0.00
373.00, 64.00, 62.00, 1.50, 1.00
373.00, 69.00, 65.00, 1.50, 0.00
373.00, 73.00, 67.00, 1.50, 0.00
374.50, 52.00, 55.00, 0.50, 1.00
374.50, 57.00, 58.00, 0.50, 1.00
374.50, 61.00, 60.00, 0.50, 0.00
374.50, 64.00, 62.00, 0.50, 1.00
375.00, 52.00, 55.00, 0.50, 1.00
375.00, 57.00, 58.00, 0.50, 1.00
375.00, 64.00, 62.00, 0.50, 1.00
375.00, 69.00, 65.00, 0.50, 0.00
375.00, 73.00, 67.00, 0.50, 0.00
375.75, 52.00, 55.00, 0.25, 1.00
375.75, 57.00, 58.00, 0.25, 1.00
375.75, 64.00, 62.00, 0.25, 1.00
375.75, 69.00, 65.00, 0.25, 0.00
375.75, 73.00, 67.00, 0.25, 0.00
376.00, 52.00, 55.00, 1.00, 1.00
376.00, 57.00, 58.00, 1.00, 1.00
376.00, 61.00, 60.00, 1.00, 0.00
376.00, 64.00, 62.00, 1.00, 1.00
377.00, 52.00, 55.00, 1.00, 1.00
377.00, 57.00, 58.00, 1.00, 1.00
377.00, 61.00, 60.00, 1.00, 0.00
377.00, 64.00, 62.00, 1.00, 1.00
377.00, 69.00, 65.00, 1.00, 0.00
377.00, 73.00, 67.00, 1.00, 0.00
378.00, 33.00, 44.00, 1.00, 1.00
378.00, 45.00, 51.00, 1.00, 1.00
378.00, 57.00, 58.00, 0.50, 0.00
378.75, 69.00, 65.00, 0.25, 0.00
378.75, 73.00, 67.00, 0.25, 0.00
379.00, 52.00, 55.00, 1.00, 1.00
379.00, 57.00, 58.00, 1.00, 1.00
379.00, 64.00, 62.00, 1.00, 1.00
379.00, 69.00, 65.00, 1.00, 0.00
379.00, 73.00, 67.00, 0.33, 0.00
379.33, 75.00, 68.00, 0.33, 0.00
379.67, 73.00, 67.00, 0.33, 0.00
380.00, 68.00, 64.00, 0.50, 0.00
380.00, 71.00, 66.00, 0.50, 0.00
380.50, 66.00, 63.00, 0.50, 0.00
380.50, 69.00, 65.00, 0.50, 0.00
381.00, 40.00, 48.00, 1.00, 1.00
381.00, 68.00, 64.00, 0.50, 0.00
381.00, 71.00, 66.00, 0.50, 0.00
381.75, 68.00, 64.00, 0.25, 0.00
381.75, 71.00, 66.00, 0.25, 0.00
382.00, 52.00, 55.00, 1.00, 1.00
382.00, 59.00, 59.00, 1.00, 1.00
382.00, 64.00, 62.00, 1.00, 0.00
382.00, 68.00, 64.00, 1.00, 0.00
383.00, 52.00, 55.00, 1.00, 1.00
383.00, 59.00, 59.00, 1.00, 1.00
383.00, 64.00, 62.00, 1.00, 0.00
383.00, 68.00, 64.00, 1.00, 0.00
383.00, 76.00, 69.00, 1.00, 0.00
384.00, 30.00, 42.00, 1.00, 1.00
384.00, 42.00, 49.00, 1.00, 1.00
384.00, 57.00, 58.00, 1.00, 0.00
385.00, 49.00, 53.00, 1.50, 1.00
385.00, 54.00, 56.00, 1.50, 1.00
385.00, 57.00, 58.00, 1.50, 0.00
385.00, 61.00, 60.00, 1.50, 1.00
385.00, 66.00, 63.00, 1.50, 0.00
385.00, 69.00, 65.00, 1.50, 0.00
386.50, 49.00, 53.00, 0.50, 1.00
386.50, 54.00, 56.00, 0.50, 1.00
386.50, 57.00, 58.00, 0.50, 0.00
386.50, 61.00, 60.00, 0.50, 1.00
387.00, 49.00, 53.00, 0.50, 1.00
387.00, 54.00, 56.00, 0.50, 1.00
387.00, 61.00, 60.00, 0.50, 1.00
387.00, 66.00, 63.00, 0.50, 0.00
387.00, 69.00, 65.00, 0.50, 0.00
387.75, 49.00, 53.00, 0.25, 1.00
387.75, 54.00, 56.00, 0.25, 1.00
387.75, 61.00, 60.00, 0.25, 1.00
387.75, 66.00, 63.00, 0.25, 0.00
387.75, 69.00, 65.00, 0.25, 0.00
388.00, 49.00, 53.00, 1.00, 1.00
388.00, 54.00, 56.00, 1.00, 1.00
388.00, 57.00, 58.00, 1.00, 0.00
388.00, 61.00, 60.00, 1.00, 1.00
389.00, 49.00, 53.00, 1.00, 1.00
389.00, 54.00, 56.00, 1.00, 1.00
389.00, 57.00, 58.00, 1.00, 0.00
389.00, 61.00, 60.00, 1.00, 1.00
389.00, 66.00, 63.00, 1.00, 0.00
389.00, 69.00, 65.00, 1.00, 0.00
390.00, 30.00, 42.00, 1.00, 1.00
390.00, 42.00, 49.00, 1.00, 1.00
390.00, 57.00, 58.00, 0.50, 0.00
390.75, 66.00, 63.00, 0.25, 0.00
390.75, 69.00, 65.00, 0.25, 0.00
391.00, 49.00, 53.00, 1.00, 1.00
391.00, 54.00, 56.00, 1.00, 1.00
391.00, 61.00, 60.00, 1.00, 1.00
391.00, 66.00, 63.00, 1.00, 0.00
391.00, 69.00, 65.00, 0.33, 0.00
391.33, 71.00, 66.00, 0.33, 0.00
391.67, 69.00, 65.00, 0.33, 0.00
392.00, 64.00, 62.00, 0.50, 0.00
392.00, 68.00, 64.00, 0.50, 0.00
392.50, 63.00, 61.00, 0.50, 0.00
392.50, 66.00, 63.00, 0.50, 0.00
393.00, 37.00, 46.00, 1.00, 1.00
393.00, 64.00, 62.00, 0.50, 0.00
393.00, 68.00, 64.00, 0.50, 0.00
393.75, 64.00, 62.00, 0.25, 0.00
393.75, 68.00, 64.00, 0.25, 0.00
394.00, 49.00, 53.00, 1.00, 1.00
394.00, 56.00, 57.00, 1.00, 1.00
394.00, 61.00, 60.00, 1.00, 0.00
394.00, 64.00, 62.00, 1.00, 0.00
395.00, 49.00, 53.00, 1.00, 1.00
395.00, 61.00, 60.00, 1.00, 0.00
395.00, 73.00, 67.00, 1.00, 0.00
396.00, 39.00, 47.00, 0.50, 1.00
396.00, 61.00, 60.00, 3.00, 0.00
396.00, 67.00, 63.00, 3.00, 0.00
396.00, 72.00, 66.00, 2.00, 0.00
396.50, 51.00, 54.00, 0.50, 1.00
397.00, 53.00, 55.00, 0.50, 1.00
397.50, 55.00, 56.00, 0.50, 1.00
398.00, 56.00, 57.00, 0.50, 1.00
398.00, 70.00, 65.00, 1.00, 0.00
398.50, 58.00, 58.00, 0.50, 1.00
399.00, 60.00, 59.00, 0.50, 1.00
399.00, 63.00, 61.00, 1.00, 0.00
399.50, 56.00, 57.00, 0.50, 1.00
400.00, 51.00, 54.00, 0.50, 1.00
400.50, 65.00, 62.00, 0.50, 1.00
401.00, 63.00, 61.00, 1.00, 1.00
401.00, 68.00, 64.00, 1.00, 0.00
401.00, 72.00, 66.00, 1.00, 0.00
402.00, 39.00, 47.00, 0.50, 1.00
402.00, 61.00, 60.00, 3.00, 0.00
402.00, 67.00, 63.00, 3.00, 0.00
402.00, 72.00, 66.00, 2.00, 0.00
402.00, 75.00, 68.00, 2.00, 0.00
402.50, 51.00, 54.00, 0.50, 1.00
403.00, 53.00, 55.00, 0.50, 1.00
403.50, 55.00, 56.00, 0.50, 1.00
404.00, 56.00, 57.00, 0.50, 1.00
404.00, 70.00, 65.00, 1.00, 0.00
404.00, 73.00, 67.00, 1.00, 0.00
404.50, 58.00, 58.00, 0.50, 1.00
405.00, 60.00, 59.00, 0.50, 1.00
405.00, 63.00, 61.00, 2.00, 0.00
405.00, 68.00, 64.00, 2.00, 0.00
405.00, 72.00, 66.00, 2.00, 0.00
405.50, 56.00, 57.00, 0.50, 1.00
406.00, 51.00, 54.00, 0.50, 1.00
406.50, 53.00, 55.00, 0.50, 1.00
407.00, 51.00, 54.00, 1.00, 1.00
407.00, 65.00, 62.00, 1.00, 0.00
407.00, 68.00, 64.00, 1.00, 0.00
407.00, 73.00, 67.00, 1.00, 0.00
408.00, 39.00, 47.00, 0.50, 1.00
408.00, 63.00, 61.00, 2.00, 0.00
408.00, 67.00, 63.00, 2.00, 0.00
408.00, 72.00, 66.00, 2.00, 0.00
408.50, 51.00, 54.00, 0.50, 1.00
409.00, 53.00, 55.00, 0.50, 1.00
409.50, 55.00, 56.00, 0.50, 1.00
410.00, 56.00, 57.00, 0.50, 1.00
410.00, 61.00, 60.00, 1.00, 0.00
410.00, 65.00, 62.00, 1.00, 0.00
410.00, 70.00, 65.00, 1.00, 0.00
410.50, 58.00, 58.00, 0.50, 1.00
411.00, 60.00, 59.00, 0.50, 1.00
411.00, 63.00, 61.00, 1.00, 0.00
411.50, 56.00, 57.00, 0.50, 1.00
412.00, 51.00, 54.00, 0.50, 1.00
412.50, 63.00, 61.00, 0.50, 1.00
413.00, 68.00, 64.00, 1.50, 1.00
413.00, 72.00, 66.00, 1.00, 0.00
413.00, 75.00, 68.00, 2.00, 0.00
414.00, 73.00, 67.00, 1.00, 0.00
414.50, 67.00, 63.00, 0.50, 1.00
415.00, 51.00, 54.00, 0.50, 1.00
415.50, 65.00, 62.00, 0.50, 1.00
416.00, 63.00, 61.00, 1.00, 1.00
416.00, 67.00, 63.00, 1.00, 0.00
416.00, 75.00, 68.00, 2.00, 0.00
417.00, 61.00, 60.00, 0.50, 1.00
417.00, 68.00, 64.00, 1.00, 0.00
417.50, 60.00, 59.00, 0.50, 1.00
418.00, 44.00, 50.00, 0.50, 1.00
418.50, 58.00, 58.00, 0.50, 1.00
419.00, 56.00, 57.00, 1.00, 1.00
419.00, 63.00, 61.00, 1.00, 0.00
419.00, 72.00, 66.00, 1.00, 0.00
419.00, 75.00, 68.00, 1.00, 0.00
420.00, 56.00, 57.00, 1.00, 1.00
420.00, 64.00, 62.00, 3.00, 0.00
420.00, 73.00, 67.00, 3.00, 0.00
420.00, 76.00, 69.00, 3.00, 0.00
421.00, 56.00, 57.00, 0.50, 1.00
421.50, 59.00, 59.00, 0.50, 1.00
422.00, 57.00, 58.00, 0.50, 1.00
422.50, 56.00, 57.00, 0.50, 1.00
423.00, 55.00, 56.00, 0.50, 1.00
423.00, 63.00, 61.00, 1.00, 0.00
423.00, 70.00, 65.00, 1.00, 0.00
423.00, 75.00, 68.00, 0.50, 0.00
423.50, 51.00, 54.00, 0.50, 1.00
423.50, 73.00, 67.00, 0.50, 0.00
424.00, 56.00, 57.00, 1.50, 1.00
424.00, 68.00, 64.00, 3.00, 0.00
424.00, 72.00, 66.00, 1.00, 0.00
425.00, 44.00, 50.00, 1.00, 1.00
425.00, 75.00, 68.00, 1.00, 0.00
425.50, 54.00, 56.00, 0.50, 1.00
426.00, 44.00, 50.00, 6.00, 1.00
426.00, 52.00, 55.00, 1.00, 1.00
426.00, 61.00, 60.00, 1.00, 0.00
426.00, 75.00, 68.00, 0.50, 0.00
426.50, 68.00, 64.00, 0.50, 0.00
427.00, 51.00, 54.00, 1.00, 1.00
427.00, 63.00, 61.00, 0.50, 0.00
427.00, 68.00, 64.00, 3.00, 0.00
427.50, 66.00, 63.00, 0.50, 0.00
428.00, 49.00, 53.00, 0.50, 1.00
428.00, 64.00, 62.00, 0.50, 0.00
428.00, 73.00, 67.00, 0.50, 0.00
428.50, 51.00, 54.00, 0.50, 1.00
428.50, 63.00, 61.00, 0.50, 0.00
428.50, 72.00, 66.00, 0.50, 0.00
429.00, 52.00, 55.00, 0.50, 1.00
429.00, 61.00, 60.00, 0.50, 1.00
429.00, 70.00, 65.00, 0.50, 0.00
429.50, 58.00, 58.00, 0.50, 1.00
429.50, 73.00, 67.00, 0.50, 0.00
430.00, 51.00, 54.00, 2.00, 1.00
430.00, 63.00, 61.00, 1.50, 1.00
430.00, 67.00, 63.00, 2.00, 0.00
430.00, 70.00, 65.00, 1.00, 0.00
431.00, 72.00, 66.00, 1.00, 0.00
431.50, 61.00, 60.00, 0.50, 1.00
432.00, 44.00, 50.00, 1.00, 1.00
432.00, 60.00, 59.00, 1.00, 0.00
432.00, 68.00, 64.00, 1.00, 0.00
433.00, 68.00, 64.00, 0.50, 0.00
433.50, 71.00, 66.00, 0.50, 0.00
434.00, 69.00, 65.00, 0.50, 0.00
434.50, 68.00, 64.00, 0.50, 0.00
435.00, 67.00, 63.00, 0.50, 0.00
435.00, 70.00, 65.00, 2.00, 0.00
435.00, 73.00, 67.00, 2.00, 0.00
435.50, 63.00, 61.00, 0.50, 0.00
436.00, 68.00, 64.00, 1.50, 0.00
437.00, 72.00, 66.00, 1.00, 0.00
437.00, 75.00, 68.00, 1.00, 0.00
437.50, 66.00, 63.00, 0.50, 0.00
438.00, 56.00, 57.00, 6.00, 1.00
438.00, 64.00, 62.00, 4.00, 1.00
438.00, 73.00, 67.00, 1.00, 0.00
438.00, 80.00, 71.00, 3.00, 0.00
439.00, 75.00, 68.00, 0.50, 0.00
439.50, 78.00, 70.00, 0.50, 0.00
440.00, 76.00, 69.00, 0.50, 0.00
440.50, 75.00, 68.00, 0.50, 0.00
441.00, 73.00, 67.00, 0.50, 0.00
441.00, 79.00, 70.00, 3.00, 0.00
441.00, 82.00, 72.00, 3.00, 0.00
441.50, 70.00, 65.00, 0.50, 0.00
442.00, 63.00, 61.00, 1.00, 1.00
442.00, 75.00, 68.00, 1.50, 0.00
443.00, 70.00, 65.00, 1.00, 1.00
443.50, 73.00, 67.00, 0.50, 0.00
444.00, 56.00, 57.00, 1.00, 1.00
444.00, 63.00, 61.00, 1.00, 1.00
444.00, 72.00, 66.00, 0.50, 0.00
444.00, 84.00, 73.00, 1.00, 0.00
444.50, 73.00, 67.00, 0.50, 0.00
445.00, 75.00, 68.00, 0.50, 0.00
445.50, 76.00, 69.00, 0.50, 0.00
446.00, 78.00, 70.00, 0.50, 0.00
446.50, 80.00, 71.00, 0.50, 0.00
447.00, 44.00, 50.00, 1.00, 1.00
447.00, 81.00, 72.00, 0.33, 0.00
447.33, 83.00, 73.00, 0.33, 0.00
447.67, 81.00, 72.00, 0.33, 0.00
448.00, 56.00, 57.00, 1.00, 1.00
448.00, 60.00, 59.00, 1.00, 1.00
448.00, 66.00, 63.00, 1.00, 1.00
448.00, 78.00, 70.00, 0.50, 0.00
448.00, 84.00, 73.00, 1.00, 0.00
448.50, 76.00, 69.00, 0.50, 0.00
449.00, 57.00, 58.00, 1.00, 1.00
449.00, 61.00, 60.00, 1.00, 1.00
449.00, 66.00, 63.00, 1.00, 1.00
449.00, 75.00, 68.00, 0.50, 0.00
449.00, 85.00, 74.00, 1.00, 0.00
449.50, 73.00, 67.00, 0.50, 0.00
450.00, 56.00, 57.00, 1.00, 1.00
450.00, 63.00, 61.00, 1.00, 1.00
450.00, 66.00, 63.00, 1.00, 1.00
450.00, 72.00, 66.00, 0.50, 0.00
450.50, 87.00, 75.00, 0.50, 0.00
451.00, 44.00, 50.00, 1.00, 1.00
451.00, 75.00, 68.00, 0.50, 0.00
451.50, 76.00, 69.00, 0.50, 0.00
452.00, 56.00, 57.00, 1.00, 1.00
452.00, 60.00, 59.00, 1.00, 1.00
452.00, 66.00, 63.00, 1.00, 1.00
452.00, 78.00, 70.00, 0.50, 0.00
452.50, 80.00, 71.00, 0.50, 0.00
453.00, 81.00, 72.00, 0.33, 0.00
453.33, 83.00, 73.00, 0.33, 0.00
453.67, 81.00, 72.00, 0.33, 0.00
454.00, 56.00, 57.00, 1.00, 1.00
454.00, 60.00, 59.00, 1.00, 1.00
454.00, 66.00, 63.00, 1.00, 1.00
454.00, 78.00, 70.00, 0.50, 0.00
454.00, 84.00, 73.00, 1.00, 0.00
454.50, 76.00, 69.00, 0.50, 0.00
455.00, 57.00, 58.00, 1.00, 1.00
455.00, 61.00, 60.00, 1.00, 1.00
455.00, 66.00, 63.00, 1.00, 1.00
455.00, 75.00, 68.00, 0.50, 0.00
455.00, 85.00, 74.00, 1.00, 0.00
455.50, 73.00, 67.00, 0.50, 0.00
456.00, 56.00, 57.00, 1.00, 1.00
456.00, 63.00, 61.00, 1.00, 1.00
456.00, 66.00, 63.00, 1.00, 1.00
456.00, 72.00, 66.00, 0.50, 0.00
456.50, 87.00, 75.00, 0.50, 0.00
457.00, 44.00, 50.00, 1.00, 1.00
457.00, 75.00, 68.00, 0.50, 0.00
457.50, 76.00, 69.00, 0.50, 0.00
458.00, 56.00, 57.00, 1.00, 1.00
458.00, 60.00, 59.00, 1.00, 1.00
458.00, 66.00, 63.00, 1.00, 1.00
458.00, 78.00, 70.00, 0.50, 0.00
458.50, 80.00, 71.00, 0.50, 0.00
459.00, 81.00, 72.00, 0.33, 0.00
459.33, 83.00, 73.00, 0.33, 0.00
459.67, 81.00, 72.00, 0.33, 0.00
460.00, 56.00, 57.00, 1.00, 1.00
460.00, 60.00, 59.00, 1.00, 1.00
460.00, 66.00, 63.00, 1.00, 1.00
460.00, 78.00, 70.00, 0.50, 0.00
460.00, 84.00, 73.00, 1.00, 0.00
460.50, 76.00, 69.00, 0.50, 0.00
461.00, 56.00, 57.00, 1.00, 1.00
461.00, 61.00, 60.00, 1.00, 1.00
461.00, 64.00, 62.00, 1.00, 1.00
461.00, 75.00, 68.00, 0.50, 0.00
461.00, 85.00, 74.00, 1.00, 0.00
461.50, 73.00, 67.00, 0.50, 0.00
462.00, 44.00, 50.00, 1.00, 1.00
462.00, 76.00, 69.00, 0.33, 0.00
462.33, 78.00, 70.00, 0.33, 0.00
462.67, 76.00, 69.00, 0.33, 0.00
463.00, 52.00, 55.00, 1.00, 1.00
463.00, 61.00, 60.00, 1.00, 1.00
463.00, 75.00, 68.00, 0.50, 0.00
463.00, 80.00, 71.00, 1.00, 0.00
463.50, 73.00, 67.00, 0.50, 0.00
464.00, 52.00, 55.00, 1.00, 1.00
464.00, 61.00, 60.00, 1.00, 1.00
464.00, 71.00, 66.00, 0.50, 0.00
464.00, 81.00, 72.00, 1.00, 0.00
464.50, 69.00, 65.00, 0.50, 0.00
465.00, 73.00, 67.00, 0.33, 0.00
465.33, 75.00, 68.00, 0.33, 0.00
465.67, 73.00, 67.00, 0.33, 0.00
466.00, 52.00, 55.00, 1.00, 1.00
466.00, 61.00, 60.00, 1.00, 1.00
466.00, 71.00, 66.00, 0.50, 0.00
466.00, 75.00, 68.00, 1.00, 0.00
466.50, 69.00, 65.00, 0.50, 0.00
467.00, 52.00, 55.00, 1.00, 1.00
467.00, 57.00, 58.00, 2.00, 1.00
467.00, 64.00, 62.00, 0.50, 0.00
467.00, 76.00, 69.00, 1.00, 0.00
467.50, 61.00, 60.00, 1.00, 0.00
468.00, 44.00, 50.00, 4.00, 1.00
468.50, 60.00, 59.00, 1.00, 0.00
469.00, 51.00, 54.00, 1.00, 1.00
469.00, 56.00, 57.00, 1.00, 1.00
469.50, 72.00, 66.00, 0.50, 0.00
470.00, 51.00, 54.00, 2.00, 1.00
470.00, 70.00, 65.00, 0.50, 0.00
470.50, 72.00, 66.00, 0.50, 0.00
471.00, 70.00, 65.00, 0.50, 0.00
471.50, 68.00, 64.00, 0.50, 0.00
472.00, 51.00, 54.00, 1.00, 1.00
472.00, 60.00, 59.00, 1.00, 1.00
472.00, 64.00, 62.00, 1.50, 0.00
472.00, 76.00, 69.00, 1.50, 0.00
473.00, 51.00, 54.00, 2.00, 1.00
473.00, 60.00, 59.00, 1.00, 1.00
473.50, 63.00, 61.00, 0.50, 0.00
473.50, 75.00, 68.00, 0.50, 0.00
474.00, 43.00, 50.00, 3.00, 1.00
474.00, 63.00, 61.00, 1.00, 0.00
474.00, 75.00, 68.00, 1.00, 0.00
475.00, 52.00, 55.00, 0.75, 1.00
475.00, 61.00, 60.00, 0.75, 0.00
475.00, 73.00, 67.00, 1.00, 0.00
475.75, 54.00, 56.00, 0.25, 1.00
475.75, 63.00, 61.00, 0.25, 0.00
476.00, 52.00, 55.00, 2.00, 1.00
476.00, 61.00, 60.00, 2.00, 0.00
477.00, 43.00, 50.00, 3.00, 1.00
478.00, 52.00, 55.00, 0.75, 1.00
478.00, 57.00, 58.00, 0.75, 0.00
478.00, 61.00, 60.00, 0.75, 0.00
478.75, 54.00, 56.00, 0.25, 1.00
478.75, 63.00, 61.00, 0.25, 0.00
479.00, 52.00, 55.00, 1.00, 1.00
479.00, 57.00, 58.00, 1.00, 0.00
479.00, 61.00, 60.00, 1.00, 0.00
480.00, 43.00, 50.00, 4.00, 1.00
481.00, 52.00, 55.00, 1.00, 1.00
481.00, 57.00, 58.00, 1.00, 1.00
481.00, 61.00, 60.00, 0.50, 0.00
481.00, 61.00, 60.00, 3.00, 0.00
481.50, 73.00, 67.00, 0.50, 0.00
482.00, 52.00, 55.00, 2.00, 1.00
482.00, 57.00, 58.00, 2.00, 1.00
482.00, 71.00, 66.00, 0.50, 0.00
482.50, 73.00, 67.00, 0.50, 0.00
483.00, 71.00, 66.00, 0.50, 0.00
483.50, 69.00, 65.00, 0.50, 0.00
484.00, 52.00, 55.00, 1.00, 1.00
484.00, 61.00, 60.00, 1.00, 1.00
484.00, 66.00, 63.00, 1.50, 0.00
484.00, 78.00, 70.00, 1.50, 0.00
485.00, 52.00, 55.00, 1.00, 1.00
485.00, 61.00, 60.00, 1.00, 1.00
485.50, 64.00, 62.00, 0.50, 0.00
485.50, 76.00, 69.00, 0.50, 0.00
486.00, 42.00, 49.00, 1.00, 1.00
486.00, 64.00, 62.00, 1.00, 0.00
486.00, 76.00, 69.00, 1.00, 0.00
487.00, 54.00, 56.00, 0.75, 1.00
487.00, 57.00, 58.00, 1.00, 1.00
487.00, 60.00, 59.00, 1.00, 1.00
487.00, 63.00, 61.00, 0.75, 0.00
487.00, 75.00, 68.00, 1.00, 0.00
487.75, 56.00, 57.00, 0.25, 1.00
487.75, 64.00, 62.00, 0.25, 0.00
488.00, 54.00, 56.00, 1.00, 1.00
488.00, 57.00, 58.00, 1.00, 1.00
488.00, 60.00, 59.00, 1.00, 1.00
488.00, 63.00, 61.00, 1.00, 0.00
489.00, 40.00, 48.00, 1.00, 1.00
490.00, 52.00, 55.00, 0.75, 1.00
490.00, 57.00, 58.00, 1.00, 0.00
490.00, 61.00, 60.00, 1.00, 0.00
490.00, 64.00, 62.00, 0.75, 0.00
490.75, 51.00, 54.00, 0.25, 1.00
490.75, 66.00, 63.00, 0.25, 0.00
491.00, 52.00, 55.00, 1.00, 1.00
491.00, 57.00, 58.00, 1.00, 0.00
491.00, 61.00, 60.00, 1.00, 0.00
491.00, 64.00, 62.00, 1.00, 0.00
492.00, 39.00, 47.00, 1.00, 1.00
493.00, 57.00, 58.00, 0.50, 1.00
493.00, 60.00, 59.00, 0.50, 0.00
493.00, 66.00, 63.00, 0.50, 0.00
493.50, 59.00, 59.00, 0.50, 1.00
493.50, 68.00, 64.00, 0.50, 0.00
494.00, 57.00, 58.00, 0.75, 1.00
494.00, 60.00, 59.00, 0.75, 0.00
494.00, 66.00, 63.00, 0.75, 0.00
494.75, 51.00, 54.00, 0.25, 1.00
494.75, 63.00, 61.00, 0.25, 0.00
494.75, 75.00, 68.00, 0.25, 0.00
495.00, 54.00, 56.00, 1.00, 1.00
495.00, 63.00, 61.00, 1.00, 0.00
495.00, 75.00, 68.00, 1.00, 0.00
496.00, 54.00, 56.00, 0.75, 1.00
496.00, 59.00, 59.00, 1.00, 0.00
496.00, 63.00, 61.00, 0.75, 0.00
496.75, 56.00, 57.00, 0.25, 1.00
496.75, 64.00, 62.00, 0.25, 0.00
497.00, 54.00, 56.00, 1.00, 1.00
497.00, 59.00, 59.00, 1.00, 0.00
497.00, 63.00, 61.00, 1.00, 0.00
498.00, 36.00, 45.00, 1.00, 1.00
499.00, 57.00, 58.00, 0.50, 1.00
499.00, 63.00, 61.00, 1.00, 0.00
499.00, 66.00, 63.00, 0.50, 0.00
499.50, 59.00, 59.00, 0.50, 1.00
499.50, 68.00, 64.00, 0.50, 0.00
500.00, 57.00, 58.00, 0.75, 1.00
500.00, 63.00, 61.00, 0.75, 0.00
500.00, 66.00, 63.00, 0.75, 0.00
500.75, 48.00, 52.00, 0.25, 1.00
500.75, 63.00, 61.00, 0.25, 0.00
500.75, 75.00, 68.00, 0.25, 0.00
501.00, 54.00, 56.00, 1.00, 1.00
501.00, 63.00, 61.00, 1.00, 0.00
501.00, 75.00, 68.00, 1.00, 0.00
502.00, 54.00, 56.00, 0.75, 1.00
502.00, 57.00, 58.00, 2.00, 1.00
502.00, 63.00, 61.00, 0.75, 0.00
502.75, 56.00, 57.00, 0.25, 1.00
502.75, 64.00, 62.00, 0.25, 0.00
503.00, 54.00, 56.00, 1.00, 1.00
503.00, 63.00, 61.00, 1.00, 0.00
504.00, 32.00, 43.00, 1.00, 1.00
505.00, 57.00, 58.00, 0.50, 1.00
505.00, 66.00, 63.00, 0.50, 0.00
505.50, 59.00, 59.00, 0.50, 1.00
505.50, 68.00, 64.00, 0.50, 0.00
506.00, 57.00, 58.00, 0.50, 1.00
506.00, 66.00, 63.00, 0.50, 0.00
506.50, 51.00, 54.00, 0.50, 1.00
506.50, 60.00, 59.00, 0.50, 0.00
507.00, 54.00, 56.00, 0.50, 1.00
507.00, 63.00, 61.00, 0.50, 0.00
507.50, 51.00, 54.00, 0.50, 1.00
507.50, 60.00, 59.00, 0.50, 0.00
508.00, 56.00, 57.00, 1.50, 1.00
508.00, 64.00, 62.00, 1.50, 0.00
509.50, 54.00, 56.00, 0.50, 1.00
509.50, 63.00, 61.00, 0.50, 0.00
510.00, 52.00, 55.00, 0.50, 1.00
510.00, 61.00, 60.00, 0.50, 0.00
510.50, 51.00, 54.00, 0.50, 1.00
510.50, 60.00, 59.00, 0.50, 0.00
511.00, 52.00, 55.00, 0.50, 1.00
511.00, 61.00, 60.00, 0.50, 0.00
511.50, 54.00, 56.00, 0.50, 1.00
511.50, 63.00, 61.00, 0.50, 0.00
512.00, 57.00, 58.00, 0.50, 1.00
512.00, 66.00, 63.00, 0.50, 0.00
512.50, 56.00, 57.00, 0.50, 1.00
512.50, 64.00, 62.00, 0.50, 0.00
513.00, 54.00, 56.00, 0.50, 1.00
513.00, 63.00, 61.00, 0.50, 0.00
513.50, 52.00, 55.00, 0.50, 1.00
513.50, 61.00, 60.00, 0.50, 0.00
514.00, 51.00, 54.00, 0.50, 1.00
514.00, 60.00, 59.00, 0.50, 0.00
514.50, 54.00, 56.00, 0.50, 1.00
514.50, 63.00, 61.00, 0.50, 0.00
515.00, 52.00, 55.00, 0.50, 1.00
515.00, 61.00, 60.00, 0.50, 0.00
515.50, 49.00, 53.00, 0.50, 1.00
515.50, 57.00, 58.00, 0.50, 0.00
516.00, 37.00, 46.00, 1.00, 1.00
516.00, 56.00, 57.00, 1.00, 0.00
516.00, 61.00, 60.00, 1.00, 0.00
516.00, 64.00, 62.00, 1.00, 0.00
517.00, 44.00, 50.00, 0.50, 1.00
517.50, 47.00, 52.00, 0.50, 1.00
518.00, 45.00, 51.00, 0.50, 1.00
518.00, 52.00, 55.00, 1.00, 0.00
518.00, 61.00, 60.00, 1.50, 0.00
518.50, 44.00, 50.00, 0.50, 1.00
519.00, 44.00, 50.00, 1.00, 1.00
519.00, 53.00, 55.00, 0.50, 0.00
519.50, 59.00, 59.00, 0.50, 0.00
519.50, 62.00, 61.00, 0.50, 0.00
520.00, 42.00, 49.00, 1.00, 1.00
520.00, 54.00, 56.00, 1.00, 1.00
520.00, 63.00, 61.00, 1.50, 0.00
521.00, 30.00, 42.00, 1.00, 1.00
521.00, 52.00, 55.00, 1.00, 1.00
521.00, 57.00, 58.00, 1.00, 1.00
521.50, 61.00, 60.00, 0.50, 0.00
522.00, 35.00, 45.00, 1.00, 1.00
522.00, 51.00, 54.00, 1.00, 1.00
522.00, 59.00, 59.00, 1.00, 1.00
523.00, 47.00, 52.00, 0.50, 1.00
523.00, 56.00, 57.00, 2.00, 1.00
523.50, 51.00, 54.00, 0.50, 1.00
524.00, 49.00, 53.00, 0.50, 1.00
524.00, 63.00, 61.00, 1.00, 0.00
524.50, 47.00, 52.00, 0.50, 1.00
525.00, 46.00, 52.00, 2.00, 1.00
525.00, 55.00, 57.00, 2.00, 1.00
525.00, 64.00, 62.00, 0.50, 0.00
525.50, 62.00, 61.00, 0.50, 0.00
525.50, 65.00, 63.00, 0.50, 0.00
526.00, 61.00, 60.00, 2.00, 0.00
526.00, 66.00, 63.00, 1.50, 0.00
527.00, 45.00, 51.00, 1.00, 1.00
527.00, 55.00, 57.00, 1.00, 1.00
527.50, 64.00, 62.00, 0.50, 0.00
528.00, 38.00, 47.00, 0.50, 1.00
528.00, 54.00, 56.00, 0.50, 1.00
528.00, 62.00, 61.00, 0.50, 1.00
528.00, 66.00, 63.00, 1.00, 0.00
528.50, 50.00, 54.00, 0.50, 1.00
528.50, 59.00, 59.00, 0.50, 1.00
529.00, 49.00, 54.00, 1.00, 1.00
529.00, 58.00, 59.00, 1.00, 1.00
529.00, 67.00, 64.00, 1.50, 0.00
530.00, 48.00, 53.00, 1.00, 1.00
530.00, 64.00, 62.00, 1.00, 1.00
530.50, 67.00, 64.00, 0.50, 0.00
531.00, 53.00, 56.00, 0.33, 1.00
531.00, 57.00, 58.00, 0.50, 1.00
531.00, 69.00, 65.00, 1.00, 0.00
531.33, 55.00, 57.00, 0.33, 1.00
531.50, 62.00, 61.00, 0.50, 1.00
531.67, 53.00, 56.00, 0.33, 1.00
532.00, 52.00, 55.00, 1.00, 1.00
532.00, 61.00, 60.00, 1.00, 1.00
532.00, 70.00, 65.00, 1.50, 0.00
533.00, 51.00, 54.00, 1.00, 1.00
533.00, 67.00, 63.00, 1.00, 1.00
533.50, 71.00, 66.00, 0.50, 0.00
534.00, 56.00, 57.00, 0.33, 1.00
534.00, 60.00, 59.00, 0.50, 0.00
534.00, 72.00, 66.00, 1.00, 0.00
534.33, 58.00, 58.00, 0.33, 1.00
534.50, 65.00, 62.00, 0.50, 0.00
534.67, 56.00, 57.00, 0.33, 1.00
535.00, 55.00, 57.00, 1.00, 1.00
535.00, 64.00, 62.00, 1.00, 0.00
535.00, 73.00, 67.00, 1.50, 0.00
536.00, 54.00, 56.00, 1.00, 1.00
536.00, 70.00, 65.00, 1.00, 0.00
536.50, 74.00, 67.00, 0.50, 0.00
537.00, 59.00, 59.00, 0.33, 1.00
537.00, 63.00, 61.00, 0.50, 0.00
537.00, 75.00, 68.00, 1.00, 0.00
537.33, 61.00, 60.00, 0.33, 1.00
537.50, 68.00, 64.00, 0.50, 0.00
537.67, 59.00, 59.00, 0.33, 1.00
538.00, 58.00, 59.00, 1.00, 1.00
538.00, 67.00, 64.00, 0.50, 0.00
538.00, 76.00, 69.00, 1.00, 0.00
538.50, 72.00, 67.00, 0.50, 0.00
539.00, 57.00, 58.00, 1.00, 1.00
539.00, 73.00, 67.00, 1.00, 0.00
539.50, 77.00, 69.00, 0.50, 0.00
540.00, 38.00, 47.00, 1.00, 1.00
540.00, 66.00, 63.00, 1.00, 0.00
540.00, 74.00, 68.00, 1.00, 0.00
540.00, 78.00, 70.00, 1.00, 0.00
541.00, 50.00, 54.00, 0.50, 1.00
541.50, 54.00, 56.00, 0.50, 1.00
542.00, 52.00, 55.00, 0.50, 1.00
542.00, 57.00, 58.00, 1.00, 0.00
542.00, 66.00, 63.00, 1.00, 0.00
542.50, 50.00, 54.00, 0.50, 1.00
543.00, 49.00, 54.00, 1.00, 1.00
543.00, 58.00, 59.00, 0.50, 1.00
543.00, 67.00, 64.00, 0.50, 0.00
543.50, 59.00, 59.00, 0.50, 1.00
543.50, 65.00, 63.00, 1.50, 0.00
543.50, 68.00, 64.00, 0.50, 0.00
544.00, 48.00, 53.00, 1.00, 1.00
544.00, 60.00, 60.00, 1.00, 1.00
544.00, 69.00, 65.00, 1.50, 0.00
545.00, 36.00, 46.00, 1.00, 1.00
545.00, 58.00, 59.00, 1.00, 0.00
545.00, 64.00, 62.00, 1.00, 0.00
545.50, 67.00, 64.00, 0.50, 0.00
546.00, 41.00, 49.00, 1.00, 1.00
546.00, 57.00, 58.00, 1.00, 1.00
546.00, 65.00, 63.00, 1.00, 0.00
547.00, 53.00, 56.00, 0.50, 1.00
547.00, 62.00, 61.00, 2.00, 0.00
547.50, 57.00, 58.00, 0.50, 1.00
548.00, 55.00, 57.00, 0.50, 1.00
548.00, 69.00, 65.00, 1.00, 0.00
548.50, 53.00, 56.00, 0.50, 1.00
549.00, 52.00, 55.00, 2.00, 1.00
549.00, 61.00, 60.00, 1.00, 0.00
549.00, 70.00, 65.00, 0.50, 0.00
549.50, 68.00, 64.00, 0.50, 0.00
549.50, 71.00, 66.00, 0.50, 0.00
550.00, 67.00, 63.00, 2.00, 0.00
550.00, 72.00, 66.00, 1.50, 0.00
551.00, 51.00, 54.00, 1.00, 1.00
551.00, 61.00, 60.00, 1.00, 0.00
551.50, 70.00, 65.00, 0.50, 0.00
552.00, 44.00, 50.00, 0.50, 1.00
552.00, 60.00, 59.00, 0.50, 0.00
552.00, 68.00, 64.00, 1.00, 0.00
552.00, 72.00, 66.00, 1.00, 0.00
552.50, 56.00, 57.00, 0.50, 1.00
552.50, 65.00, 62.00, 0.50, 0.00
553.00, 56.00, 57.00, 1.00, 1.00
553.00, 64.00, 62.00, 1.00, 0.00
553.00, 73.00, 67.00, 1.50, 0.00
554.00, 54.00, 56.00, 1.00, 1.00
554.00, 70.00, 65.00, 1.00, 0.00
554.50, 74.00, 67.00, 0.50, 0.00
555.00, 59.00, 59.00, 0.33, 1.00
555.00, 63.00, 61.00, 0.50, 0.00
555.00, 75.00, 68.00, 1.00, 0.00
555.33, 61.00, 60.00, 0.33, 1.00
555.50, 68.00, 64.00, 0.50, 0.00
555.67, 59.00, 59.00, 0.33, 1.00
556.00, 58.00, 59.00, 1.00, 1.00
556.00, 67.00, 64.00, 1.00, 0.00
556.00, 76.00, 69.00, 1.50, 0.00
557.00, 57.00, 58.00, 1.00, 1.00
557.00, 73.00, 67.00, 1.00, 0.00
557.50, 77.00, 69.00, 0.50, 0.00
558.00, 62.00, 61.00, 0.33, 1.00
558.00, 66.00, 63.00, 0.50, 0.00
558.00, 78.00, 70.00, 1.00, 0.00
558.33, 64.00, 62.00, 0.33, 1.00
558.50, 71.00, 66.00, 0.50, 0.00
558.67, 62.00, 61.00, 0.33, 1.00
559.00, 61.00, 60.00, 1.00, 1.00
559.00, 69.00, 65.00, 1.00, 0.00
559.00, 80.00, 71.00, 2.00, 0.00
560.00, 64.00, 62.00, 0.33, 1.00
560.00, 73.00, 67.00, 1.00, 0.00
560.33, 66.00, 63.00, 0.33, 1.00
560.67, 64.00, 62.00, 0.33, 1.00
561.00, 63.00, 61.00, 0.50, 1.00
561.00, 71.00, 66.00, 1.00, 0.00
561.00, 78.00, 70.00, 0.50, 0.00
561.75, 65.00, 62.00, 0.25, 1.00
561.75, 80.00, 71.00, 0.25, 0.00
562.00, 66.00, 63.00, 1.00, 1.00
562.00, 72.00, 66.00, 1.00, 0.00
562.00, 75.00, 68.00, 1.00, 0.00
562.00, 81.00, 72.00, 2.00, 0.00
563.00, 67.00, 63.00, 1.00, 1.00
563.00, 73.00, 67.00, 4.00, 0.00
564.00, 68.00, 64.00, 3.00, 1.00
564.00, 76.00, 69.00, 3.00, 0.00
564.00, 80.00, 71.00, 1.50, 0.00
565.50, 79.00, 70.00, 0.50, 0.00
566.00, 80.00, 71.00, 0.50, 0.00
566.50, 81.00, 72.00, 0.50, 0.00
567.00, 66.00, 63.00, 3.00, 1.00
567.00, 68.00, 64.00, 3.00, 1.00
567.00, 72.00, 66.00, 3.00, 0.00
567.00, 75.00, 68.00, 3.00, 0.00
567.00, 80.00, 71.00, 0.50, 0.00
567.50, 79.00, 70.00, 0.50, 0.00
568.00, 80.00, 71.00, 1.00, 0.00
569.00, 81.00, 72.00, 1.00, 0.00
570.00, 64.00, 62.00, 3.00, 1.00
570.00, 68.00, 64.00, 3.00, 1.00
570.00, 73.00, 67.00, 3.00, 0.00
570.00, 80.00, 71.00, 1.50, 0.00
571.50, 79.00, 70.00, 0.50, 0.00
572.00, 80.00, 71.00, 0.50, 0.00
572.50, 81.00, 72.00, 0.50, 0.00
573.00, 63.00, 61.00, 3.00, 1.00
573.00, 68.00, 64.00, 3.00, 1.00
573.00, 72.00, 66.00, 3.00, 0.00
573.00, 78.00, 70.00, 3.00, 0.00
573.00, 80.00, 71.00, 0.50, 0.00
573.50, 79.00, 70.00, 0.50, 0.00
574.00, 80.00, 71.00, 1.00, 0.00
575.00, 81.00, 72.00, 1.00, 0.00
576.00, 56.00, 57.00, 1.00, 1.00
576.00, 64.00, 62.00, 1.00, 1.00
576.00, 68.00, 64.00, 1.00, 1.00
576.00, 73.00, 67.00, 1.00, 0.00
576.00, 76.00, 69.00, 1.00, 0.00
576.00, 80.00, 71.00, 1.50, 0.00
577.50, 79.00, 70.00, 0.50, 0.00
578.00, 80.00, 71.00, 0.50, 0.00
578.50, 76.00, 69.00, 0.50, 0.00
579.00, 75.00, 68.00, 0.50, 0.00
579.50, 73.00, 67.00, 0.50, 0.00
580.00, 76.00, 69.00, 1.00, 0.00
581.00, 72.00, 66.00, 1.00, 0.00
582.00, 75.00, 68.00, 1.50, 0.00
583.50, 73.00, 67.00, 0.50, 0.00
584.00, 64.00, 62.00, 0.50, 0.00
584.50, 69.00, 65.00, 0.50, 0.00
585.00, 68.00, 64.00, 0.50, 0.00
585.50, 56.00, 57.00, 0.50, 0.00
586.00, 64.00, 62.00, 1.00, 0.00
587.00, 44.00, 50.00, 1.00, 1.00
587.00, 54.00, 56.00, 1.00, 1.00
587.00, 63.00, 61.00, 1.00, 0.00
588.00, 49.00, 53.00, 12.00, 1.00
588.00, 52.00, 55.00, 1.00, 1.00
588.00, 61.00, 60.00, 3.00, 0.00
588.00, 61.00, 60.00, 4.00, 0.00
589.00, 56.00, 57.00, 0.50, 1.00
589.50, 59.00, 59.00, 0.50, 1.00
590.00, 57.00, 58.00, 0.50, 1.00
590.50, 56.00, 57.00, 0.50, 1.00
591.00, 49.00, 53.00, 3.00, 1.00
591.00, 54.00, 56.00, 0.50, 1.00
591.00, 63.00, 61.00, 1.00, 0.00
591.50, 51.00, 54.00, 0.50, 1.00
592.00, 56.00, 57.00, 1.50, 1.00
592.00, 60.00, 59.00, 2.00, 0.00
592.00, 63.00, 61.00, 1.00, 0.00
593.00, 68.00, 64.00, 1.00, 0.00
593.50, 54.00, 56.00, 0.50, 1.00
594.00, 49.00, 53.00, 3.00, 1.00
594.00, 52.00, 55.00, 1.00, 1.00
594.00, 61.00, 60.00, 4.00, 0.00
594.00, 68.00, 64.00, 2.00, 0.00
595.00, 56.00, 57.00, 0.50, 1.00
595.50, 59.00, 59.00, 0.50, 1.00
596.00, 57.00, 58.00, 0.50, 1.00
596.00, 66.00, 63.00, 0.50, 0.00
596.50, 56.00, 57.00, 0.50, 1.00
596.50, 64.00, 62.00, 0.50, 0.00
597.00, 54.00, 56.00, 0.50, 1.00
597.00, 63.00, 61.00, 1.00, 0.00
597.50, 51.00, 54.00, 0.50, 1.00
598.00, 56.00, 57.00, 1.50, 1.00
598.00, 60.00, 59.00, 2.00, 0.00
598.00, 63.00, 61.00, 1.00, 0.00
599.00, 68.00, 64.00, 1.00, 0.00
599.50, 54.00, 56.00, 0.50, 1.00
600.00, 37.00, 46.00, 1.00, 1.00
600.00, 44.00, 50.00, 1.00, 1.00
600.00, 61.00, 60.00, 3.00, 0.00
600.00, 68.00, 64.00, 1.50, 0.00
601.00, 56.00, 57.00, 0.50, 1.00
601.50, 59.00, 59.00, 0.50, 1.00
601.50, 63.00, 61.00, 0.50, 0.00
602.00, 57.00, 58.00, 0.50, 1.00
602.00, 66.00, 63.00, 0.50, 0.00
602.50, 56.00, 57.00, 0.50, 1.00
602.50, 64.00, 62.00, 0.50, 0.00
603.00, 54.00, 56.00, 0.50, 1.00
603.00, 61.00, 60.00, 1.00, 0.00
603.00, 63.00, 61.00, 1.00, 0.00
603.50, 51.00, 54.00, 0.50, 1.00
604.00, 56.00, 57.00, 1.50, 1.00
604.00, 60.00, 59.00, 2.00, 0.00
604.00, 63.00, 61.00, 1.00, 0.00
605.00, 68.00, 64.00, 1.00, 0.00
605.50, 54.00, 56.00, 0.50, 1.00
606.00, 52.00, 55.00, 1.00, 1.00
606.00, 61.00, 60.00, 3.00, 0.00
606.00, 68.00, 64.00, 0.50, 0.00
606.50, 73.00, 67.00, 1.50, 0.00
607.00, 56.00, 57.00, 0.50, 1.00
607.50, 59.00, 59.00, 0.50, 1.00
608.00, 57.00, 58.00, 0.50, 1.00
608.00, 73.00, 67.00, 0.50, 0.00
608.50, 56.00, 57.00, 0.50, 1.00
608.50, 64.00, 62.00, 0.50, 0.00
609.00, 54.00, 56.00, 0.50, 1.00
609.00, 61.00, 60.00, 1.00, 0.00
609.00, 63.00, 61.00, 1.00, 0.00
609.50, 51.00, 54.00, 0.50, 1.00
610.00, 56.00, 57.00, 1.50, 1.00
610.00, 60.00, 59.00, 2.00, 0.00
610.00, 63.00, 61.00, 1.00, 0.00
611.00, 64.00, 62.00, 1.00, 0.00
611.50, 56.00, 57.00, 0.50, 1.00
612.00, 37.00, 46.00, 1.00, 1.00
612.00, 44.00, 50.00, 1.00, 1.00
612.00, 52.00, 55.00, 0.50, 0.00
612.00, 61.00, 60.00, 0.50, 0.00
612.50, 68.00, 64.00, 0.50, 0.00
613.00, 73.00, 67.00, 1.50, 0.00
614.50, 68.00, 64.00, 0.50, 0.00
615.00, 73.00, 67.00, 0.50, 0.00
615.50, 68.00, 64.00, 0.50, 0.00
616.00, 73.00, 67.00, 1.50, 0.00
617.50, 61.00, 60.00, 0.50, 0.00
618.00, 68.00, 64.00, 0.50, 0.00
618.50, 61.00, 60.00, 0.50, 0.00
619.00, 73.00, 67.00, 1.00, 0.00
620.75, 32.00, 43.00, 0.25, 1.00
620.75, 44.00, 50.00, 0.25, 1.00
620.75, 56.00, 57.00, 0.25, 0.00
620.75, 68.00, 64.00, 0.25, 0.00
621.00, 32.00, 43.00, 1.00, 1.00
621.00, 44.00, 50.00, 1.00, 1.00
621.00, 56.00, 57.00, 1.00, 0.00
621.00, 68.00, 64.00, 1.00, 0.00
622.00, 37.00, 46.00, 1.00, 1.00
622.00, 49.00, 53.00, 1.00, 1.00
622.00, 61.00, 60.00, 1.00, 0.00
