ontime, MNN, MPN, duration, channel
0.00, 39.00, 48.00, 2.50, 1.00
0.00, 51.00, 55.00, 1.00, 1.00
0.00, 55.00, 57.00, 1.00, 0.00
0.00, 61.00, 61.00, 1.00, 0.00
0.00, 63.00, 62.00, 1.00, 0.00
1.00, 51.00, 55.00, 2.00, 1.00
1.00, 56.00, 58.00, 2.00, 0.00
1.00, 61.00, 61.00, 2.00, 0.00
1.00, 65.00, 63.00, 2.00, 0.00
2.50, 38.00, 47.00, 0.50, 1.00
3.00, 39.00, 48.00, 2.50, 1.00
3.00, 51.00, 55.00, 1.00, 1.00
3.00, 55.00, 57.00, 1.00, 0.00
3.00, 61.00, 61.00, 1.00, 0.00
3.00, 63.00, 62.00, 1.00, 0.00
4.00, 51.00, 55.00, 2.00, 1.00
4.00, 55.00, 57.00, 2.00, 0.00
4.00, 61.00, 61.00, 2.00, 0.00
4.00, 67.00, 64.00, 2.00, 0.00
5.50, 38.00, 47.00, 0.50, 1.00
6.00, 39.00, 48.00, 2.50, 1.00
6.00, 51.00, 55.00, 1.00, 1.00
6.00, 55.00, 57.00, 1.00, 0.00
6.00, 61.00, 61.00, 1.00, 0.00
6.00, 63.00, 62.00, 1.00, 0.00
7.00, 51.00, 55.00, 2.00, 1.00
7.00, 56.00, 58.00, 2.00, 0.00
7.00, 61.00, 61.00, 2.00, 0.00
7.00, 65.00, 63.00, 2.00, 0.00
8.50, 38.00, 47.00, 0.50, 1.00
9.00, 39.00, 48.00, 2.50, 1.00
9.00, 51.00, 55.00, 1.00, 1.00
9.00, 55.00, 57.00, 1.00, 0.00
9.00, 61.00, 61.00, 1.00, 0.00
9.00, 63.00, 62.00, 1.00, 0.00
10.00, 51.00, 55.00, 2.00, 1.00
10.00, 55.00, 57.00, 2.00, 0.00
10.00, 61.00, 61.00, 2.00, 0.00
10.00, 70.00, 66.00, 2.00, 0.00
11.50, 38.00, 47.00, 0.50, 1.00
12.00, 39.00, 48.00, 2.50, 1.00
12.00, 51.00, 55.00, 1.00, 1.00
12.00, 55.00, 57.00, 1.00, 0.00
12.00, 61.00, 61.00, 1.00, 0.00
12.00, 63.00, 62.00, 1.00, 0.00
13.00, 51.00, 55.00, 2.00, 1.00
13.00, 56.00, 58.00, 2.00, 0.00
13.00, 61.00, 61.00, 2.00, 0.00
13.00, 65.00, 63.00, 2.00, 0.00
14.50, 38.00, 47.00, 0.50, 1.00
15.00, 39.00, 48.00, 1.00, 1.00
15.00, 51.00, 55.00, 1.00, 1.00
15.00, 55.00, 57.00, 1.00, 0.00
15.00, 61.00, 61.00, 1.00, 0.00
15.00, 63.00, 62.00, 1.00, 0.00
16.00, 51.00, 55.00, 2.00, 1.00
16.00, 58.00, 59.00, 2.00, 1.00
16.00, 67.00, 64.00, 2.00, 0.00
16.00, 73.00, 68.00, 2.00, 0.00
18.00, 51.00, 55.00, 1.00, 1.00
18.00, 63.00, 62.00, 1.00, 1.00
18.00, 67.00, 64.00, 1.00, 0.00
18.00, 72.00, 67.00, 1.00, 0.00
19.00, 51.00, 55.00, 5.00, 1.00
19.00, 61.00, 61.00, 5.00, 1.00
19.00, 67.00, 64.00, 4.00, 0.00
19.00, 70.00, 66.00, 4.00, 0.00
23.00, 71.00, 66.00, 1.00, 0.00
24.00, 44.00, 51.00, 1.00, 1.00
24.00, 72.00, 67.00, 0.50, 0.00
24.50, 73.00, 68.00, 0.50, 0.00
25.00, 51.00, 55.00, 1.00, 1.00
25.00, 60.00, 60.00, 1.00, 1.00
25.00, 68.00, 65.00, 1.00, 1.00
25.00, 75.00, 69.00, 1.50, 0.00
26.50, 77.00, 70.00, 0.50, 0.00
27.00, 39.00, 48.00, 1.00, 1.00
27.00, 75.00, 69.00, 0.50, 0.00
27.50, 74.00, 68.00, 0.50, 0.00
28.00, 61.00, 61.00, 1.00, 1.00
28.00, 67.00, 64.00, 1.00, 1.00
28.00, 73.00, 68.00, 1.50, 0.00
29.00, 61.00, 61.00, 1.00, 1.00
29.00, 67.00, 64.00, 1.00, 1.00
29.50, 72.00, 67.00, 0.50, 0.00
30.00, 51.00, 55.00, 1.00, 1.00
30.00, 70.00, 66.00, 0.50, 0.00
30.50, 69.00, 65.00, 0.50, 0.00
31.00, 61.00, 61.00, 1.00, 1.00
31.00, 63.00, 62.00, 1.00, 1.00
31.00, 70.00, 66.00, 0.50, 0.00
31.50, 72.00, 67.00, 0.50, 0.00
32.00, 61.00, 61.00, 1.00, 1.00
32.00, 63.00, 62.00, 1.00, 1.00
32.00, 67.00, 64.00, 1.00, 0.00
33.00, 44.00, 51.00, 1.00, 1.00
33.00, 68.00, 65.00, 0.50, 0.00
33.75, 67.00, 64.00, 0.25, 0.00
34.00, 51.00, 55.00, 1.00, 1.00
34.00, 60.00, 60.00, 1.00, 1.00
34.00, 68.00, 65.00, 1.00, 0.00
35.00, 60.00, 60.00, 1.00, 0.00
36.00, 41.00, 49.00, 1.00, 1.00
36.00, 68.00, 65.00, 0.50, 0.00
36.50, 70.00, 66.00, 0.50, 0.00
37.00, 56.00, 58.00, 1.00, 1.00
37.00, 65.00, 63.00, 1.00, 1.00
37.00, 72.00, 67.00, 1.50, 0.00
38.00, 56.00, 58.00, 1.00, 1.00
38.00, 60.00, 60.00, 1.00, 1.00
38.00, 65.00, 63.00, 1.00, 1.00
38.50, 73.00, 68.00, 0.50, 0.00
39.00, 48.00, 53.00, 1.00, 1.00
39.00, 72.00, 67.00, 0.50, 0.00
39.50, 71.00, 66.00, 0.50, 0.00
40.00, 58.00, 59.00, 1.00, 1.00
40.00, 64.00, 62.00, 1.00, 1.00
40.00, 70.00, 66.00, 1.50, 0.00
41.00, 58.00, 59.00, 1.00, 1.00
41.00, 64.00, 62.00, 1.00, 1.00
41.50, 68.00, 65.00, 0.50, 0.00
42.00, 48.00, 53.00, 1.00, 1.00
42.00, 67.00, 64.00, 0.50, 0.00
42.50, 65.00, 63.00, 0.50, 0.00
43.00, 58.00, 59.00, 1.00, 1.00
43.00, 60.00, 60.00, 1.00, 1.00
43.00, 67.00, 64.00, 0.50, 0.00
43.50, 68.00, 65.00, 0.50, 0.00
44.00, 58.00, 59.00, 1.00, 1.00
44.00, 60.00, 60.00, 1.00, 1.00
44.00, 64.00, 62.00, 1.00, 0.00
45.00, 41.00, 49.00, 1.00, 1.00
45.00, 65.00, 63.00, 0.50, 0.00
45.00, 65.00, 63.00, 2.00, 0.00
45.75, 77.00, 70.00, 0.25, 0.00
46.00, 49.00, 54.00, 1.00, 1.00
46.00, 56.00, 58.00, 1.00, 1.00
46.00, 61.00, 61.00, 1.00, 1.00
46.00, 75.00, 69.00, 1.50, 0.00
47.00, 43.00, 50.00, 1.00, 1.00
47.00, 51.00, 55.00, 2.00, 1.00
47.00, 63.00, 62.00, 1.00, 0.00
47.50, 73.00, 68.00, 0.50, 0.00
48.00, 44.00, 51.00, 1.00, 1.00
48.00, 72.00, 67.00, 0.50, 0.00
48.50, 73.00, 68.00, 0.50, 0.00
49.00, 60.00, 60.00, 1.00, 1.00
49.00, 68.00, 65.00, 1.00, 1.00
49.00, 75.00, 69.00, 1.00, 0.00
50.00, 79.00, 71.00, 0.50, 0.00
50.50, 77.00, 70.00, 0.50, 0.00
51.00, 39.00, 48.00, 1.00, 1.00
51.00, 75.00, 69.00, 0.50, 0.00
51.50, 74.00, 68.00, 0.50, 0.00
52.00, 61.00, 61.00, 1.00, 1.00
52.00, 67.00, 64.00, 1.00, 1.00
52.00, 73.00, 68.00, 1.50, 0.00
53.00, 61.00, 61.00, 2.00, 1.00
53.00, 67.00, 64.00, 1.00, 1.00
53.50, 72.00, 67.00, 0.50, 0.00
54.00, 51.00, 55.00, 2.00, 1.00
54.00, 70.00, 66.00, 0.50, 0.00
54.50, 69.00, 65.00, 0.50, 0.00
55.00, 61.00, 61.00, 2.00, 1.00
55.00, 70.00, 66.00, 0.50, 0.00
55.50, 72.00, 67.00, 0.50, 0.00
56.00, 52.00, 55.00, 1.00, 1.00
56.00, 67.00, 64.00, 1.00, 0.00
57.00, 53.00, 56.00, 2.00, 1.00
57.00, 68.00, 65.00, 0.50, 0.00
57.75, 67.00, 64.00, 0.25, 0.00
58.00, 56.00, 58.00, 1.00, 1.00
58.00, 60.00, 60.00, 1.00, 1.00
58.00, 68.00, 65.00, 1.00, 0.00
59.00, 56.00, 58.00, 1.00, 1.00
59.00, 60.00, 60.00, 1.00, 1.00
59.00, 64.00, 62.00, 1.00, 0.00
60.00, 49.00, 54.00, 1.00, 1.00
60.00, 65.00, 63.00, 0.75, 0.00
60.75, 67.00, 64.00, 0.25, 0.00
61.00, 55.00, 57.00, 1.00, 1.00
61.00, 58.00, 59.00, 1.00, 1.00
61.00, 65.00, 63.00, 1.00, 1.00
61.00, 68.00, 65.00, 1.00, 0.00
62.00, 55.00, 57.00, 1.00, 1.00
62.00, 58.00, 59.00, 1.00, 1.00
62.00, 65.00, 63.00, 1.00, 1.00
62.00, 70.00, 66.00, 1.00, 0.00
63.00, 48.00, 53.00, 1.00, 1.00
63.00, 72.00, 67.00, 0.75, 0.00
63.75, 73.00, 68.00, 0.25, 0.00
64.00, 58.00, 59.00, 1.00, 1.00
64.00, 64.00, 62.00, 1.00, 1.00
64.00, 72.00, 67.00, 1.50, 0.00
65.00, 58.00, 59.00, 1.00, 1.00
65.00, 64.00, 62.00, 1.00, 1.00
65.50, 67.00, 64.00, 0.50, 0.00
66.00, 49.00, 54.00, 1.00, 1.00
66.00, 65.00, 63.00, 0.50, 0.00
66.50, 64.00, 62.00, 0.50, 0.00
67.00, 55.00, 57.00, 1.00, 1.00
67.00, 58.00, 59.00, 1.00, 1.00
67.00, 65.00, 63.00, 0.50, 0.00
67.50, 67.00, 64.00, 0.50, 0.00
68.00, 55.00, 57.00, 1.00, 1.00
68.00, 58.00, 59.00, 1.00, 1.00
68.00, 65.00, 63.00, 1.00, 1.00
68.00, 68.00, 65.00, 0.50, 0.00
68.50, 70.00, 66.00, 0.50, 0.00
69.00, 48.00, 53.00, 1.00, 1.00
69.00, 72.00, 67.00, 0.50, 0.00
69.50, 73.00, 68.00, 0.50, 0.00
70.00, 55.00, 57.00, 1.00, 1.00
70.00, 64.00, 62.00, 1.00, 1.00
70.00, 72.00, 67.00, 1.50, 0.00
71.00, 48.00, 53.00, 1.00, 1.00
71.50, 71.00, 66.00, 0.50, 0.00
72.00, 49.00, 54.00, 3.00, 1.00
72.00, 70.00, 66.00, 0.33, 0.00
72.33, 72.00, 67.00, 0.33, 0.00
72.67, 70.00, 66.00, 0.33, 0.00
73.00, 55.00, 57.00, 1.00, 1.00
73.00, 63.00, 62.00, 1.00, 1.00
73.00, 69.00, 65.00, 0.50, 0.00
73.50, 70.00, 66.00, 0.50, 0.00
74.00, 55.00, 57.00, 1.00, 1.00
74.00, 63.00, 62.00, 1.00, 1.00
74.00, 72.00, 67.00, 0.50, 0.00
74.50, 73.00, 68.00, 0.50, 0.00
75.00, 48.00, 53.00, 1.00, 1.00
75.00, 77.00, 70.00, 0.50, 0.00
75.50, 75.00, 69.00, 0.50, 0.00
76.00, 56.00, 58.00, 1.00, 1.00
76.00, 63.00, 62.00, 1.00, 1.00
76.00, 80.00, 72.00, 2.00, 0.00
77.00, 53.00, 56.00, 1.00, 1.00
78.00, 51.00, 55.00, 1.00, 1.00
78.00, 69.00, 65.00, 0.50, 0.00
78.50, 70.00, 66.00, 0.50, 0.00
79.00, 58.00, 59.00, 1.00, 1.00
79.00, 62.00, 61.00, 1.00, 1.00
79.00, 68.00, 65.00, 1.00, 1.00
79.00, 79.00, 71.00, 0.50, 0.00
79.50, 77.00, 70.00, 0.50, 0.00
80.00, 58.00, 59.00, 1.00, 1.00
80.00, 61.00, 61.00, 1.00, 1.00
80.00, 67.00, 64.00, 1.00, 1.00
80.00, 75.00, 69.00, 0.50, 0.00
80.50, 63.00, 62.00, 0.50, 0.00
81.00, 44.00, 51.00, 1.00, 1.00
81.00, 73.00, 68.00, 0.50, 0.00
81.50, 72.00, 67.00, 0.50, 0.00
82.00, 51.00, 55.00, 1.00, 1.00
82.00, 60.00, 60.00, 1.00, 1.00
82.00, 68.00, 65.00, 2.00, 0.00
83.00, 46.00, 52.00, 1.00, 1.00
84.00, 48.00, 53.00, 1.00, 1.00
84.00, 58.00, 59.00, 1.00, 0.00
84.00, 64.00, 62.00, 1.00, 0.00
84.00, 67.00, 64.00, 1.00, 0.00
85.00, 72.00, 67.00, 1.50, 0.00
86.00, 60.00, 60.00, 2.00, 1.00
86.50, 70.00, 66.00, 0.50, 0.00
87.00, 68.00, 65.00, 0.75, 0.00
87.75, 67.00, 64.00, 0.25, 0.00
88.00, 60.00, 60.00, 1.00, 1.00
88.00, 68.00, 65.00, 1.00, 0.00
89.00, 53.00, 56.00, 1.00, 1.00
89.00, 56.00, 58.00, 1.00, 1.00
89.00, 61.00, 61.00, 1.00, 1.00
89.00, 65.00, 63.00, 1.00, 0.00
90.00, 64.00, 62.00, 0.50, 0.00
90.50, 65.00, 63.00, 0.50, 0.00
91.00, 58.00, 59.00, 1.00, 1.00
91.00, 61.00, 61.00, 3.00, 1.00
91.00, 67.00, 64.00, 1.00, 0.00
92.00, 48.00, 53.00, 1.00, 1.00
92.00, 68.00, 65.00, 0.50, 0.00
92.50, 67.00, 64.00, 0.50, 0.00
93.00, 65.00, 63.00, 0.50, 0.00
93.50, 64.00, 62.00, 0.50, 0.00
94.00, 56.00, 58.00, 1.00, 1.00
94.00, 59.00, 59.00, 1.00, 1.00
94.00, 65.00, 63.00, 1.00, 0.00
95.00, 48.00, 53.00, 1.00, 1.00
95.00, 62.00, 61.00, 1.00, 0.00
96.00, 67.00, 64.00, 0.75, 0.00
96.75, 60.00, 60.00, 0.25, 0.00
97.00, 55.00, 57.00, 1.00, 1.00
97.00, 64.00, 62.00, 1.00, 1.00
97.00, 72.00, 67.00, 1.50, 0.00
98.00, 48.00, 53.00, 1.00, 1.00
98.50, 70.00, 66.00, 0.50, 0.00
99.00, 41.00, 49.00, 1.00, 1.00
99.00, 68.00, 65.00, 0.75, 0.00
99.75, 67.00, 64.00, 0.25, 0.00
100.00, 56.00, 58.00, 1.00, 1.00
100.00, 60.00, 60.00, 1.00, 1.00
100.00, 68.00, 65.00, 1.00, 0.00
101.00, 56.00, 58.00, 1.00, 1.00
101.00, 62.00, 61.00, 1.00, 1.00
101.00, 65.00, 63.00, 1.00, 0.00
102.00, 43.00, 50.00, 1.00, 1.00
102.00, 64.00, 62.00, 0.50, 0.00
102.50, 65.00, 63.00, 0.50, 0.00
103.00, 55.00, 57.00, 1.00, 1.00
103.00, 60.00, 60.00, 1.00, 1.00
103.00, 64.00, 62.00, 1.00, 1.00
103.00, 67.00, 64.00, 1.00, 0.00
104.00, 55.00, 57.00, 1.00, 1.00
104.00, 59.00, 59.00, 1.00, 1.00
104.00, 65.00, 63.00, 1.00, 1.00
104.00, 76.00, 69.00, 0.50, 0.00
104.50, 74.00, 68.00, 0.50, 0.00
105.00, 48.00, 53.00, 1.00, 1.00
105.00, 72.00, 67.00, 0.75, 0.00
105.75, 71.00, 66.00, 0.25, 0.00
106.00, 55.00, 57.00, 1.00, 1.00
106.00, 60.00, 60.00, 1.00, 1.00
106.00, 64.00, 62.00, 1.00, 1.00
106.00, 72.00, 67.00, 2.00, 0.00
107.00, 56.00, 58.00, 2.00, 1.00
107.00, 60.00, 60.00, 2.00, 1.00
107.00, 65.00, 63.00, 2.00, 1.00
108.00, 72.00, 67.00, 0.75, 0.00
108.75, 71.00, 66.00, 0.25, 0.00
109.00, 55.00, 57.00, 1.00, 1.00
109.00, 60.00, 60.00, 1.00, 1.00
109.00, 64.00, 62.00, 1.00, 1.00
109.00, 72.00, 67.00, 2.00, 0.00
110.00, 56.00, 58.00, 1.00, 1.00
110.00, 60.00, 60.00, 1.00, 1.00
110.00, 65.00, 63.00, 1.00, 1.00
111.00, 48.00, 53.00, 1.00, 1.00
111.00, 72.00, 67.00, 0.75, 0.00
111.75, 71.00, 66.00, 0.25, 0.00
112.00, 55.00, 57.00, 1.00, 1.00
112.00, 64.00, 62.00, 1.00, 1.00
112.00, 72.00, 67.00, 1.50, 0.00
113.00, 48.00, 53.00, 1.00, 1.00
113.50, 71.00, 66.00, 0.50, 0.00
114.00, 55.00, 57.00, 1.00, 1.00
114.00, 64.00, 62.00, 1.00, 1.00
114.00, 72.00, 67.00, 0.50, 0.00
114.50, 71.00, 66.00, 0.50, 0.00
115.00, 48.00, 53.00, 1.00, 1.00
115.00, 72.00, 67.00, 1.00, 0.00
116.00, 55.00, 57.00, 1.00, 1.00
116.00, 64.00, 62.00, 1.00, 1.00
116.00, 71.00, 66.00, 1.00, 0.00
117.00, 44.00, 51.00, 1.00, 1.00
117.00, 72.00, 67.00, 0.50, 0.00
117.50, 73.00, 68.00, 0.50, 0.00
118.00, 51.00, 55.00, 1.00, 1.00
118.00, 60.00, 60.00, 1.00, 1.00
118.00, 68.00, 65.00, 1.00, 1.00
118.00, 75.00, 69.00, 1.50, 0.00
119.50, 77.00, 70.00, 0.50, 0.00
120.00, 39.00, 48.00, 1.00, 1.00
120.00, 75.00, 69.00, 0.50, 0.00
120.50, 74.00, 68.00, 0.50, 0.00
121.00, 61.00, 61.00, 1.00, 1.00
121.00, 67.00, 64.00, 1.00, 1.00
121.00, 73.00, 68.00, 1.50, 0.00
122.00, 61.00, 61.00, 1.00, 1.00
122.00, 67.00, 64.00, 1.00, 1.00
122.50, 72.00, 67.00, 0.50, 0.00
123.00, 51.00, 55.00, 1.00, 1.00
123.00, 70.00, 66.00, 0.50, 0.00
123.50, 69.00, 65.00, 0.50, 0.00
124.00, 61.00, 61.00, 1.00, 1.00
124.00, 63.00, 62.00, 1.00, 1.00
124.00, 70.00, 66.00, 0.50, 0.00
124.50, 72.00, 67.00, 0.50, 0.00
125.00, 61.00, 61.00, 1.00, 1.00
125.00, 63.00, 62.00, 1.00, 1.00
125.00, 67.00, 64.00, 1.00, 0.00
126.00, 44.00, 51.00, 1.00, 1.00
126.00, 68.00, 65.00, 0.50, 0.00
126.75, 67.00, 64.00, 0.25, 0.00
127.00, 51.00, 55.00, 1.00, 1.00
127.00, 60.00, 60.00, 1.00, 1.00
127.00, 68.00, 65.00, 1.00, 0.00
128.00, 60.00, 60.00, 1.00, 0.00
129.00, 41.00, 49.00, 1.00, 1.00
129.00, 68.00, 65.00, 0.50, 0.00
129.50, 70.00, 66.00, 0.50, 0.00
130.00, 56.00, 58.00, 1.00, 1.00
130.00, 65.00, 63.00, 1.00, 1.00
130.00, 72.00, 67.00, 1.50, 0.00
131.00, 56.00, 58.00, 1.00, 1.00
131.00, 60.00, 60.00, 1.00, 1.00
131.00, 65.00, 63.00, 1.00, 1.00
131.50, 73.00, 68.00, 0.50, 0.00
132.00, 48.00, 53.00, 1.00, 1.00
132.00, 72.00, 67.00, 0.50, 0.00
132.50, 71.00, 66.00, 0.50, 0.00
133.00, 58.00, 59.00, 1.00, 1.00
133.00, 64.00, 62.00, 1.00, 1.00
133.00, 70.00, 66.00, 1.50, 0.00
134.00, 58.00, 59.00, 1.00, 1.00
134.00, 64.00, 62.00, 1.00, 1.00
134.50, 68.00, 65.00, 0.50, 0.00
135.00, 48.00, 53.00, 1.00, 1.00
135.00, 67.00, 64.00, 0.50, 0.00
135.50, 65.00, 63.00, 0.50, 0.00
136.00, 58.00, 59.00, 1.00, 1.00
136.00, 60.00, 60.00, 1.00, 1.00
136.00, 67.00, 64.00, 0.50, 0.00
136.50, 68.00, 65.00, 0.50, 0.00
137.00, 58.00, 59.00, 1.00, 1.00
137.00, 60.00, 60.00, 1.00, 1.00
137.00, 64.00, 62.00, 1.00, 0.00
138.00, 41.00, 49.00, 1.00, 1.00
138.00, 65.00, 63.00, 2.00, 0.00
138.75, 77.00, 70.00, 0.25, 0.00
139.00, 49.00, 54.00, 1.00, 1.00
139.00, 56.00, 58.00, 1.00, 1.00
139.00, 61.00, 61.00, 1.00, 1.00
139.00, 75.00, 69.00, 1.50, 0.00
140.00, 43.00, 50.00, 1.00, 1.00
140.00, 51.00, 55.00, 2.00, 1.00
140.00, 63.00, 62.00, 1.00, 0.00
140.50, 73.00, 68.00, 0.50, 0.00
141.00, 44.00, 51.00, 1.00, 1.00
141.00, 72.00, 67.00, 0.50, 0.00
141.50, 73.00, 68.00, 0.50, 0.00
142.00, 60.00, 60.00, 1.00, 1.00
142.00, 68.00, 65.00, 1.00, 1.00
142.00, 75.00, 69.00, 1.00, 0.00
143.00, 79.00, 71.00, 0.50, 0.00
143.50, 77.00, 70.00, 0.50, 0.00
144.00, 39.00, 48.00, 1.00, 1.00
144.00, 75.00, 69.00, 0.50, 0.00
144.50, 74.00, 68.00, 0.50, 0.00
145.00, 61.00, 61.00, 1.00, 1.00
145.00, 67.00, 64.00, 1.00, 1.00
145.00, 73.00, 68.00, 1.50, 0.00
146.00, 61.00, 61.00, 2.00, 1.00
146.00, 67.00, 64.00, 1.00, 1.00
146.50, 72.00, 67.00, 0.50, 0.00
147.00, 51.00, 55.00, 2.00, 1.00
147.00, 70.00, 66.00, 0.50, 0.00
147.50, 69.00, 65.00, 0.50, 0.00
148.00, 61.00, 61.00, 2.00, 1.00
148.00, 70.00, 66.00, 0.50, 0.00
148.50, 72.00, 67.00, 0.50, 0.00
149.00, 52.00, 55.00, 1.00, 1.00
149.00, 67.00, 64.00, 1.00, 0.00
150.00, 53.00, 56.00, 3.00, 1.00
150.00, 68.00, 65.00, 0.50, 0.00
150.75, 67.00, 64.00, 0.25, 0.00
151.00, 56.00, 58.00, 1.00, 1.00
151.00, 60.00, 60.00, 1.00, 1.00
151.00, 68.00, 65.00, 1.00, 0.00
152.00, 56.00, 58.00, 1.00, 1.00
152.00, 60.00, 60.00, 1.00, 1.00
152.00, 64.00, 62.00, 1.00, 0.00
153.00, 49.00, 54.00, 1.00, 1.00
153.00, 65.00, 63.00, 0.75, 0.00
153.75, 67.00, 64.00, 0.25, 0.00
154.00, 55.00, 57.00, 1.00, 1.00
154.00, 58.00, 59.00, 1.00, 1.00
154.00, 65.00, 63.00, 1.00, 1.00
154.00, 68.00, 65.00, 1.00, 0.00
155.00, 55.00, 57.00, 1.00, 1.00
155.00, 58.00, 59.00, 1.00, 1.00
155.00, 65.00, 63.00, 1.00, 1.00
155.00, 70.00, 66.00, 1.00, 0.00
156.00, 48.00, 53.00, 1.00, 1.00
156.00, 72.00, 67.00, 0.75, 0.00
156.75, 73.00, 68.00, 0.25, 0.00
157.00, 58.00, 59.00, 1.00, 1.00
157.00, 64.00, 62.00, 1.00, 1.00
157.00, 72.00, 67.00, 1.50, 0.00
158.00, 58.00, 59.00, 1.00, 1.00
158.00, 64.00, 62.00, 1.00, 1.00
158.50, 67.00, 64.00, 0.50, 0.00
159.00, 49.00, 54.00, 1.00, 1.00
159.00, 65.00, 63.00, 0.50, 0.00
159.50, 64.00, 62.00, 0.50, 0.00
160.00, 55.00, 57.00, 1.00, 1.00
160.00, 58.00, 59.00, 1.00, 1.00
160.00, 65.00, 63.00, 0.50, 0.00
160.50, 67.00, 64.00, 0.50, 0.00
161.00, 55.00, 57.00, 1.00, 1.00
161.00, 58.00, 59.00, 1.00, 1.00
161.00, 65.00, 63.00, 1.00, 1.00
161.00, 68.00, 65.00, 0.50, 0.00
161.50, 70.00, 66.00, 0.50, 0.00
162.00, 48.00, 53.00, 1.00, 1.00
162.00, 72.00, 67.00, 0.50, 0.00
162.50, 73.00, 68.00, 0.50, 0.00
163.00, 55.00, 57.00, 1.00, 1.00
163.00, 64.00, 62.00, 1.00, 1.00
163.00, 72.00, 67.00, 1.50, 0.00
164.00, 48.00, 53.00, 1.00, 1.00
164.50, 71.00, 66.00, 0.50, 0.00
165.00, 49.00, 54.00, 3.00, 1.00
165.00, 70.00, 66.00, 0.33, 0.00
165.33, 72.00, 67.00, 0.33, 0.00
165.67, 70.00, 66.00, 0.33, 0.00
166.00, 55.00, 57.00, 1.00, 1.00
166.00, 63.00, 62.00, 1.00, 1.00
166.00, 69.00, 65.00, 0.50, 0.00
166.50, 70.00, 66.00, 0.50, 0.00
167.00, 55.00, 57.00, 1.00, 1.00
167.00, 63.00, 62.00, 1.00, 1.00
167.00, 72.00, 67.00, 0.50, 0.00
167.50, 73.00, 68.00, 0.50, 0.00
168.00, 48.00, 53.00, 1.00, 1.00
168.00, 77.00, 70.00, 0.50, 0.00
168.50, 75.00, 69.00, 0.50, 0.00
169.00, 56.00, 58.00, 1.00, 1.00
169.00, 63.00, 62.00, 1.00, 1.00
169.00, 80.00, 72.00, 2.00, 0.00
170.00, 53.00, 56.00, 1.00, 1.00
171.00, 51.00, 55.00, 1.00, 1.00
171.00, 69.00, 65.00, 0.50, 0.00
171.50, 70.00, 66.00, 0.50, 0.00
172.00, 58.00, 59.00, 1.00, 1.00
172.00, 62.00, 61.00, 1.00, 1.00
172.00, 68.00, 65.00, 1.00, 1.00
172.00, 79.00, 71.00, 0.50, 0.00
172.50, 77.00, 70.00, 0.50, 0.00
173.00, 58.00, 59.00, 1.00, 1.00
173.00, 61.00, 61.00, 1.00, 1.00
173.00, 67.00, 64.00, 1.00, 1.00
173.00, 75.00, 69.00, 0.50, 0.00
173.50, 63.00, 62.00, 0.50, 0.00
174.00, 44.00, 51.00, 2.00, 1.00
174.00, 73.00, 68.00, 0.50, 0.00
174.50, 72.00, 67.00, 0.50, 0.00
175.00, 51.00, 55.00, 1.00, 1.00
175.00, 60.00, 60.00, 1.00, 1.00
175.00, 68.00, 65.00, 1.00, 0.00
176.00, 66.00, 64.00, 1.00, 0.00
177.00, 49.00, 54.00, 0.50, 1.00
177.00, 56.00, 58.00, 0.50, 1.00
177.00, 61.00, 61.00, 0.50, 0.00
177.00, 65.00, 63.00, 0.50, 0.00
177.75, 49.00, 54.00, 0.25, 1.00
177.75, 56.00, 58.00, 0.25, 1.00
177.75, 61.00, 61.00, 0.25, 0.00
177.75, 65.00, 63.00, 0.25, 0.00
178.00, 49.00, 54.00, 1.00, 1.00
178.00, 56.00, 58.00, 1.00, 1.00
178.00, 61.00, 61.00, 1.00, 0.00
178.00, 65.00, 63.00, 1.00, 0.00
179.00, 42.00, 50.00, 1.00, 1.00
179.00, 58.00, 59.00, 1.00, 0.00
179.00, 66.00, 64.00, 1.00, 0.00
180.00, 44.00, 51.00, 0.50, 1.00
180.00, 54.00, 57.00, 0.50, 1.00
180.00, 60.00, 60.00, 0.50, 0.00
180.00, 63.00, 62.00, 0.50, 0.00
180.75, 44.00, 51.00, 0.25, 1.00
180.75, 53.00, 56.00, 0.25, 1.00
180.75, 60.00, 60.00, 0.25, 0.00
180.75, 62.00, 61.00, 0.25, 0.00
181.00, 44.00, 51.00, 1.00, 1.00
181.00, 54.00, 57.00, 1.00, 1.00
181.00, 60.00, 60.00, 1.00, 0.00
181.00, 63.00, 62.00, 1.00, 0.00
182.00, 44.00, 51.00, 1.00, 1.00
182.00, 50.00, 54.00, 1.00, 1.00
182.00, 60.00, 60.00, 1.00, 0.00
182.00, 65.00, 63.00, 1.00, 0.00
183.00, 44.00, 51.00, 0.50, 1.00
183.00, 51.00, 55.00, 0.50, 1.00
183.00, 60.00, 60.00, 0.50, 0.00
183.00, 66.00, 64.00, 0.50, 0.00
183.75, 44.00, 51.00, 0.25, 1.00
183.75, 50.00, 54.00, 0.25, 1.00
183.75, 60.00, 60.00, 0.25, 0.00
183.75, 65.00, 63.00, 0.25, 0.00
184.00, 44.00, 51.00, 1.00, 1.00
184.00, 51.00, 55.00, 1.00, 1.00
184.00, 60.00, 60.00, 1.00, 0.00
184.00, 66.00, 64.00, 1.00, 0.00
185.00, 44.00, 51.00, 1.50, 1.00
185.00, 52.00, 55.00, 1.00, 1.00
185.00, 58.00, 59.00, 1.00, 0.00
185.00, 67.00, 64.00, 1.00, 0.00
186.00, 37.00, 47.00, 0.50, 1.00
186.00, 52.00, 55.00, 0.50, 1.00
186.00, 58.00, 59.00, 0.50, 0.00
186.00, 61.00, 61.00, 0.50, 0.00
186.00, 70.00, 66.00, 0.50, 0.00
186.75, 49.00, 54.00, 0.25, 1.00
186.75, 55.00, 57.00, 0.25, 1.00
186.75, 64.00, 62.00, 0.25, 0.00
186.75, 70.00, 66.00, 0.25, 0.00
187.00, 49.00, 54.00, 1.00, 1.00
187.00, 55.00, 57.00, 1.00, 1.00
187.00, 64.00, 62.00, 1.00, 0.00
187.00, 70.00, 66.00, 1.00, 0.00
188.00, 49.00, 54.00, 1.00, 1.00
188.00, 56.00, 58.00, 1.00, 1.00
188.00, 65.00, 63.00, 1.00, 0.00
188.00, 68.00, 65.00, 1.00, 0.00
189.00, 49.00, 54.00, 0.50, 1.00
189.00, 56.00, 58.00, 0.50, 1.00
189.00, 61.00, 61.00, 0.50, 0.00
189.00, 65.00, 63.00, 0.50, 0.00
189.75, 49.00, 54.00, 0.25, 1.00
189.75, 56.00, 58.00, 0.25, 1.00
189.75, 61.00, 61.00, 0.25, 0.00
189.75, 65.00, 63.00, 0.25, 0.00
190.00, 49.00, 54.00, 1.00, 1.00
190.00, 56.00, 58.00, 1.00, 1.00
190.00, 61.00, 61.00, 1.00, 0.00
190.00, 65.00, 63.00, 1.00, 0.00
191.00, 42.00, 50.00, 1.00, 1.00
191.00, 58.00, 59.00, 1.00, 0.00
191.00, 66.00, 64.00, 1.00, 0.00
192.00, 44.00, 51.00, 0.50, 1.00
192.00, 54.00, 57.00, 0.50, 1.00
192.00, 60.00, 60.00, 0.50, 0.00
192.00, 63.00, 62.00, 0.50, 0.00
192.75, 44.00, 51.00, 0.25, 1.00
192.75, 53.00, 56.00, 0.25, 1.00
192.75, 60.00, 60.00, 0.25, 0.00
192.75, 62.00, 61.00, 0.25, 0.00
193.00, 44.00, 51.00, 1.00, 1.00
193.00, 54.00, 57.00, 1.00, 1.00
193.00, 60.00, 60.00, 1.00, 0.00
193.00, 63.00, 62.00, 1.00, 0.00
194.00, 44.00, 51.00, 1.00, 1.00
194.00, 50.00, 54.00, 1.00, 1.00
194.00, 60.00, 60.00, 1.50, 0.00
194.00, 65.00, 63.00, 1.00, 0.00
195.00, 44.00, 51.00, 0.50, 1.00
195.00, 51.00, 55.00, 0.50, 1.00
195.00, 66.00, 64.00, 0.50, 0.00
195.75, 44.00, 51.00, 0.25, 1.00
195.75, 53.00, 56.00, 0.25, 1.00
195.75, 60.00, 60.00, 0.25, 0.00
195.75, 68.00, 65.00, 0.25, 0.00
196.00, 44.00, 51.00, 1.00, 1.00
196.00, 54.00, 57.00, 1.00, 1.00
196.00, 60.00, 60.00, 1.00, 0.00
196.00, 70.00, 66.00, 1.00, 0.00
197.00, 44.00, 51.00, 1.00, 1.00
197.00, 51.00, 55.00, 1.00, 1.00
197.00, 60.00, 60.00, 1.00, 0.00
197.00, 66.00, 64.00, 1.00, 0.00
197.00, 72.00, 67.00, 1.00, 0.00
198.00, 49.00, 54.00, 0.50, 1.00
198.00, 56.00, 58.00, 0.50, 1.00
198.00, 60.00, 60.00, 0.50, 1.00
198.00, 66.00, 64.00, 0.50, 0.00
198.00, 75.00, 69.00, 0.50, 0.00
198.75, 49.00, 54.00, 0.25, 1.00
198.75, 56.00, 58.00, 0.25, 1.00
198.75, 60.00, 60.00, 0.25, 1.00
198.75, 66.00, 64.00, 0.25, 0.00
198.75, 75.00, 69.00, 0.25, 0.00
199.00, 49.00, 54.00, 1.00, 1.00
199.00, 56.00, 58.00, 1.00, 1.00
199.00, 60.00, 60.00, 1.00, 1.00
199.00, 66.00, 64.00, 1.00, 0.00
199.00, 75.00, 69.00, 1.00, 0.00
200.00, 49.00, 54.00, 1.00, 1.00
200.00, 56.00, 58.00, 1.00, 1.00
200.00, 61.00, 61.00, 1.00, 1.00
200.00, 65.00, 63.00, 1.00, 0.00
200.00, 73.00, 68.00, 1.00, 0.00
201.00, 49.00, 54.00, 0.50, 1.00
201.00, 56.00, 58.00, 0.50, 1.00
201.00, 65.00, 63.00, 0.50, 0.00
201.75, 49.00, 54.00, 0.25, 1.00
201.75, 56.00, 58.00, 0.25, 1.00
201.75, 61.00, 61.00, 0.25, 0.00
201.75, 65.00, 63.00, 0.25, 0.00
202.00, 49.00, 54.00, 1.00, 1.00
202.00, 56.00, 58.00, 1.00, 1.00
202.00, 61.00, 61.00, 1.00, 0.00
202.00, 65.00, 63.00, 1.00, 0.00
203.00, 42.00, 50.00, 1.00, 1.00
203.00, 58.00, 59.00, 1.00, 0.00
203.00, 66.00, 64.00, 1.00, 0.00
204.00, 44.00, 51.00, 0.50, 1.00
204.00, 54.00, 57.00, 0.50, 1.00
204.00, 60.00, 60.00, 0.50, 0.00
204.00, 63.00, 62.00, 0.50, 0.00
204.75, 44.00, 51.00, 0.25, 1.00
204.75, 53.00, 56.00, 0.25, 1.00
204.75, 60.00, 60.00, 0.25, 0.00
204.75, 62.00, 61.00, 0.25, 0.00
205.00, 44.00, 51.00, 1.00, 1.00
205.00, 54.00, 57.00, 1.00, 1.00
205.00, 60.00, 60.00, 1.00, 0.00
205.00, 63.00, 62.00, 1.00, 0.00
206.00, 44.00, 51.00, 1.00, 1.00
206.00, 50.00, 54.00, 1.00, 1.00
206.00, 60.00, 60.00, 1.00, 0.00
206.00, 65.00, 63.00, 1.00, 0.00
207.00, 44.00, 51.00, 0.50, 1.00
207.00, 51.00, 55.00, 0.50, 1.00
207.00, 60.00, 60.00, 0.50, 0.00
207.00, 66.00, 64.00, 0.50, 0.00
207.75, 44.00, 51.00, 0.25, 1.00
207.75, 50.00, 54.00, 0.25, 1.00
207.75, 60.00, 60.00, 0.25, 0.00
207.75, 65.00, 63.00, 0.25, 0.00
208.00, 44.00, 51.00, 1.00, 1.00
208.00, 51.00, 55.00, 1.00, 1.00
208.00, 60.00, 60.00, 1.00, 0.00
208.00, 66.00, 64.00, 1.00, 0.00
209.00, 44.00, 51.00, 1.50, 1.00
209.00, 52.00, 55.00, 1.00, 1.00
209.00, 58.00, 59.00, 1.00, 0.00
209.00, 67.00, 64.00, 1.00, 0.00
210.00, 37.00, 47.00, 0.50, 1.00
210.00, 52.00, 55.00, 0.50, 1.00
210.00, 58.00, 59.00, 0.50, 0.00
210.00, 61.00, 61.00, 0.50, 0.00
210.00, 70.00, 66.00, 0.50, 0.00
210.75, 49.00, 54.00, 0.25, 1.00
210.75, 55.00, 57.00, 0.25, 1.00
210.75, 64.00, 62.00, 0.25, 0.00
210.75, 70.00, 66.00, 0.25, 0.00
211.00, 49.00, 54.00, 1.00, 1.00
211.00, 55.00, 57.00, 1.00, 1.00
211.00, 64.00, 62.00, 1.00, 0.00
211.00, 70.00, 66.00, 1.00, 0.00
212.00, 49.00, 54.00, 1.00, 1.00
212.00, 56.00, 58.00, 1.00, 1.00
212.00, 65.00, 63.00, 1.00, 0.00
212.00, 68.00, 65.00, 1.00, 0.00
213.00, 49.00, 54.00, 0.50, 1.00
213.00, 56.00, 58.00, 0.50, 1.00
213.00, 61.00, 61.00, 0.50, 0.00
213.00, 65.00, 63.00, 0.50, 0.00
213.75, 49.00, 54.00, 0.25, 1.00
213.75, 56.00, 58.00, 0.25, 1.00
213.75, 61.00, 61.00, 0.25, 0.00
213.75, 65.00, 63.00, 0.25, 0.00
214.00, 49.00, 54.00, 1.00, 1.00
214.00, 56.00, 58.00, 1.00, 1.00
214.00, 61.00, 61.00, 1.00, 0.00
214.00, 65.00, 63.00, 1.00, 0.00
215.00, 42.00, 50.00, 1.00, 1.00
215.00, 58.00, 59.00, 1.00, 0.00
215.00, 66.00, 64.00, 1.00, 0.00
216.00, 44.00, 51.00, 0.50, 1.00
216.00, 54.00, 57.00, 0.50, 1.00
216.00, 60.00, 60.00, 0.50, 0.00
216.00, 63.00, 62.00, 0.50, 0.00
216.75, 44.00, 51.00, 0.25, 1.00
216.75, 53.00, 56.00, 0.25, 1.00
216.75, 60.00, 60.00, 0.25, 0.00
216.75, 62.00, 61.00, 0.25, 0.00
217.00, 44.00, 51.00, 1.00, 1.00
217.00, 54.00, 57.00, 1.00, 1.00
217.00, 60.00, 60.00, 1.00, 0.00
217.00, 63.00, 62.00, 1.00, 0.00
218.00, 44.00, 51.00, 1.00, 1.00
218.00, 50.00, 54.00, 1.00, 1.00
218.00, 60.00, 60.00, 1.50, 0.00
218.00, 65.00, 63.00, 1.00, 0.00
219.00, 44.00, 51.00, 0.50, 1.00
219.00, 51.00, 55.00, 0.50, 1.00
219.00, 66.00, 64.00, 0.50, 0.00
219.75, 44.00, 51.00, 0.25, 1.00
219.75, 53.00, 56.00, 0.25, 1.00
219.75, 60.00, 60.00, 0.25, 0.00
219.75, 68.00, 65.00, 0.25, 0.00
220.00, 44.00, 51.00, 1.00, 1.00
220.00, 54.00, 57.00, 1.00, 1.00
220.00, 60.00, 60.00, 1.00, 0.00
220.00, 70.00, 66.00, 1.00, 0.00
221.00, 44.00, 51.00, 1.00, 1.00
221.00, 51.00, 55.00, 1.00, 1.00
221.00, 60.00, 60.00, 1.00, 0.00
221.00, 66.00, 64.00, 1.00, 0.00
221.00, 72.00, 67.00, 1.00, 0.00
222.00, 49.00, 54.00, 0.50, 1.00
222.00, 56.00, 58.00, 0.50, 1.00
222.00, 60.00, 60.00, 0.50, 1.00
222.00, 66.00, 64.00, 0.50, 0.00
222.00, 75.00, 69.00, 0.50, 0.00
222.75, 49.00, 54.00, 0.25, 1.00
222.75, 56.00, 58.00, 0.25, 1.00
222.75, 60.00, 60.00, 0.25, 1.00
222.75, 66.00, 64.00, 0.25, 0.00
222.75, 75.00, 69.00, 0.25, 0.00
223.00, 49.00, 54.00, 1.00, 1.00
223.00, 56.00, 58.00, 1.00, 1.00
223.00, 60.00, 60.00, 1.00, 1.00
223.00, 66.00, 64.00, 1.00, 0.00
223.00, 75.00, 69.00, 1.00, 0.00
224.00, 49.00, 54.00, 1.00, 1.00
224.00, 56.00, 58.00, 1.00, 1.00
224.00, 61.00, 61.00, 1.00, 1.00
224.00, 65.00, 63.00, 1.00, 0.00
224.00, 73.00, 68.00, 1.50, 0.00
225.00, 46.00, 52.00, 0.50, 1.00
225.00, 53.00, 56.00, 0.50, 1.00
225.00, 61.00, 61.00, 0.50, 1.00
225.00, 65.00, 63.00, 0.50, 0.00
225.75, 46.00, 52.00, 0.25, 1.00
225.75, 53.00, 56.00, 0.25, 1.00
225.75, 61.00, 61.00, 0.25, 1.00
225.75, 65.00, 63.00, 0.25, 0.00
225.75, 73.00, 68.00, 0.25, 0.00
226.00, 46.00, 52.00, 1.00, 1.00
226.00, 53.00, 56.00, 1.00, 1.00
226.00, 61.00, 61.00, 1.00, 1.00
226.00, 65.00, 63.00, 1.00, 0.00
226.00, 73.00, 68.00, 1.00, 0.00
227.00, 46.00, 52.00, 1.00, 1.00
227.00, 53.00, 56.00, 1.00, 1.00
227.00, 61.00, 61.00, 1.00, 1.00
227.00, 65.00, 63.00, 1.00, 0.00
227.00, 75.00, 69.00, 1.00, 0.00
228.00, 46.00, 52.00, 0.50, 1.00
228.00, 53.00, 56.00, 0.50, 1.00
228.00, 57.00, 58.00, 0.50, 1.00
228.00, 63.00, 62.00, 0.50, 0.00
228.00, 72.00, 67.00, 0.50, 0.00
228.75, 46.00, 52.00, 0.25, 1.00
228.75, 53.00, 56.00, 0.25, 1.00
228.75, 57.00, 58.00, 0.25, 1.00
228.75, 63.00, 62.00, 0.25, 0.00
228.75, 71.00, 66.00, 0.25, 0.00
229.00, 46.00, 52.00, 1.00, 1.00
229.00, 53.00, 56.00, 1.00, 1.00
229.00, 57.00, 58.00, 1.00, 1.00
229.00, 63.00, 62.00, 1.00, 0.00
229.00, 72.00, 67.00, 1.00, 0.00
230.00, 46.00, 52.00, 1.00, 1.00
230.00, 53.00, 56.00, 1.00, 1.00
230.00, 57.00, 58.00, 1.00, 1.00
230.00, 63.00, 62.00, 1.00, 0.00
230.00, 65.00, 63.00, 1.00, 0.00
231.00, 46.00, 52.00, 0.50, 1.00
231.00, 53.00, 56.00, 0.50, 1.00
231.00, 58.00, 59.00, 0.50, 1.00
231.00, 61.00, 61.00, 0.50, 0.00
231.00, 70.00, 66.00, 0.50, 0.00
231.75, 46.00, 52.00, 0.25, 1.00
231.75, 53.00, 56.00, 0.25, 1.00
231.75, 61.00, 61.00, 0.25, 0.00
231.75, 70.00, 66.00, 0.25, 0.00
232.00, 46.00, 52.00, 1.00, 1.00
232.00, 53.00, 56.00, 1.00, 1.00
232.00, 61.00, 61.00, 1.00, 0.00
232.00, 70.00, 66.00, 1.00, 0.00
233.00, 46.00, 52.00, 1.00, 1.00
233.00, 53.00, 56.00, 1.00, 1.00
233.00, 61.00, 61.00, 1.00, 0.00
233.00, 72.00, 67.00, 1.00, 0.00
234.00, 41.00, 49.00, 0.50, 1.00
234.00, 53.00, 56.00, 0.50, 1.00
234.00, 60.00, 60.00, 0.50, 0.00
234.00, 68.00, 65.00, 0.50, 0.00
234.75, 41.00, 49.00, 0.25, 1.00
234.75, 53.00, 56.00, 0.25, 1.00
234.75, 58.00, 59.00, 0.25, 0.00
234.75, 67.00, 64.00, 0.25, 0.00
235.00, 41.00, 49.00, 1.00, 1.00
235.00, 53.00, 56.00, 1.00, 1.00
235.00, 60.00, 60.00, 1.00, 0.00
235.00, 68.00, 65.00, 1.00, 0.00
236.00, 41.00, 49.00, 1.00, 1.00
236.00, 53.00, 56.00, 1.00, 1.00
236.00, 57.00, 58.00, 1.00, 0.00
236.00, 63.00, 62.00, 1.00, 0.00
236.00, 65.00, 63.00, 1.00, 0.00
237.00, 46.00, 52.00, 0.50, 1.00
237.00, 53.00, 56.00, 0.50, 1.00
237.00, 58.00, 59.00, 0.50, 1.00
237.00, 61.00, 61.00, 0.50, 0.00
237.00, 65.00, 63.00, 0.50, 0.00
237.00, 73.00, 68.00, 0.50, 0.00
237.75, 46.00, 52.00, 0.25, 1.00
237.75, 53.00, 56.00, 0.25, 1.00
237.75, 61.00, 61.00, 0.25, 1.00
237.75, 65.00, 63.00, 0.25, 0.00
237.75, 73.00, 68.00, 0.25, 0.00
238.00, 46.00, 52.00, 1.00, 1.00
238.00, 53.00, 56.00, 1.00, 1.00
238.00, 61.00, 61.00, 1.00, 1.00
238.00, 65.00, 63.00, 1.00, 0.00
238.00, 73.00, 68.00, 1.00, 0.00
239.00, 46.00, 52.00, 1.00, 1.00
239.00, 53.00, 56.00, 1.00, 1.00
239.00, 61.00, 61.00, 1.00, 1.00
239.00, 65.00, 63.00, 1.00, 0.00
239.00, 75.00, 69.00, 1.00, 0.00
240.00, 46.00, 52.00, 0.50, 1.00
240.00, 53.00, 56.00, 0.50, 1.00
240.00, 57.00, 58.00, 0.50, 1.00
240.00, 63.00, 62.00, 0.50, 0.00
240.00, 72.00, 67.00, 0.50, 0.00
240.75, 46.00, 52.00, 0.25, 1.00
240.75, 53.00, 56.00, 0.25, 1.00
240.75, 57.00, 58.00, 0.25, 1.00
240.75, 63.00, 62.00, 0.25, 0.00
240.75, 71.00, 66.00, 0.25, 0.00
241.00, 46.00, 52.00, 1.00, 1.00
241.00, 53.00, 56.00, 1.00, 1.00
241.00, 57.00, 58.00, 1.00, 1.00
241.00, 63.00, 62.00, 1.00, 0.00
241.00, 72.00, 67.00, 1.00, 0.00
242.00, 46.00, 52.00, 1.00, 1.00
242.00, 53.00, 56.00, 1.00, 1.00
242.00, 57.00, 58.00, 1.00, 1.00
242.00, 63.00, 62.00, 1.00, 0.00
242.00, 65.00, 63.00, 1.00, 0.00
243.00, 46.00, 52.00, 0.50, 1.00
243.00, 53.00, 56.00, 0.50, 1.00
243.00, 58.00, 59.00, 0.50, 1.00
243.00, 61.00, 61.00, 0.50, 0.00
243.00, 70.00, 66.00, 0.50, 0.00
243.75, 39.00, 48.00, 0.25, 1.00
243.75, 54.00, 57.00, 0.25, 1.00
243.75, 61.00, 61.00, 0.25, 0.00
243.75, 70.00, 66.00, 0.25, 0.00
244.00, 39.00, 48.00, 1.00, 1.00
244.00, 54.00, 57.00, 1.00, 1.00
244.00, 61.00, 61.00, 1.00, 0.00
244.00, 70.00, 66.00, 1.00, 0.00
245.00, 39.00, 48.00, 1.00, 1.00
245.00, 54.00, 57.00, 1.50, 1.00
245.00, 61.00, 61.00, 1.00, 0.00
245.00, 72.00, 67.00, 1.00, 0.00
246.00, 44.00, 51.00, 0.50, 1.00
246.00, 60.00, 60.00, 0.50, 0.00
246.00, 68.00, 65.00, 0.50, 0.00
246.75, 44.00, 51.00, 0.25, 1.00
246.75, 54.00, 57.00, 0.25, 1.00
246.75, 60.00, 60.00, 0.25, 0.00
246.75, 67.00, 64.00, 0.25, 0.00
247.00, 44.00, 51.00, 1.00, 1.00
247.00, 54.00, 57.00, 1.00, 1.00
247.00, 60.00, 60.00, 1.00, 0.00
247.00, 68.00, 65.00, 1.00, 0.00
248.00, 44.00, 51.00, 1.00, 1.00
248.00, 54.00, 57.00, 1.00, 1.00
248.00, 60.00, 60.00, 1.00, 0.00
248.00, 63.00, 62.00, 1.00, 0.00
249.00, 37.00, 47.00, 0.50, 1.00
249.00, 53.00, 56.00, 0.50, 0.00
249.00, 61.00, 61.00, 0.50, 0.00
249.00, 65.00, 63.00, 0.50, 0.00
249.75, 49.00, 54.00, 0.25, 1.00
249.75, 56.00, 58.00, 0.25, 1.00
249.75, 61.00, 61.00, 0.25, 0.00
249.75, 65.00, 63.00, 0.25, 0.00
250.00, 49.00, 54.00, 1.00, 1.00
250.00, 56.00, 58.00, 1.00, 1.00
250.00, 61.00, 61.00, 1.00, 0.00
250.00, 65.00, 63.00, 1.00, 0.00
251.00, 42.00, 50.00, 1.00, 1.00
251.00, 58.00, 59.00, 1.00, 0.00
251.00, 66.00, 64.00, 1.00, 0.00
252.00, 44.00, 51.00, 0.50, 1.00
252.00, 54.00, 57.00, 0.50, 1.00
252.00, 60.00, 60.00, 0.50, 0.00
252.00, 63.00, 62.00, 0.50, 0.00
252.75, 44.00, 51.00, 0.25, 1.00
252.75, 53.00, 56.00, 0.25, 1.00
252.75, 60.00, 60.00, 0.25, 0.00
252.75, 62.00, 61.00, 0.25, 0.00
253.00, 44.00, 51.00, 1.00, 1.00
253.00, 54.00, 57.00, 1.00, 1.00
253.00, 60.00, 60.00, 1.00, 0.00
253.00, 63.00, 62.00, 1.00, 0.00
254.00, 44.00, 51.00, 1.00, 1.00
254.00, 50.00, 54.00, 1.00, 1.00
254.00, 60.00, 60.00, 1.00, 0.00
254.00, 65.00, 63.00, 1.00, 0.00
255.00, 44.00, 51.00, 0.50, 1.00
255.00, 51.00, 55.00, 0.50, 1.00
255.00, 60.00, 60.00, 0.50, 0.00
255.00, 66.00, 64.00, 0.50, 0.00
255.75, 44.00, 51.00, 0.25, 1.00
255.75, 50.00, 54.00, 0.25, 1.00
255.75, 60.00, 60.00, 0.25, 0.00
255.75, 65.00, 63.00, 0.25, 0.00
256.00, 44.00, 51.00, 1.00, 1.00
256.00, 51.00, 55.00, 1.00, 1.00
256.00, 60.00, 60.00, 1.00, 0.00
256.00, 66.00, 64.00, 1.00, 0.00
257.00, 44.00, 51.00, 1.50, 1.00
257.00, 52.00, 55.00, 1.00, 1.00
257.00, 58.00, 59.00, 1.00, 0.00
257.00, 67.00, 64.00, 1.00, 0.00
258.00, 37.00, 47.00, 0.50, 1.00
258.00, 52.00, 55.00, 0.50, 1.00
258.00, 58.00, 59.00, 0.50, 0.00
258.00, 61.00, 61.00, 0.50, 0.00
258.00, 70.00, 66.00, 0.50, 0.00
258.75, 49.00, 54.00, 0.25, 1.00
258.75, 55.00, 57.00, 0.25, 1.00
258.75, 64.00, 62.00, 0.25, 0.00
258.75, 70.00, 66.00, 0.25, 0.00
259.00, 49.00, 54.00, 1.00, 1.00
259.00, 55.00, 57.00, 1.00, 1.00
259.00, 64.00, 62.00, 1.00, 0.00
259.00, 70.00, 66.00, 1.00, 0.00
260.00, 49.00, 54.00, 1.00, 1.00
260.00, 56.00, 58.00, 1.00, 1.00
260.00, 65.00, 63.00, 1.00, 0.00
260.00, 68.00, 65.00, 1.00, 0.00
261.00, 49.00, 54.00, 0.50, 1.00
261.00, 56.00, 58.00, 0.50, 1.00
261.00, 61.00, 61.00, 0.50, 0.00
261.00, 65.00, 63.00, 0.50, 0.00
261.75, 49.00, 54.00, 0.25, 1.00
261.75, 56.00, 58.00, 0.25, 1.00
261.75, 61.00, 61.00, 0.25, 0.00
261.75, 65.00, 63.00, 0.25, 0.00
262.00, 49.00, 54.00, 1.00, 1.00
262.00, 56.00, 58.00, 1.00, 1.00
262.00, 61.00, 61.00, 1.00, 0.00
262.00, 65.00, 63.00, 1.00, 0.00
263.00, 42.00, 50.00, 1.00, 1.00
263.00, 58.00, 59.00, 1.00, 0.00
263.00, 66.00, 64.00, 1.00, 0.00
264.00, 44.00, 51.00, 0.50, 1.00
264.00, 54.00, 57.00, 0.50, 1.00
264.00, 60.00, 60.00, 0.50, 0.00
264.00, 63.00, 62.00, 0.50, 0.00
264.75, 44.00, 51.00, 0.25, 1.00
264.75, 53.00, 56.00, 0.25, 1.00
264.75, 60.00, 60.00, 0.25, 0.00
264.75, 62.00, 61.00, 0.25, 0.00
265.00, 44.00, 51.00, 1.00, 1.00
265.00, 54.00, 57.00, 1.00, 1.00
265.00, 60.00, 60.00, 1.00, 0.00
265.00, 63.00, 62.00, 1.00, 0.00
266.00, 44.00, 51.00, 1.00, 1.00
266.00, 50.00, 54.00, 1.00, 1.00
266.00, 60.00, 60.00, 1.00, 0.00
266.00, 65.00, 63.00, 1.00, 0.00
267.00, 44.00, 51.00, 0.50, 1.00
267.00, 51.00, 55.00, 0.50, 1.00
267.00, 60.00, 60.00, 0.50, 0.00
267.00, 66.00, 64.00, 0.50, 0.00
267.75, 44.00, 51.00, 0.25, 1.00
267.75, 53.00, 56.00, 0.25, 1.00
267.75, 60.00, 60.00, 0.25, 0.00
267.75, 68.00, 65.00, 0.25, 0.00
268.00, 44.00, 51.00, 1.00, 1.00
268.00, 54.00, 57.00, 1.00, 1.00
268.00, 60.00, 60.00, 1.00, 0.00
268.00, 70.00, 66.00, 1.00, 0.00
269.00, 44.00, 51.00, 1.00, 1.00
269.00, 51.00, 55.00, 1.00, 1.00
269.00, 60.00, 60.00, 1.00, 0.00
269.00, 66.00, 64.00, 1.00, 0.00
269.00, 72.00, 67.00, 1.00, 0.00
270.00, 49.00, 54.00, 0.50, 1.00
270.00, 56.00, 58.00, 0.50, 1.00
270.00, 60.00, 60.00, 0.50, 1.00
270.00, 66.00, 64.00, 0.50, 0.00
270.00, 75.00, 69.00, 0.50, 0.00
270.75, 49.00, 54.00, 0.25, 1.00
270.75, 56.00, 58.00, 0.25, 1.00
270.75, 60.00, 60.00, 0.25, 1.00
270.75, 66.00, 64.00, 0.25, 0.00
270.75, 75.00, 69.00, 0.25, 0.00
271.00, 49.00, 54.00, 1.00, 1.00
271.00, 56.00, 58.00, 1.00, 1.00
271.00, 60.00, 60.00, 1.00, 1.00
271.00, 66.00, 64.00, 1.00, 0.00
271.00, 75.00, 69.00, 1.00, 0.00
272.00, 49.00, 54.00, 1.00, 1.00
272.00, 56.00, 58.00, 1.00, 1.00
272.00, 61.00, 61.00, 1.00, 1.00
272.00, 65.00, 63.00, 1.00, 0.00
272.00, 73.00, 68.00, 1.00, 0.00
273.00, 46.00, 52.00, 0.50, 1.00
273.00, 53.00, 56.00, 0.50, 1.00
273.00, 61.00, 61.00, 0.50, 1.00
273.00, 65.00, 63.00, 0.50, 0.00
273.75, 46.00, 52.00, 0.25, 1.00
273.75, 53.00, 56.00, 0.25, 1.00
273.75, 61.00, 61.00, 0.25, 1.00
273.75, 65.00, 63.00, 0.25, 0.00
273.75, 73.00, 68.00, 0.25, 0.00
274.00, 46.00, 52.00, 1.00, 1.00
274.00, 53.00, 56.00, 1.00, 1.00
274.00, 61.00, 61.00, 1.00, 1.00
274.00, 65.00, 63.00, 1.00, 0.00
274.00, 73.00, 68.00, 1.00, 0.00
275.00, 46.00, 52.00, 1.00, 1.00
275.00, 53.00, 56.00, 1.00, 1.00
275.00, 61.00, 61.00, 1.00, 1.00
275.00, 65.00, 63.00, 1.00, 0.00
275.00, 75.00, 69.00, 1.00, 0.00
276.00, 46.00, 52.00, 0.50, 1.00
276.00, 53.00, 56.00, 0.50, 1.00
276.00, 57.00, 58.00, 0.50, 1.00
276.00, 63.00, 62.00, 0.50, 0.00
276.00, 72.00, 67.00, 0.50, 0.00
276.75, 46.00, 52.00, 0.25, 1.00
276.75, 53.00, 56.00, 0.25, 1.00
276.75, 57.00, 58.00, 0.25, 1.00
276.75, 63.00, 62.00, 0.25, 0.00
276.75, 71.00, 66.00, 0.25, 0.00
277.00, 46.00, 52.00, 1.00, 1.00
277.00, 53.00, 56.00, 1.00, 1.00
277.00, 57.00, 58.00, 1.00, 1.00
277.00, 63.00, 62.00, 1.00, 0.00
277.00, 72.00, 67.00, 1.00, 0.00
278.00, 46.00, 52.00, 1.00, 1.00
278.00, 53.00, 56.00, 1.00, 1.00
278.00, 57.00, 58.00, 1.00, 1.00
278.00, 63.00, 62.00, 1.00, 0.00
278.00, 65.00, 63.00, 1.00, 0.00
279.00, 46.00, 52.00, 0.50, 1.00
279.00, 53.00, 56.00, 0.50, 1.00
279.00, 58.00, 59.00, 0.50, 1.00
279.00, 61.00, 61.00, 0.50, 0.00
279.00, 70.00, 66.00, 0.50, 0.00
279.75, 46.00, 52.00, 0.25, 1.00
279.75, 53.00, 56.00, 0.25, 1.00
279.75, 61.00, 61.00, 0.25, 0.00
279.75, 70.00, 66.00, 0.25, 0.00
280.00, 46.00, 52.00, 1.00, 1.00
280.00, 53.00, 56.00, 1.00, 1.00
280.00, 61.00, 61.00, 1.00, 0.00
280.00, 70.00, 66.00, 1.00, 0.00
281.00, 46.00, 52.00, 1.00, 1.00
281.00, 53.00, 56.00, 1.00, 1.00
281.00, 61.00, 61.00, 1.00, 0.00
281.00, 72.00, 67.00, 1.00, 0.00
282.00, 41.00, 49.00, 0.50, 1.00
282.00, 53.00, 56.00, 0.50, 1.00
282.00, 60.00, 60.00, 0.50, 0.00
282.00, 68.00, 65.00, 0.50, 0.00
282.75, 41.00, 49.00, 0.25, 1.00
282.75, 53.00, 56.00, 0.25, 1.00
282.75, 58.00, 59.00, 0.25, 0.00
282.75, 67.00, 64.00, 0.25, 0.00
283.00, 41.00, 49.00, 1.00, 1.00
283.00, 53.00, 56.00, 1.00, 1.00
283.00, 60.00, 60.00, 1.00, 0.00
283.00, 68.00, 65.00, 1.00, 0.00
284.00, 41.00, 49.00, 1.00, 1.00
284.00, 53.00, 56.00, 1.00, 1.00
284.00, 57.00, 58.00, 1.00, 0.00
284.00, 63.00, 62.00, 1.00, 0.00
284.00, 65.00, 63.00, 1.00, 0.00
285.00, 46.00, 52.00, 0.50, 1.00
285.00, 53.00, 56.00, 0.50, 1.00
285.00, 58.00, 59.00, 0.50, 1.00
285.00, 61.00, 61.00, 0.50, 0.00
285.00, 65.00, 63.00, 0.50, 0.00
285.00, 73.00, 68.00, 0.50, 0.00
285.75, 46.00, 52.00, 0.25, 1.00
285.75, 53.00, 56.00, 0.25, 1.00
285.75, 61.00, 61.00, 0.25, 1.00
285.75, 65.00, 63.00, 0.25, 0.00
285.75, 73.00, 68.00, 0.25, 0.00
286.00, 46.00, 52.00, 1.00, 1.00
286.00, 53.00, 56.00, 1.00, 1.00
286.00, 61.00, 61.00, 1.00, 1.00
286.00, 65.00, 63.00, 1.00, 0.00
286.00, 73.00, 68.00, 1.00, 0.00
287.00, 46.00, 52.00, 1.00, 1.00
287.00, 53.00, 56.00, 1.00, 1.00
287.00, 61.00, 61.00, 1.00, 1.00
287.00, 65.00, 63.00, 1.00, 0.00
287.00, 75.00, 69.00, 1.00, 0.00
288.00, 46.00, 52.00, 0.50, 1.00
288.00, 53.00, 56.00, 0.50, 1.00
288.00, 57.00, 58.00, 0.50, 1.00
288.00, 63.00, 62.00, 0.50, 0.00
288.00, 72.00, 67.00, 0.50, 0.00
288.75, 46.00, 52.00, 0.25, 1.00
288.75, 53.00, 56.00, 0.25, 1.00
288.75, 57.00, 58.00, 0.25, 1.00
288.75, 63.00, 62.00, 0.25, 0.00
288.75, 71.00, 66.00, 0.25, 0.00
289.00, 46.00, 52.00, 1.00, 1.00
289.00, 53.00, 56.00, 1.00, 1.00
289.00, 57.00, 58.00, 1.00, 1.00
289.00, 63.00, 62.00, 1.00, 0.00
289.00, 72.00, 67.00, 1.00, 0.00
290.00, 46.00, 52.00, 1.00, 1.00
290.00, 53.00, 56.00, 1.00, 1.00
290.00, 57.00, 58.00, 1.00, 1.00
290.00, 63.00, 62.00, 1.00, 0.00
290.00, 65.00, 63.00, 1.00, 0.00
291.00, 46.00, 52.00, 0.50, 1.00
291.00, 53.00, 56.00, 0.50, 1.00
291.00, 58.00, 59.00, 0.50, 1.00
291.00, 61.00, 61.00, 0.50, 0.00
291.00, 70.00, 66.00, 0.50, 0.00
291.75, 39.00, 48.00, 0.25, 1.00
291.75, 54.00, 57.00, 0.25, 1.00
291.75, 61.00, 61.00, 0.25, 0.00
291.75, 70.00, 66.00, 0.25, 0.00
292.00, 39.00, 48.00, 1.00, 1.00
292.00, 54.00, 57.00, 1.00, 1.00
292.00, 61.00, 61.00, 1.00, 0.00
292.00, 70.00, 66.00, 1.00, 0.00
293.00, 39.00, 48.00, 1.00, 1.00
293.00, 54.00, 57.00, 1.50, 1.00
293.00, 61.00, 61.00, 1.00, 0.00
293.00, 72.00, 67.00, 1.00, 0.00
294.00, 44.00, 51.00, 0.50, 1.00
294.00, 60.00, 60.00, 0.50, 0.00
294.00, 68.00, 65.00, 0.50, 0.00
294.75, 44.00, 51.00, 0.25, 1.00
294.75, 54.00, 57.00, 0.25, 1.00
294.75, 60.00, 60.00, 0.25, 0.00
294.75, 67.00, 64.00, 0.25, 0.00
295.00, 44.00, 51.00, 1.00, 1.00
295.00, 54.00, 57.00, 1.00, 1.00
295.00, 60.00, 60.00, 1.00, 0.00
295.00, 68.00, 65.00, 1.00, 0.00
296.00, 44.00, 51.00, 1.00, 1.00
296.00, 54.00, 57.00, 1.00, 1.00
296.00, 60.00, 60.00, 1.00, 0.00
296.00, 63.00, 62.00, 1.00, 0.00
297.00, 37.00, 47.00, 0.50, 1.00
297.00, 53.00, 56.00, 0.50, 0.00
297.00, 61.00, 61.00, 0.50, 0.00
297.00, 65.00, 63.00, 0.50, 0.00
297.75, 49.00, 54.00, 0.25, 1.00
297.75, 56.00, 58.00, 0.25, 1.00
297.75, 61.00, 61.00, 0.25, 0.00
297.75, 65.00, 63.00, 0.25, 0.00
298.00, 49.00, 54.00, 1.00, 1.00
298.00, 56.00, 58.00, 1.00, 1.00
298.00, 61.00, 61.00, 1.00, 0.00
298.00, 65.00, 63.00, 1.00, 0.00
299.00, 42.00, 50.00, 1.00, 1.00
299.00, 58.00, 59.00, 1.00, 0.00
299.00, 66.00, 64.00, 1.00, 0.00
300.00, 44.00, 51.00, 0.50, 1.00
300.00, 54.00, 57.00, 0.50, 1.00
300.00, 60.00, 60.00, 0.50, 0.00
300.00, 63.00, 62.00, 0.50, 0.00
300.75, 44.00, 51.00, 0.25, 1.00
300.75, 53.00, 56.00, 0.25, 1.00
300.75, 60.00, 60.00, 0.25, 0.00
300.75, 62.00, 61.00, 0.25, 0.00
301.00, 44.00, 51.00, 1.00, 1.00
301.00, 54.00, 57.00, 1.00, 1.00
301.00, 60.00, 60.00, 1.00, 0.00
301.00, 63.00, 62.00, 1.00, 0.00
302.00, 44.00, 51.00, 1.00, 1.00
302.00, 50.00, 54.00, 1.00, 1.00
302.00, 60.00, 60.00, 1.00, 0.00
302.00, 65.00, 63.00, 1.00, 0.00
303.00, 44.00, 51.00, 0.50, 1.00
303.00, 51.00, 55.00, 0.50, 1.00
303.00, 60.00, 60.00, 0.50, 0.00
303.00, 66.00, 64.00, 0.50, 0.00
303.75, 44.00, 51.00, 0.25, 1.00
303.75, 50.00, 54.00, 0.25, 1.00
303.75, 60.00, 60.00, 0.25, 0.00
303.75, 65.00, 63.00, 0.25, 0.00
304.00, 44.00, 51.00, 1.00, 1.00
304.00, 51.00, 55.00, 1.00, 1.00
304.00, 60.00, 60.00, 1.00, 0.00
304.00, 66.00, 64.00, 1.00, 0.00
305.00, 44.00, 51.00, 1.50, 1.00
305.00, 52.00, 55.00, 1.00, 1.00
305.00, 58.00, 59.00, 1.00, 0.00
305.00, 67.00, 64.00, 1.00, 0.00
306.00, 37.00, 47.00, 0.50, 1.00
306.00, 52.00, 55.00, 0.50, 1.00
306.00, 58.00, 59.00, 0.50, 0.00
306.00, 61.00, 61.00, 0.50, 0.00
306.00, 70.00, 66.00, 0.50, 0.00
306.75, 49.00, 54.00, 0.25, 1.00
306.75, 55.00, 57.00, 0.25, 1.00
306.75, 64.00, 62.00, 0.25, 0.00
306.75, 70.00, 66.00, 0.25, 0.00
307.00, 49.00, 54.00, 1.00, 1.00
307.00, 55.00, 57.00, 1.00, 1.00
307.00, 64.00, 62.00, 1.00, 0.00
307.00, 70.00, 66.00, 1.00, 0.00
308.00, 49.00, 54.00, 1.00, 1.00
308.00, 56.00, 58.00, 1.00, 1.00
308.00, 65.00, 63.00, 1.00, 0.00
308.00, 68.00, 65.00, 1.00, 0.00
309.00, 49.00, 54.00, 0.50, 1.00
309.00, 56.00, 58.00, 0.50, 1.00
309.00, 61.00, 61.00, 0.50, 0.00
309.00, 65.00, 63.00, 0.50, 0.00
309.75, 49.00, 54.00, 0.25, 1.00
309.75, 56.00, 58.00, 0.25, 1.00
309.75, 61.00, 61.00, 0.25, 0.00
309.75, 65.00, 63.00, 0.25, 0.00
310.00, 49.00, 54.00, 1.00, 1.00
310.00, 56.00, 58.00, 1.00, 1.00
310.00, 61.00, 61.00, 1.00, 0.00
310.00, 65.00, 63.00, 1.00, 0.00
311.00, 42.00, 50.00, 1.00, 1.00
311.00, 58.00, 59.00, 1.00, 0.00
311.00, 66.00, 64.00, 1.00, 0.00
312.00, 44.00, 51.00, 0.50, 1.00
312.00, 54.00, 57.00, 0.50, 1.00
312.00, 60.00, 60.00, 0.50, 0.00
312.00, 63.00, 62.00, 0.50, 0.00
312.75, 44.00, 51.00, 0.25, 1.00
312.75, 53.00, 56.00, 0.25, 1.00
312.75, 60.00, 60.00, 0.25, 0.00
312.75, 62.00, 61.00, 0.25, 0.00
313.00, 44.00, 51.00, 1.00, 1.00
313.00, 54.00, 57.00, 1.00, 1.00
313.00, 60.00, 60.00, 1.00, 0.00
313.00, 63.00, 62.00, 1.00, 0.00
314.00, 44.00, 51.00, 1.00, 1.00
314.00, 50.00, 54.00, 1.00, 1.00
314.00, 60.00, 60.00, 1.00, 0.00
314.00, 65.00, 63.00, 1.00, 0.00
315.00, 44.00, 51.00, 0.50, 1.00
315.00, 51.00, 55.00, 0.50, 1.00
315.00, 60.00, 60.00, 0.50, 0.00
315.00, 66.00, 64.00, 0.50, 0.00
315.75, 44.00, 51.00, 0.25, 1.00
315.75, 53.00, 56.00, 0.25, 1.00
315.75, 60.00, 60.00, 0.25, 0.00
315.75, 68.00, 65.00, 0.25, 0.00
316.00, 44.00, 51.00, 1.00, 1.00
316.00, 54.00, 57.00, 1.00, 1.00
316.00, 60.00, 60.00, 1.00, 0.00
316.00, 70.00, 66.00, 1.00, 0.00
317.00, 44.00, 51.00, 1.00, 1.00
317.00, 51.00, 55.00, 1.00, 1.00
317.00, 60.00, 60.00, 1.00, 0.00
317.00, 66.00, 64.00, 1.00, 0.00
317.00, 72.00, 67.00, 1.00, 0.00
318.00, 49.00, 54.00, 0.50, 1.00
318.00, 56.00, 58.00, 0.50, 1.00
318.00, 60.00, 60.00, 0.50, 1.00
318.00, 66.00, 64.00, 0.50, 0.00
318.00, 75.00, 69.00, 0.50, 0.00
318.75, 49.00, 54.00, 0.25, 1.00
318.75, 56.00, 58.00, 0.25, 1.00
318.75, 60.00, 60.00, 0.25, 1.00
318.75, 66.00, 64.00, 0.25, 0.00
318.75, 75.00, 69.00, 0.25, 0.00
319.00, 49.00, 54.00, 1.00, 1.00
319.00, 56.00, 58.00, 1.00, 1.00
319.00, 60.00, 60.00, 1.00, 1.00
319.00, 66.00, 64.00, 1.00, 0.00
319.00, 75.00, 69.00, 1.00, 0.00
320.00, 49.00, 54.00, 1.00, 1.00
320.00, 56.00, 58.00, 1.00, 1.00
320.00, 61.00, 61.00, 1.00, 1.00
320.00, 65.00, 63.00, 1.00, 0.00
320.00, 73.00, 68.00, 1.00, 0.00
321.00, 44.00, 51.00, 1.00, 1.00
321.00, 72.00, 67.00, 0.50, 0.00
321.50, 73.00, 68.00, 0.50, 0.00
322.00, 51.00, 55.00, 1.00, 1.00
322.00, 60.00, 60.00, 1.00, 1.00
322.00, 68.00, 65.00, 1.00, 1.00
322.00, 75.00, 69.00, 1.50, 0.00
323.50, 77.00, 70.00, 0.50, 0.00
324.00, 39.00, 48.00, 1.00, 1.00
324.00, 75.00, 69.00, 0.50, 0.00
324.50, 74.00, 68.00, 0.50, 0.00
325.00, 61.00, 61.00, 1.00, 1.00
325.00, 67.00, 64.00, 1.00, 1.00
325.00, 73.00, 68.00, 1.50, 0.00
326.00, 61.00, 61.00, 1.00, 1.00
326.00, 67.00, 64.00, 1.00, 1.00
326.50, 72.00, 67.00, 0.50, 0.00
327.00, 51.00, 55.00, 1.00, 1.00
327.00, 70.00, 66.00, 0.50, 0.00
327.50, 69.00, 65.00, 0.50, 0.00
328.00, 61.00, 61.00, 1.00, 1.00
328.00, 63.00, 62.00, 1.00, 1.00
328.00, 70.00, 66.00, 0.50, 0.00
328.50, 72.00, 67.00, 0.50, 0.00
329.00, 61.00, 61.00, 1.00, 1.00
329.00, 63.00, 62.00, 1.00, 1.00
329.00, 67.00, 64.00, 1.00, 0.00
330.00, 44.00, 51.00, 1.00, 1.00
330.00, 68.00, 65.00, 0.50, 0.00
330.75, 67.00, 64.00, 0.25, 0.00
331.00, 51.00, 55.00, 1.00, 1.00
331.00, 60.00, 60.00, 1.00, 1.00
331.00, 68.00, 65.00, 1.00, 0.00
332.00, 60.00, 60.00, 1.00, 0.00
333.00, 41.00, 49.00, 1.00, 1.00
333.00, 68.00, 65.00, 0.50, 0.00
333.50, 70.00, 66.00, 0.50, 0.00
334.00, 56.00, 58.00, 1.00, 1.00
334.00, 65.00, 63.00, 1.00, 1.00
334.00, 72.00, 67.00, 1.50, 0.00
335.00, 56.00, 58.00, 1.00, 1.00
335.00, 60.00, 60.00, 1.00, 1.00
335.00, 65.00, 63.00, 1.00, 1.00
335.50, 73.00, 68.00, 0.50, 0.00
336.00, 48.00, 53.00, 1.00, 1.00
336.00, 72.00, 67.00, 0.50, 0.00
336.50, 71.00, 66.00, 0.50, 0.00
337.00, 58.00, 59.00, 1.00, 1.00
337.00, 64.00, 62.00, 1.00, 1.00
337.00, 70.00, 66.00, 1.50, 0.00
338.00, 58.00, 59.00, 1.00, 1.00
338.00, 64.00, 62.00, 1.00, 1.00
338.50, 68.00, 65.00, 0.50, 0.00
339.00, 48.00, 53.00, 1.00, 1.00
339.00, 67.00, 64.00, 0.50, 0.00
339.50, 65.00, 63.00, 0.50, 0.00
340.00, 58.00, 59.00, 1.00, 1.00
340.00, 60.00, 60.00, 1.00, 1.00
340.00, 67.00, 64.00, 0.50, 0.00
340.50, 68.00, 65.00, 0.50, 0.00
341.00, 58.00, 59.00, 1.00, 1.00
341.00, 60.00, 60.00, 1.00, 1.00
341.00, 64.00, 62.00, 1.00, 0.00
342.00, 41.00, 49.00, 1.00, 1.00
342.00, 65.00, 63.00, 2.00, 0.00
342.75, 77.00, 70.00, 0.25, 0.00
343.00, 49.00, 54.00, 1.00, 1.00
343.00, 56.00, 58.00, 1.00, 1.00
343.00, 61.00, 61.00, 1.00, 1.00
343.00, 75.00, 69.00, 1.50, 0.00
344.00, 43.00, 50.00, 1.00, 1.00
344.00, 51.00, 55.00, 2.00, 1.00
344.00, 63.00, 62.00, 1.00, 0.00
344.50, 73.00, 68.00, 0.50, 0.00
345.00, 44.00, 51.00, 1.00, 1.00
345.00, 72.00, 67.00, 0.50, 0.00
345.50, 73.00, 68.00, 0.50, 0.00
346.00, 60.00, 60.00, 1.00, 1.00
346.00, 68.00, 65.00, 1.00, 1.00
346.00, 75.00, 69.00, 1.00, 0.00
347.00, 79.00, 71.00, 0.50, 0.00
347.50, 77.00, 70.00, 0.50, 0.00
348.00, 39.00, 48.00, 1.00, 1.00
348.00, 75.00, 69.00, 0.50, 0.00
348.50, 74.00, 68.00, 0.50, 0.00
349.00, 61.00, 61.00, 1.00, 1.00
349.00, 67.00, 64.00, 1.00, 1.00
349.00, 73.00, 68.00, 1.50, 0.00
350.00, 61.00, 61.00, 2.00, 1.00
350.00, 67.00, 64.00, 1.00, 1.00
350.50, 72.00, 67.00, 0.50, 0.00
351.00, 51.00, 55.00, 2.00, 1.00
351.00, 70.00, 66.00, 0.50, 0.00
351.50, 69.00, 65.00, 0.50, 0.00
352.00, 61.00, 61.00, 2.00, 1.00
352.00, 70.00, 66.00, 0.50, 0.00
352.50, 72.00, 67.00, 0.50, 0.00
353.00, 52.00, 55.00, 1.00, 1.00
353.00, 67.00, 64.00, 1.00, 0.00
354.00, 53.00, 56.00, 3.00, 1.00
354.00, 68.00, 65.00, 0.50, 0.00
354.75, 67.00, 64.00, 0.25, 0.00
355.00, 56.00, 58.00, 1.00, 1.00
355.00, 60.00, 60.00, 1.00, 1.00
355.00, 68.00, 65.00, 1.00, 0.00
356.00, 56.00, 58.00, 1.00, 1.00
356.00, 60.00, 60.00, 1.00, 1.00
356.00, 64.00, 62.00, 1.00, 0.00
357.00, 49.00, 54.00, 1.00, 1.00
357.00, 65.00, 63.00, 0.75, 0.00
357.75, 67.00, 64.00, 0.25, 0.00
358.00, 55.00, 57.00, 1.00, 1.00
358.00, 58.00, 59.00, 1.00, 1.00
358.00, 65.00, 63.00, 1.00, 1.00
358.00, 68.00, 65.00, 1.00, 0.00
359.00, 55.00, 57.00, 1.00, 1.00
359.00, 58.00, 59.00, 1.00, 1.00
359.00, 65.00, 63.00, 1.00, 1.00
359.00, 70.00, 66.00, 1.00, 0.00
360.00, 48.00, 53.00, 1.00, 1.00
360.00, 72.00, 67.00, 0.75, 0.00
360.75, 73.00, 68.00, 0.25, 0.00
361.00, 58.00, 59.00, 1.00, 1.00
361.00, 64.00, 62.00, 1.00, 1.00
361.00, 72.00, 67.00, 1.50, 0.00
362.00, 58.00, 59.00, 1.00, 1.00
362.00, 64.00, 62.00, 1.00, 1.00
362.50, 67.00, 64.00, 0.50, 0.00
363.00, 49.00, 54.00, 1.00, 1.00
363.00, 65.00, 63.00, 0.50, 0.00
363.50, 64.00, 62.00, 0.50, 0.00
364.00, 55.00, 57.00, 1.00, 1.00
364.00, 58.00, 59.00, 1.00, 1.00
364.00, 65.00, 63.00, 0.50, 0.00
364.50, 67.00, 64.00, 0.50, 0.00
365.00, 55.00, 57.00, 1.00, 1.00
365.00, 58.00, 59.00, 1.00, 1.00
365.00, 65.00, 63.00, 1.00, 1.00
365.00, 68.00, 65.00, 0.50, 0.00
365.50, 70.00, 66.00, 0.50, 0.00
366.00, 48.00, 53.00, 1.00, 1.00
366.00, 72.00, 67.00, 0.50, 0.00
366.50, 73.00, 68.00, 0.50, 0.00
367.00, 55.00, 57.00, 1.00, 1.00
367.00, 64.00, 62.00, 1.00, 1.00
367.00, 72.00, 67.00, 1.50, 0.00
368.00, 48.00, 53.00, 1.00, 1.00
368.50, 71.00, 66.00, 0.50, 0.00
369.00, 49.00, 54.00, 3.00, 1.00
369.00, 70.00, 66.00, 0.33, 0.00
369.33, 72.00, 67.00, 0.33, 0.00
369.67, 70.00, 66.00, 0.33, 0.00
370.00, 55.00, 57.00, 1.00, 1.00
370.00, 63.00, 62.00, 1.00, 1.00
370.00, 69.00, 65.00, 0.50, 0.00
370.50, 70.00, 66.00, 0.50, 0.00
371.00, 55.00, 57.00, 1.00, 1.00
371.00, 63.00, 62.00, 1.00, 1.00
371.00, 72.00, 67.00, 0.50, 0.00
371.50, 73.00, 68.00, 0.50, 0.00
372.00, 48.00, 53.00, 1.00, 1.00
372.00, 77.00, 70.00, 0.50, 0.00
372.50, 75.00, 69.00, 0.50, 0.00
373.00, 56.00, 58.00, 1.00, 1.00
373.00, 63.00, 62.00, 1.00, 1.00
373.00, 80.00, 72.00, 2.00, 0.00
374.00, 53.00, 56.00, 1.00, 1.00
375.00, 51.00, 55.00, 1.00, 1.00
375.00, 69.00, 65.00, 0.50, 0.00
375.50, 70.00, 66.00, 0.50, 0.00
376.00, 58.00, 59.00, 1.00, 1.00
376.00, 62.00, 61.00, 1.00, 1.00
376.00, 68.00, 65.00, 1.00, 1.00
376.00, 79.00, 71.00, 0.50, 0.00
376.50, 77.00, 70.00, 0.50, 0.00
377.00, 58.00, 59.00, 1.00, 1.00
377.00, 61.00, 61.00, 1.00, 1.00
377.00, 67.00, 64.00, 1.00, 1.00
377.00, 75.00, 69.00, 0.50, 0.00
377.50, 63.00, 62.00, 0.50, 0.00
378.00, 44.00, 51.00, 2.00, 1.00
378.00, 73.00, 68.00, 0.50, 0.00
378.50, 72.00, 67.00, 0.50, 0.00
379.00, 51.00, 55.00, 1.00, 1.00
379.00, 60.00, 60.00, 1.00, 1.00
379.00, 68.00, 65.00, 1.00, 0.00
