ontime, MNN, MPN, duration, channel
0.00, 64.00, 62.00, 3.00, 0.00
0.00, 68.00, 64.00, 2.00, 0.00
0.50, 61.00, 60.00, 0.50, 1.00
1.00, 56.00, 57.00, 1.00, 1.00
2.00, 58.00, 58.00, 1.00, 1.00
2.00, 66.00, 63.00, 1.00, 0.00
3.00, 59.00, 59.00, 0.50, 1.00
3.00, 63.00, 61.00, 3.00, 0.00
3.00, 66.00, 63.00, 0.75, 0.00
3.50, 58.00, 58.00, 0.50, 1.00
3.75, 66.00, 63.00, 0.25, 0.00
4.00, 59.00, 59.00, 1.00, 1.00
4.00, 66.00, 63.00, 1.00, 0.00
5.00, 61.00, 60.00, 1.00, 1.00
5.00, 66.00, 63.00, 1.00, 0.00
6.00, 62.00, 61.00, 3.00, 0.00
6.00, 66.00, 63.00, 0.75, 0.00
6.50, 59.00, 59.00, 0.50, 1.00
6.75, 66.00, 63.00, 0.25, 0.00
7.00, 54.00, 56.00, 1.00, 1.00
7.00, 66.00, 63.00, 1.00, 0.00
8.00, 56.00, 57.00, 1.00, 1.00
8.00, 64.00, 62.00, 1.00, 0.00
9.00, 57.00, 58.00, 0.50, 1.00
9.00, 61.00, 60.00, 3.00, 0.00
9.00, 64.00, 62.00, 0.75, 0.00
9.50, 56.00, 57.00, 0.50, 1.00
9.75, 64.00, 62.00, 0.25, 0.00
10.00, 57.00, 58.00, 1.00, 1.00
10.00, 64.00, 62.00, 1.00, 0.00
11.00, 59.00, 59.00, 1.00, 1.00
11.00, 64.00, 62.00, 1.00, 0.00
12.00, 60.00, 60.00, 3.00, 0.00
12.00, 64.00, 62.00, 0.75, 0.00
12.50, 57.00, 58.00, 0.50, 1.00
12.75, 64.00, 62.00, 0.25, 0.00
13.00, 52.00, 55.00, 1.00, 1.00
13.00, 64.00, 62.00, 1.50, 0.00
14.00, 54.00, 56.00, 1.00, 1.00
14.50, 62.00, 61.00, 1.25, 0.00
15.00, 55.00, 57.00, 3.00, 1.00
15.00, 59.00, 59.00, 3.00, 0.00
15.75, 64.00, 62.00, 0.25, 0.00
16.00, 43.00, 50.00, 3.00, 1.00
16.00, 50.00, 54.00, 3.00, 1.00
16.00, 66.00, 63.00, 1.00, 0.00
17.00, 67.00, 64.00, 1.00, 0.00
18.00, 57.00, 58.00, 3.00, 1.00
18.00, 60.00, 60.00, 3.00, 0.00
18.00, 64.00, 62.00, 0.75, 0.00
18.75, 66.00, 63.00, 0.25, 0.00
19.00, 43.00, 50.00, 3.00, 1.00
19.00, 50.00, 54.00, 3.00, 1.00
19.00, 67.00, 64.00, 1.00, 0.00
20.00, 66.00, 63.00, 1.00, 0.00
20.00, 69.00, 65.00, 1.00, 0.00
21.00, 59.00, 59.00, 3.00, 1.00
21.00, 67.00, 64.00, 2.00, 0.00
21.00, 71.00, 66.00, 0.75, 0.00
21.75, 74.00, 68.00, 0.25, 0.00
22.00, 43.00, 50.00, 6.00, 1.00
22.00, 50.00, 54.00, 6.00, 1.00
22.00, 74.00, 68.00, 2.00, 0.00
23.00, 62.00, 61.00, 1.00, 0.00
24.00, 60.00, 60.00, 3.00, 0.00
24.00, 64.00, 62.00, 0.75, 0.00
24.50, 57.00, 58.00, 0.50, 1.00
24.75, 64.00, 62.00, 0.25, 0.00
25.00, 52.00, 55.00, 1.00, 1.00
25.00, 64.00, 62.00, 1.50, 0.00
26.00, 54.00, 56.00, 1.00, 1.00
26.50, 62.00, 61.00, 1.25, 0.00
27.00, 55.00, 57.00, 3.00, 1.00
27.00, 59.00, 59.00, 3.00, 0.00
27.75, 64.00, 62.00, 0.25, 0.00
28.00, 43.00, 50.00, 3.00, 1.00
28.00, 50.00, 54.00, 3.00, 1.00
28.00, 66.00, 63.00, 1.00, 0.00
29.00, 67.00, 64.00, 1.00, 0.00
30.00, 57.00, 58.00, 3.00, 1.00
30.00, 60.00, 60.00, 3.00, 0.00
30.00, 64.00, 62.00, 0.75, 0.00
30.75, 66.00, 63.00, 0.25, 0.00
31.00, 43.00, 50.00, 3.00, 1.00
31.00, 50.00, 54.00, 3.00, 1.00
31.00, 67.00, 64.00, 1.00, 0.00
32.00, 66.00, 63.00, 1.00, 0.00
32.00, 69.00, 65.00, 1.00, 0.00
33.00, 59.00, 59.00, 1.00, 1.00
33.00, 65.00, 62.00, 2.00, 0.00
33.00, 71.00, 66.00, 6.00, 0.00
33.75, 73.00, 67.00, 0.25, 0.00
34.00, 43.00, 50.00, 1.00, 1.00
34.00, 74.00, 67.00, 1.00, 0.00
35.00, 42.00, 49.00, 2.00, 1.00
35.00, 66.00, 63.00, 1.00, 0.00
35.00, 75.00, 68.00, 1.00, 0.00
36.00, 30.00, 42.00, 1.00, 1.00
36.00, 64.00, 62.00, 1.00, 0.00
36.00, 68.00, 64.00, 1.00, 0.00
36.00, 76.00, 69.00, 0.50, 0.00
36.50, 73.00, 67.00, 0.50, 0.00
37.00, 54.00, 56.00, 1.50, 1.00
37.00, 64.00, 62.00, 2.00, 0.00
37.00, 68.00, 64.00, 1.00, 0.00
38.00, 70.00, 65.00, 1.00, 0.00
38.50, 54.00, 56.00, 0.50, 1.00
39.00, 54.00, 56.00, 2.00, 1.00
39.00, 63.00, 61.00, 1.00, 0.00
39.00, 66.00, 63.00, 0.50, 0.00
39.75, 66.00, 63.00, 0.25, 1.00
39.75, 68.00, 64.00, 0.25, 0.00
40.00, 63.00, 61.00, 2.00, 0.00
40.00, 66.00, 63.00, 2.50, 1.00
40.00, 70.00, 65.00, 1.00, 0.00
41.00, 54.00, 56.00, 3.00, 1.00
41.00, 71.00, 66.00, 1.00, 0.00
42.00, 64.00, 62.00, 1.00, 0.00
42.00, 68.00, 64.00, 0.50, 0.00
42.75, 66.00, 63.00, 0.25, 1.00
42.75, 70.00, 65.00, 0.25, 0.00
43.00, 64.00, 62.00, 2.00, 0.00
43.00, 66.00, 63.00, 2.00, 1.00
43.00, 68.00, 64.00, 1.00, 0.00
43.00, 71.00, 66.00, 1.00, 0.00
44.00, 54.00, 56.00, 1.00, 1.00
44.00, 70.00, 65.00, 1.00, 0.00
44.00, 73.00, 67.00, 1.00, 0.00
45.00, 47.00, 52.00, 0.50, 1.00
45.00, 63.00, 61.00, 0.50, 0.00
45.00, 71.00, 66.00, 0.50, 0.00
45.00, 75.00, 68.00, 0.50, 0.00
45.75, 63.00, 61.00, 0.25, 1.00
45.75, 66.00, 63.00, 0.25, 0.00
45.75, 71.00, 66.00, 0.25, 0.00
45.75, 78.00, 70.00, 0.25, 0.00
46.00, 63.00, 61.00, 1.00, 1.00
46.00, 66.00, 63.00, 1.00, 0.00
46.00, 71.00, 66.00, 1.00, 0.00
46.00, 78.00, 70.00, 1.00, 0.00
47.00, 64.00, 62.00, 1.00, 1.00
47.00, 68.00, 64.00, 1.00, 0.00
47.00, 71.00, 66.00, 1.00, 0.00
47.00, 80.00, 71.00, 1.00, 0.00
48.00, 63.00, 61.00, 0.50, 1.00
48.00, 66.00, 63.00, 0.50, 0.00
48.00, 71.00, 66.00, 0.50, 0.00
48.00, 78.00, 70.00, 0.50, 0.00
48.75, 59.00, 59.00, 0.25, 1.00
48.75, 63.00, 61.00, 0.25, 0.00
48.75, 66.00, 63.00, 0.25, 0.00
48.75, 75.00, 68.00, 0.25, 0.00
49.00, 56.00, 57.00, 1.00, 1.00
49.00, 63.00, 61.00, 1.00, 0.00
49.00, 68.00, 64.00, 1.00, 0.00
49.00, 71.00, 66.00, 1.00, 0.00
50.00, 61.00, 60.00, 1.00, 1.00
50.00, 64.00, 62.00, 1.00, 0.00
50.00, 68.00, 64.00, 1.00, 0.00
50.00, 76.00, 69.00, 1.00, 0.00
51.00, 59.00, 59.00, 0.50, 1.00
51.00, 63.00, 61.00, 0.50, 0.00
51.00, 68.00, 64.00, 0.50, 0.00
51.00, 75.00, 68.00, 0.50, 0.00
51.75, 56.00, 57.00, 0.25, 1.00
51.75, 63.00, 61.00, 0.25, 0.00
51.75, 68.00, 64.00, 0.25, 0.00
51.75, 71.00, 66.00, 0.25, 0.00
52.00, 52.00, 55.00, 1.00, 1.00
52.00, 59.00, 59.00, 2.00, 1.00
52.00, 64.00, 62.00, 1.00, 0.00
52.00, 68.00, 64.00, 1.00, 0.00
53.00, 47.00, 52.00, 1.00, 1.00
53.00, 54.00, 56.00, 1.00, 1.00
53.00, 63.00, 61.00, 1.00, 0.00
53.00, 71.00, 66.00, 1.00, 0.00
54.00, 58.00, 58.00, 0.50, 1.00
54.00, 64.00, 62.00, 0.50, 0.00
54.00, 66.00, 63.00, 0.50, 0.00
54.00, 73.00, 67.00, 0.50, 0.00
54.75, 42.00, 49.00, 0.25, 1.00
54.75, 75.00, 68.00, 0.25, 0.00
55.00, 58.00, 58.00, 1.50, 1.00
55.00, 64.00, 62.00, 1.50, 0.00
55.00, 66.00, 63.00, 1.50, 0.00
55.00, 73.00, 67.00, 1.50, 0.00
56.50, 47.00, 52.00, 0.50, 1.00
56.50, 59.00, 59.00, 0.50, 1.00
56.50, 63.00, 61.00, 0.50, 0.00
56.50, 71.00, 66.00, 0.50, 0.00
57.00, 47.00, 52.00, 0.50, 1.00
57.00, 59.00, 59.00, 0.50, 1.00
57.00, 63.00, 61.00, 0.50, 0.00
57.00, 71.00, 66.00, 0.50, 0.00
57.75, 68.00, 64.00, 0.25, 0.00
58.00, 52.00, 55.00, 2.00, 1.00
58.00, 59.00, 59.00, 1.00, 1.00
58.00, 64.00, 62.00, 2.50, 0.00
58.00, 68.00, 64.00, 1.00, 0.00
59.00, 61.00, 60.00, 0.50, 1.00
59.00, 70.00, 65.00, 0.50, 0.00
59.50, 59.00, 59.00, 0.50, 1.00
59.50, 68.00, 64.00, 0.50, 0.00
60.00, 54.00, 56.00, 0.50, 1.00
60.00, 58.00, 58.00, 0.50, 1.00
60.00, 66.00, 63.00, 0.50, 0.00
60.75, 42.00, 49.00, 0.25, 1.00
60.75, 73.00, 67.00, 0.25, 0.00
61.00, 58.00, 58.00, 1.00, 1.00
61.00, 58.00, 58.00, 2.00, 1.00
61.00, 64.00, 62.00, 1.00, 0.00
61.00, 66.00, 63.00, 1.00, 0.00
61.00, 73.00, 67.00, 1.00, 0.00
62.00, 42.00, 49.00, 1.00, 1.00
62.00, 64.00, 62.00, 1.00, 0.00
62.00, 66.00, 63.00, 1.00, 0.00
62.00, 75.00, 68.00, 1.00, 0.00
63.00, 47.00, 52.00, 1.00, 1.00
63.00, 59.00, 59.00, 1.00, 1.00
63.00, 63.00, 61.00, 1.00, 0.00
63.00, 71.00, 66.00, 1.00, 0.00
64.00, 52.00, 55.00, 1.00, 1.00
64.00, 59.00, 59.00, 1.00, 1.00
64.00, 64.00, 62.00, 2.00, 0.00
64.00, 68.00, 64.00, 2.00, 0.00
66.00, 64.00, 62.00, 3.00, 0.00
66.00, 68.00, 64.00, 2.00, 0.00
66.50, 61.00, 60.00, 0.50, 1.00
67.00, 56.00, 57.00, 1.00, 1.00
68.00, 58.00, 58.00, 1.00, 1.00
68.00, 66.00, 63.00, 1.00, 0.00
69.00, 59.00, 59.00, 0.50, 1.00
69.00, 63.00, 61.00, 3.00, 0.00
69.00, 66.00, 63.00, 0.75, 0.00
69.50, 58.00, 58.00, 0.50, 1.00
69.75, 66.00, 63.00, 0.25, 0.00
70.00, 59.00, 59.00, 1.00, 1.00
70.00, 66.00, 63.00, 1.00, 0.00
71.00, 61.00, 60.00, 1.00, 1.00
71.00, 66.00, 63.00, 1.00, 0.00
72.00, 62.00, 61.00, 3.00, 0.00
72.00, 66.00, 63.00, 0.75, 0.00
72.50, 59.00, 59.00, 0.50, 1.00
72.75, 66.00, 63.00, 0.25, 0.00
73.00, 54.00, 56.00, 1.00, 1.00
73.00, 66.00, 63.00, 1.00, 0.00
74.00, 56.00, 57.00, 1.00, 1.00
74.00, 64.00, 62.00, 1.00, 0.00
75.00, 57.00, 58.00, 0.50, 1.00
75.00, 61.00, 60.00, 3.00, 0.00
75.00, 64.00, 62.00, 0.75, 0.00
75.50, 56.00, 57.00, 0.50, 1.00
75.75, 64.00, 62.00, 0.25, 0.00
76.00, 57.00, 58.00, 1.00, 1.00
76.00, 64.00, 62.00, 1.00, 0.00
77.00, 59.00, 59.00, 1.00, 1.00
77.00, 64.00, 62.00, 1.00, 0.00
78.00, 60.00, 60.00, 3.00, 0.00
78.00, 64.00, 62.00, 0.75, 0.00
78.50, 57.00, 58.00, 0.50, 1.00
78.75, 64.00, 62.00, 0.25, 0.00
79.00, 52.00, 55.00, 1.00, 1.00
79.00, 64.00, 62.00, 1.50, 0.00
80.00, 54.00, 56.00, 1.00, 1.00
80.50, 62.00, 61.00, 1.25, 0.00
81.00, 55.00, 57.00, 3.00, 1.00
81.00, 59.00, 59.00, 3.00, 0.00
81.75, 64.00, 62.00, 0.25, 0.00
82.00, 43.00, 50.00, 3.00, 1.00
82.00, 50.00, 54.00, 3.00, 1.00
82.00, 66.00, 63.00, 1.00, 0.00
83.00, 67.00, 64.00, 1.00, 0.00
84.00, 57.00, 58.00, 3.00, 1.00
84.00, 60.00, 60.00, 3.00, 0.00
84.00, 64.00, 62.00, 0.75, 0.00
84.75, 66.00, 63.00, 0.25, 0.00
85.00, 43.00, 50.00, 3.00, 1.00
85.00, 50.00, 54.00, 3.00, 1.00
85.00, 67.00, 64.00, 1.00, 0.00
86.00, 66.00, 63.00, 1.00, 0.00
86.00, 69.00, 65.00, 1.00, 0.00
87.00, 59.00, 59.00, 3.00, 1.00
87.00, 67.00, 64.00, 2.00, 0.00
87.00, 71.00, 66.00, 0.75, 0.00
87.75, 74.00, 68.00, 0.25, 0.00
88.00, 43.00, 50.00, 2.00, 1.00
88.00, 50.00, 54.00, 2.00, 1.00
88.00, 74.00, 68.00, 2.00, 0.00
89.00, 62.00, 61.00, 1.00, 0.00
90.00, 43.00, 50.00, 4.00, 1.00
90.00, 50.00, 54.00, 4.00, 1.00
90.00, 60.00, 60.00, 3.00, 0.00
90.00, 64.00, 62.00, 0.75, 0.00
90.50, 57.00, 58.00, 0.50, 1.00
90.75, 64.00, 62.00, 0.25, 0.00
91.00, 52.00, 55.00, 1.00, 1.00
91.00, 64.00, 62.00, 1.50, 0.00
92.00, 54.00, 56.00, 1.00, 1.00
92.50, 62.00, 61.00, 1.25, 0.00
93.00, 55.00, 57.00, 3.00, 1.00
93.00, 59.00, 59.00, 3.00, 0.00
93.75, 64.00, 62.00, 0.25, 0.00
94.00, 43.00, 50.00, 3.00, 1.00
94.00, 50.00, 54.00, 3.00, 1.00
94.00, 66.00, 63.00, 1.00, 0.00
95.00, 67.00, 64.00, 1.00, 0.00
96.00, 57.00, 58.00, 3.00, 1.00
96.00, 60.00, 60.00, 3.00, 0.00
96.00, 64.00, 62.00, 0.75, 0.00
96.75, 66.00, 63.00, 0.25, 0.00
97.00, 43.00, 50.00, 3.00, 1.00
97.00, 50.00, 54.00, 3.00, 1.00
97.00, 67.00, 64.00, 1.00, 0.00
98.00, 66.00, 63.00, 1.00, 0.00
98.00, 69.00, 65.00, 1.00, 0.00
99.00, 59.00, 59.00, 1.00, 1.00
99.00, 65.00, 62.00, 2.00, 0.00
99.00, 71.00, 66.00, 6.00, 0.00
99.75, 73.00, 67.00, 0.25, 0.00
100.00, 43.00, 50.00, 1.00, 1.00
100.00, 74.00, 67.00, 1.00, 0.00
101.00, 42.00, 49.00, 2.00, 1.00
101.00, 66.00, 63.00, 1.00, 0.00
101.00, 75.00, 68.00, 1.00, 0.00
102.00, 30.00, 42.00, 1.00, 1.00
102.00, 64.00, 62.00, 1.00, 0.00
102.00, 68.00, 64.00, 1.00, 0.00
102.00, 76.00, 69.00, 0.50, 0.00
102.50, 73.00, 67.00, 0.50, 0.00
103.00, 54.00, 56.00, 1.50, 1.00
103.00, 64.00, 62.00, 2.00, 0.00
103.00, 68.00, 64.00, 1.00, 0.00
104.00, 70.00, 65.00, 1.00, 0.00
104.50, 54.00, 56.00, 0.50, 1.00
105.00, 54.00, 56.00, 0.50, 1.00
105.00, 54.00, 56.00, 2.00, 1.00
105.00, 63.00, 61.00, 1.00, 0.00
105.00, 66.00, 63.00, 0.50, 0.00
105.75, 66.00, 63.00, 0.25, 1.00
105.75, 68.00, 64.00, 0.25, 0.00
106.00, 63.00, 61.00, 2.00, 0.00
106.00, 66.00, 63.00, 2.50, 1.00
106.00, 70.00, 65.00, 1.00, 0.00
107.00, 54.00, 56.00, 3.00, 1.00
107.00, 71.00, 66.00, 1.00, 0.00
108.00, 64.00, 62.00, 1.00, 0.00
108.00, 68.00, 64.00, 0.50, 0.00
108.75, 66.00, 63.00, 0.25, 1.00
108.75, 70.00, 65.00, 0.25, 0.00
109.00, 64.00, 62.00, 2.00, 0.00
109.00, 66.00, 63.00, 2.00, 1.00
109.00, 68.00, 64.00, 1.00, 0.00
109.00, 71.00, 66.00, 1.00, 0.00
110.00, 54.00, 56.00, 1.00, 1.00
110.00, 70.00, 65.00, 1.00, 0.00
110.00, 73.00, 67.00, 1.00, 0.00
111.00, 47.00, 52.00, 0.50, 1.00
111.00, 63.00, 61.00, 0.50, 0.00
111.00, 71.00, 66.00, 0.50, 0.00
111.00, 75.00, 68.00, 0.50, 0.00
111.75, 63.00, 61.00, 0.25, 1.00
111.75, 66.00, 63.00, 0.25, 0.00
111.75, 71.00, 66.00, 0.25, 0.00
111.75, 78.00, 70.00, 0.25, 0.00
112.00, 63.00, 61.00, 1.00, 1.00
112.00, 66.00, 63.00, 1.00, 0.00
112.00, 71.00, 66.00, 1.00, 0.00
112.00, 78.00, 70.00, 1.00, 0.00
113.00, 64.00, 62.00, 1.00, 1.00
113.00, 68.00, 64.00, 1.00, 0.00
113.00, 71.00, 66.00, 1.00, 0.00
113.00, 80.00, 71.00, 1.00, 0.00
114.00, 63.00, 61.00, 0.50, 1.00
114.00, 66.00, 63.00, 0.50, 0.00
114.00, 71.00, 66.00, 0.50, 0.00
114.00, 78.00, 70.00, 0.50, 0.00
114.75, 59.00, 59.00, 0.25, 1.00
114.75, 63.00, 61.00, 0.25, 0.00
114.75, 66.00, 63.00, 0.25, 0.00
114.75, 75.00, 68.00, 0.25, 0.00
115.00, 56.00, 57.00, 1.00, 1.00
115.00, 63.00, 61.00, 1.00, 0.00
115.00, 68.00, 64.00, 1.00, 0.00
115.00, 71.00, 66.00, 1.00, 0.00
116.00, 61.00, 60.00, 1.00, 1.00
116.00, 64.00, 62.00, 1.00, 0.00
116.00, 68.00, 64.00, 1.00, 0.00
116.00, 76.00, 69.00, 1.00, 0.00
117.00, 59.00, 59.00, 0.50, 1.00
117.00, 63.00, 61.00, 0.50, 0.00
117.00, 68.00, 64.00, 0.50, 0.00
117.00, 75.00, 68.00, 0.50, 0.00
117.75, 56.00, 57.00, 0.25, 1.00
117.75, 63.00, 61.00, 0.25, 0.00
117.75, 68.00, 64.00, 0.25, 0.00
117.75, 71.00, 66.00, 0.25, 0.00
118.00, 52.00, 55.00, 1.00, 1.00
118.00, 59.00, 59.00, 2.00, 1.00
118.00, 64.00, 62.00, 1.00, 0.00
118.00, 68.00, 64.00, 1.00, 0.00
119.00, 47.00, 52.00, 1.00, 1.00
119.00, 54.00, 56.00, 1.00, 1.00
119.00, 63.00, 61.00, 1.00, 0.00
119.00, 71.00, 66.00, 1.00, 0.00
120.00, 58.00, 58.00, 0.50, 1.00
120.00, 64.00, 62.00, 0.50, 0.00
120.00, 66.00, 63.00, 0.50, 0.00
120.00, 73.00, 67.00, 0.50, 0.00
120.75, 42.00, 49.00, 0.25, 1.00
120.75, 75.00, 68.00, 0.25, 0.00
121.00, 58.00, 58.00, 1.50, 1.00
121.00, 64.00, 62.00, 1.50, 0.00
121.00, 66.00, 63.00, 1.50, 0.00
121.00, 73.00, 67.00, 1.50, 0.00
122.50, 47.00, 52.00, 0.50, 1.00
122.50, 59.00, 59.00, 0.50, 1.00
122.50, 63.00, 61.00, 0.50, 0.00
122.50, 71.00, 66.00, 0.50, 0.00
123.00, 47.00, 52.00, 0.50, 1.00
123.00, 59.00, 59.00, 0.50, 1.00
123.00, 63.00, 61.00, 0.50, 0.00
123.00, 71.00, 66.00, 0.50, 0.00
123.75, 68.00, 64.00, 0.25, 0.00
124.00, 52.00, 55.00, 2.00, 1.00
124.00, 59.00, 59.00, 1.00, 1.00
124.00, 64.00, 62.00, 2.50, 0.00
124.00, 68.00, 64.00, 1.00, 0.00
125.00, 61.00, 60.00, 0.50, 1.00
125.00, 70.00, 65.00, 0.50, 0.00
125.50, 59.00, 59.00, 0.50, 1.00
125.50, 68.00, 64.00, 0.50, 0.00
126.00, 54.00, 56.00, 0.50, 1.00
126.00, 58.00, 58.00, 0.50, 1.00
126.00, 66.00, 63.00, 0.50, 0.00
126.75, 42.00, 49.00, 0.25, 1.00
126.75, 73.00, 67.00, 0.25, 0.00
127.00, 58.00, 58.00, 1.00, 1.00
127.00, 58.00, 58.00, 2.00, 1.00
127.00, 64.00, 62.00, 1.00, 0.00
127.00, 66.00, 63.00, 1.00, 0.00
127.00, 73.00, 67.00, 1.00, 0.00
128.00, 42.00, 49.00, 1.00, 1.00
128.00, 64.00, 62.00, 1.00, 0.00
128.00, 66.00, 63.00, 1.00, 0.00
128.00, 75.00, 68.00, 1.00, 0.00
129.00, 47.00, 52.00, 2.00, 1.00
129.00, 59.00, 59.00, 2.00, 1.00
129.00, 63.00, 61.00, 1.00, 0.00
129.00, 71.00, 66.00, 1.00, 0.00
130.00, 63.00, 61.00, 1.00, 0.00
130.00, 69.00, 65.00, 2.00, 0.00
131.00, 47.00, 53.00, 1.00, 1.00
131.00, 54.00, 56.00, 1.00, 1.00
131.00, 63.00, 62.00, 2.00, 0.00
132.00, 46.00, 52.00, 1.00, 1.00
132.00, 55.00, 57.00, 1.00, 1.00
132.00, 70.00, 66.00, 0.50, 0.00
132.50, 72.00, 67.00, 0.50, 0.00
133.00, 70.00, 66.00, 0.50, 0.00
133.50, 77.00, 70.00, 0.50, 0.00
134.00, 75.00, 69.00, 0.50, 0.00
134.50, 80.00, 72.00, 0.50, 0.00
135.00, 79.00, 71.00, 0.50, 0.00
135.50, 84.00, 74.00, 0.50, 0.00
136.00, 58.00, 59.00, 1.00, 0.00
136.00, 63.00, 62.00, 1.00, 0.00
136.00, 67.00, 64.00, 1.00, 0.00
136.00, 82.00, 73.00, 0.50, 0.00
136.50, 86.00, 75.00, 0.50, 0.00
137.00, 46.00, 52.00, 1.00, 1.00
137.00, 87.00, 76.00, 0.50, 0.00
137.50, 84.00, 74.00, 0.50, 0.00
138.00, 82.00, 73.00, 0.50, 0.00
138.50, 84.00, 74.00, 0.50, 0.00
139.00, 58.00, 59.00, 1.00, 0.00
139.00, 62.00, 61.00, 1.00, 0.00
139.00, 68.00, 65.00, 1.00, 0.00
139.00, 82.00, 73.00, 0.50, 0.00
139.50, 79.00, 71.00, 0.50, 0.00
140.00, 46.00, 52.00, 1.00, 1.00
140.00, 80.00, 72.00, 0.50, 0.00
140.50, 77.00, 70.00, 0.50, 0.00
141.00, 51.00, 55.00, 1.00, 1.00
141.00, 79.00, 71.00, 0.50, 0.00
141.50, 74.00, 68.00, 0.50, 0.00
142.00, 58.00, 59.00, 1.00, 1.00
142.00, 63.00, 62.00, 2.00, 1.00
142.00, 67.00, 64.00, 1.00, 1.00
142.00, 75.00, 69.00, 0.50, 0.00
142.50, 74.00, 68.00, 0.50, 0.00
143.00, 57.00, 58.00, 1.00, 1.00
143.00, 66.00, 63.00, 1.00, 1.00
143.00, 75.00, 69.00, 0.50, 0.00
143.50, 72.00, 67.00, 0.50, 0.00
144.00, 70.00, 66.00, 0.50, 0.00
144.50, 72.00, 67.00, 0.50, 0.00
145.00, 58.00, 59.00, 1.00, 1.00
145.00, 63.00, 62.00, 1.00, 1.00
145.00, 67.00, 64.00, 1.00, 1.00
145.00, 70.00, 66.00, 0.50, 0.00
145.50, 77.00, 70.00, 0.50, 0.00
146.00, 51.00, 55.00, 1.00, 1.00
146.00, 75.00, 69.00, 0.50, 0.00
146.50, 80.00, 72.00, 0.50, 0.00
147.00, 79.00, 71.00, 0.50, 0.00
147.50, 84.00, 74.00, 0.50, 0.00
148.00, 58.00, 59.00, 1.00, 1.00
148.00, 67.00, 64.00, 1.00, 1.00
148.00, 82.00, 73.00, 0.50, 0.00
148.50, 86.00, 75.00, 0.50, 0.00
149.00, 51.00, 55.00, 1.00, 1.00
149.00, 87.00, 76.00, 0.50, 0.00
149.50, 84.00, 74.00, 0.50, 0.00
150.00, 82.00, 73.00, 0.50, 0.00
150.50, 84.00, 74.00, 0.50, 0.00
151.00, 58.00, 59.00, 1.00, 0.00
151.00, 62.00, 61.00, 1.00, 0.00
151.00, 68.00, 65.00, 1.00, 0.00
151.00, 82.00, 73.00, 0.50, 0.00
151.50, 79.00, 71.00, 0.50, 0.00
152.00, 51.00, 55.00, 1.00, 1.00
152.00, 80.00, 72.00, 0.50, 0.00
152.50, 77.00, 70.00, 0.50, 0.00
153.00, 79.00, 71.00, 0.50, 0.00
153.50, 74.00, 68.00, 0.50, 0.00
154.00, 58.00, 59.00, 1.00, 1.00
154.00, 61.00, 61.00, 1.00, 1.00
154.00, 67.00, 64.00, 1.00, 1.00
154.00, 75.00, 69.00, 0.50, 0.00
154.50, 72.00, 67.00, 0.50, 0.00
155.00, 51.00, 55.00, 1.00, 1.00
155.00, 73.00, 68.00, 0.50, 0.00
155.50, 65.00, 63.00, 0.50, 0.00
156.00, 63.00, 62.00, 0.50, 0.00
156.50, 65.00, 63.00, 0.50, 0.00
157.00, 51.00, 55.00, 1.00, 1.00
157.00, 60.00, 60.00, 1.00, 1.00
157.00, 63.00, 62.00, 0.50, 0.00
157.50, 70.00, 66.00, 0.50, 0.00
158.00, 44.00, 51.00, 1.00, 1.00
158.00, 68.00, 65.00, 0.50, 0.00
158.50, 73.00, 68.00, 0.50, 0.00
159.00, 72.00, 67.00, 0.50, 0.00
159.50, 77.00, 70.00, 0.50, 0.00
160.00, 51.00, 55.00, 1.00, 1.00
160.00, 60.00, 60.00, 1.00, 1.00
160.00, 75.00, 69.00, 0.50, 0.00
160.50, 79.00, 71.00, 0.50, 0.00
161.00, 44.00, 51.00, 1.00, 1.00
161.00, 80.00, 72.00, 0.50, 0.00
161.50, 77.00, 70.00, 0.50, 0.00
162.00, 75.00, 69.00, 0.50, 0.00
162.50, 77.00, 70.00, 0.50, 0.00
163.00, 51.00, 55.00, 1.00, 1.00
163.00, 55.00, 57.00, 1.00, 1.00
163.00, 61.00, 61.00, 1.00, 1.00
163.00, 75.00, 69.00, 0.50, 0.00
163.50, 72.00, 67.00, 0.50, 0.00
164.00, 44.00, 51.00, 1.00, 1.00
164.00, 73.00, 68.00, 0.50, 0.00
164.50, 70.00, 66.00, 0.50, 0.00
165.00, 72.00, 67.00, 0.50, 0.00
165.50, 67.00, 64.00, 0.50, 0.00
166.00, 51.00, 55.00, 1.00, 1.00
166.00, 56.00, 58.00, 2.00, 1.00
166.00, 60.00, 60.00, 1.00, 1.00
166.00, 68.00, 65.00, 0.50, 0.00
166.50, 67.00, 64.00, 0.50, 0.00
167.00, 50.00, 54.00, 1.00, 1.00
167.00, 59.00, 59.00, 1.00, 1.00
167.00, 68.00, 65.00, 0.50, 0.00
167.50, 65.00, 63.00, 0.50, 0.00
168.00, 63.00, 62.00, 0.50, 0.00
168.50, 65.00, 63.00, 0.50, 0.00
169.00, 51.00, 55.00, 1.00, 1.00
169.00, 56.00, 58.00, 1.00, 1.00
169.00, 60.00, 60.00, 1.00, 1.00
169.00, 63.00, 62.00, 0.50, 0.00
169.50, 70.00, 66.00, 0.50, 0.00
170.00, 44.00, 51.00, 1.00, 1.00
170.00, 68.00, 65.00, 0.50, 0.00
170.50, 73.00, 68.00, 0.50, 0.00
171.00, 72.00, 67.00, 0.50, 0.00
171.50, 77.00, 70.00, 0.50, 0.00
172.00, 51.00, 55.00, 1.00, 1.00
172.00, 60.00, 60.00, 1.00, 1.00
172.00, 75.00, 69.00, 0.50, 0.00
172.50, 79.00, 71.00, 0.50, 0.00
173.00, 44.00, 51.00, 1.00, 1.00
173.00, 80.00, 72.00, 0.50, 0.00
173.50, 77.00, 70.00, 0.50, 0.00
174.00, 75.00, 69.00, 0.50, 0.00
174.50, 77.00, 70.00, 0.50, 0.00
175.00, 51.00, 55.00, 1.00, 1.00
175.00, 55.00, 57.00, 1.00, 1.00
175.00, 61.00, 61.00, 1.00, 1.00
175.00, 75.00, 69.00, 0.50, 0.00
175.50, 72.00, 67.00, 0.50, 0.00
176.00, 44.00, 51.00, 2.00, 1.00
176.00, 73.00, 68.00, 0.50, 0.00
176.50, 70.00, 66.00, 0.50, 0.00
177.00, 72.00, 67.00, 0.50, 0.00
177.50, 67.00, 64.00, 0.50, 0.00
178.00, 53.00, 56.00, 1.00, 1.00
178.00, 60.00, 60.00, 1.00, 1.00
178.00, 63.00, 62.00, 1.00, 0.00
178.00, 68.00, 65.00, 0.50, 0.00
178.50, 67.00, 64.00, 0.50, 0.00
179.00, 46.00, 52.00, 1.00, 1.00
179.00, 56.00, 58.00, 1.00, 1.00
179.00, 62.00, 61.00, 1.00, 0.00
179.00, 65.00, 63.00, 0.50, 0.00
179.50, 72.00, 67.00, 0.50, 0.00
180.00, 70.00, 66.00, 0.50, 0.00
180.50, 72.00, 67.00, 0.50, 0.00
181.00, 58.00, 59.00, 1.00, 1.00
181.00, 67.00, 64.00, 1.00, 1.00
181.00, 70.00, 66.00, 0.50, 0.00
181.50, 77.00, 70.00, 0.50, 0.00
182.00, 51.00, 55.00, 1.00, 1.00
182.00, 75.00, 69.00, 0.50, 0.00
182.50, 80.00, 72.00, 0.50, 0.00
183.00, 79.00, 71.00, 0.50, 0.00
183.50, 84.00, 74.00, 0.50, 0.00
184.00, 58.00, 59.00, 1.00, 1.00
184.00, 67.00, 64.00, 1.00, 1.00
184.00, 82.00, 73.00, 0.50, 0.00
184.50, 86.00, 75.00, 0.50, 0.00
185.00, 51.00, 55.00, 1.00, 1.00
185.00, 87.00, 76.00, 0.50, 0.00
185.50, 84.00, 74.00, 0.50, 0.00
186.00, 82.00, 73.00, 0.50, 0.00
186.50, 84.00, 74.00, 0.50, 0.00
187.00, 58.00, 59.00, 1.00, 1.00
187.00, 62.00, 61.00, 1.00, 1.00
187.00, 68.00, 65.00, 1.00, 1.00
187.00, 82.00, 73.00, 0.50, 0.00
187.50, 79.00, 71.00, 0.50, 0.00
188.00, 51.00, 55.00, 1.00, 1.00
188.00, 80.00, 72.00, 0.50, 0.00
188.50, 77.00, 70.00, 0.50, 0.00
189.00, 79.00, 71.00, 0.50, 0.00
189.50, 74.00, 68.00, 0.50, 0.00
190.00, 58.00, 59.00, 1.00, 1.00
190.00, 63.00, 62.00, 2.00, 1.00
190.00, 67.00, 64.00, 1.00, 1.00
190.00, 75.00, 69.00, 0.50, 0.00
190.50, 74.00, 68.00, 0.50, 0.00
191.00, 57.00, 58.00, 1.00, 1.00
191.00, 66.00, 63.00, 1.00, 1.00
191.00, 75.00, 69.00, 0.50, 0.00
191.50, 72.00, 67.00, 0.50, 0.00
192.00, 70.00, 66.00, 0.50, 0.00
192.50, 72.00, 67.00, 0.50, 0.00
193.00, 58.00, 59.00, 1.00, 1.00
193.00, 67.00, 64.00, 1.00, 1.00
193.00, 70.00, 66.00, 0.50, 0.00
193.50, 77.00, 70.00, 0.50, 0.00
194.00, 51.00, 55.00, 1.00, 1.00
194.00, 75.00, 69.00, 0.50, 0.00
194.50, 80.00, 72.00, 0.50, 0.00
195.00, 79.00, 71.00, 0.50, 0.00
195.50, 84.00, 74.00, 0.50, 0.00
196.00, 58.00, 59.00, 1.00, 1.00
196.00, 67.00, 64.00, 1.00, 1.00
196.00, 82.00, 73.00, 0.50, 0.00
196.50, 86.00, 75.00, 0.50, 0.00
197.00, 51.00, 55.00, 1.00, 1.00
197.00, 87.00, 76.00, 0.50, 0.00
197.50, 84.00, 74.00, 0.50, 0.00
198.00, 82.00, 73.00, 0.50, 0.00
198.50, 84.00, 74.00, 0.50, 0.00
199.00, 58.00, 59.00, 1.00, 1.00
199.00, 62.00, 61.00, 1.00, 1.00
199.00, 68.00, 65.00, 1.00, 1.00
199.00, 82.00, 73.00, 0.50, 0.00
199.50, 79.00, 71.00, 0.50, 0.00
200.00, 51.00, 55.00, 1.00, 1.00
200.00, 80.00, 72.00, 0.50, 0.00
200.50, 77.00, 70.00, 0.50, 0.00
201.00, 79.00, 71.00, 0.50, 0.00
201.50, 74.00, 68.00, 0.50, 0.00
202.00, 58.00, 59.00, 1.00, 1.00
202.00, 61.00, 61.00, 1.00, 1.00
202.00, 67.00, 64.00, 1.00, 1.00
202.00, 75.00, 69.00, 0.50, 0.00
202.50, 72.00, 67.00, 0.50, 0.00
203.00, 51.00, 55.00, 1.00, 1.00
203.00, 73.00, 68.00, 0.50, 0.00
203.50, 65.00, 63.00, 0.50, 0.00
204.00, 63.00, 62.00, 0.50, 0.00
204.50, 65.00, 63.00, 0.50, 0.00
205.00, 51.00, 55.00, 1.00, 1.00
205.00, 56.00, 58.00, 1.00, 1.00
205.00, 60.00, 60.00, 1.00, 1.00
205.00, 63.00, 62.00, 0.50, 0.00
205.50, 70.00, 66.00, 0.50, 0.00
206.00, 44.00, 51.00, 1.00, 1.00
206.00, 68.00, 65.00, 0.50, 0.00
206.50, 73.00, 68.00, 0.50, 0.00
207.00, 72.00, 67.00, 0.50, 0.00
207.50, 77.00, 70.00, 0.50, 0.00
208.00, 51.00, 55.00, 1.00, 1.00
208.00, 60.00, 60.00, 1.00, 1.00
208.00, 75.00, 69.00, 0.50, 0.00
208.50, 79.00, 71.00, 0.50, 0.00
209.00, 44.00, 51.00, 1.00, 1.00
209.00, 80.00, 72.00, 0.50, 0.00
209.50, 77.00, 70.00, 0.50, 0.00
210.00, 75.00, 69.00, 0.50, 0.00
210.50, 77.00, 70.00, 0.50, 0.00
211.00, 51.00, 55.00, 1.00, 1.00
211.00, 55.00, 57.00, 1.00, 1.00
211.00, 61.00, 61.00, 1.00, 1.00
211.00, 75.00, 69.00, 0.50, 0.00
211.50, 72.00, 67.00, 0.50, 0.00
212.00, 44.00, 51.00, 1.00, 1.00
212.00, 73.00, 68.00, 0.50, 0.00
212.50, 70.00, 66.00, 0.50, 0.00
213.00, 72.00, 67.00, 0.50, 0.00
213.50, 67.00, 64.00, 0.50, 0.00
214.00, 51.00, 55.00, 1.00, 1.00
214.00, 56.00, 58.00, 2.00, 1.00
214.00, 60.00, 60.00, 1.00, 1.00
214.00, 68.00, 65.00, 0.50, 0.00
214.50, 67.00, 64.00, 0.50, 0.00
215.00, 50.00, 54.00, 1.00, 1.00
215.00, 59.00, 59.00, 1.00, 1.00
215.00, 68.00, 65.00, 0.50, 0.00
215.50, 65.00, 63.00, 0.50, 0.00
216.00, 63.00, 62.00, 0.50, 0.00
216.50, 65.00, 63.00, 0.50, 0.00
217.00, 51.00, 55.00, 1.00, 1.00
217.00, 56.00, 58.00, 1.00, 1.00
217.00, 60.00, 60.00, 1.00, 1.00
217.00, 63.00, 62.00, 0.50, 0.00
217.50, 70.00, 66.00, 0.50, 0.00
218.00, 44.00, 51.00, 1.00, 1.00
218.00, 68.00, 65.00, 0.50, 0.00
218.50, 73.00, 68.00, 0.50, 0.00
219.00, 72.00, 67.00, 0.50, 0.00
219.50, 77.00, 70.00, 0.50, 0.00
220.00, 51.00, 55.00, 1.00, 1.00
220.00, 60.00, 60.00, 1.00, 1.00
220.00, 75.00, 69.00, 0.50, 0.00
220.50, 79.00, 71.00, 0.50, 0.00
221.00, 44.00, 51.00, 1.00, 1.00
221.00, 80.00, 72.00, 0.50, 0.00
221.50, 77.00, 70.00, 0.50, 0.00
222.00, 75.00, 69.00, 0.50, 0.00
222.50, 72.00, 67.00, 0.50, 0.00
223.00, 73.00, 68.00, 0.50, 0.00
223.50, 77.00, 70.00, 0.50, 0.00
224.00, 75.00, 69.00, 0.50, 0.00
224.50, 72.00, 67.00, 0.50, 0.00
225.00, 68.00, 65.00, 0.50, 0.00
225.50, 70.00, 66.00, 0.50, 0.00
226.00, 73.00, 68.00, 0.50, 0.00
226.50, 72.00, 67.00, 0.50, 0.00
227.00, 68.00, 65.00, 0.50, 0.00
227.50, 63.00, 62.00, 0.50, 0.00
228.00, 64.00, 63.00, 0.50, 0.00
228.50, 68.00, 65.00, 0.50, 0.00
229.00, 63.00, 62.00, 0.50, 0.00
229.50, 60.00, 60.00, 0.50, 0.00
230.00, 64.00, 63.00, 0.50, 0.00
230.50, 68.00, 65.00, 0.50, 0.00
231.00, 63.00, 62.00, 0.50, 0.00
231.50, 60.00, 60.00, 0.50, 0.00
232.00, 64.00, 63.00, 0.50, 0.00
232.50, 68.00, 65.00, 0.50, 0.00
233.00, 63.00, 62.00, 0.50, 0.00
233.50, 60.00, 60.00, 0.50, 0.00
234.00, 64.00, 63.00, 0.50, 0.00
234.50, 68.00, 65.00, 0.50, 0.00
235.00, 63.00, 62.00, 0.50, 0.00
235.50, 59.00, 60.00, 0.50, 0.00
236.00, 64.00, 63.00, 0.50, 0.00
236.50, 68.00, 65.00, 0.50, 0.00
237.00, 63.00, 62.00, 0.50, 0.00
237.50, 59.00, 60.00, 0.50, 0.00
238.00, 64.00, 63.00, 0.50, 0.00
238.50, 68.00, 65.00, 0.50, 0.00
239.00, 63.00, 62.00, 0.50, 0.00
239.50, 59.00, 60.00, 0.50, 0.00
240.00, 64.00, 62.00, 3.00, 0.00
240.00, 68.00, 64.00, 2.00, 0.00
240.50, 61.00, 60.00, 0.50, 1.00
241.00, 56.00, 57.00, 1.00, 1.00
242.00, 58.00, 58.00, 1.00, 1.00
242.00, 66.00, 63.00, 1.00, 0.00
243.00, 59.00, 59.00, 0.50, 1.00
243.00, 63.00, 61.00, 3.00, 0.00
243.00, 66.00, 63.00, 0.75, 0.00
243.50, 58.00, 58.00, 0.50, 1.00
243.75, 66.00, 63.00, 0.25, 0.00
244.00, 59.00, 59.00, 1.00, 1.00
244.00, 66.00, 63.00, 1.00, 0.00
245.00, 61.00, 60.00, 1.00, 1.00
245.00, 66.00, 63.00, 1.00, 0.00
246.00, 62.00, 61.00, 3.00, 0.00
246.00, 66.00, 63.00, 0.75, 0.00
246.50, 59.00, 59.00, 0.50, 1.00
246.75, 66.00, 63.00, 0.25, 0.00
247.00, 54.00, 56.00, 1.00, 1.00
247.00, 66.00, 63.00, 1.00, 0.00
248.00, 56.00, 57.00, 1.00, 1.00
248.00, 64.00, 62.00, 1.00, 0.00
249.00, 57.00, 58.00, 0.50, 1.00
249.00, 61.00, 60.00, 3.00, 0.00
249.00, 64.00, 62.00, 0.75, 0.00
249.50, 56.00, 57.00, 0.50, 1.00
249.75, 64.00, 62.00, 0.25, 0.00
250.00, 57.00, 58.00, 1.00, 1.00
250.00, 64.00, 62.00, 1.00, 0.00
251.00, 59.00, 59.00, 1.00, 1.00
251.00, 64.00, 62.00, 1.00, 0.00
252.00, 60.00, 60.00, 3.00, 0.00
252.00, 64.00, 62.00, 0.75, 0.00
252.50, 57.00, 58.00, 0.50, 1.00
252.75, 64.00, 62.00, 0.25, 0.00
253.00, 52.00, 55.00, 1.00, 1.00
253.00, 64.00, 62.00, 1.50, 0.00
254.00, 54.00, 56.00, 1.00, 1.00
254.50, 62.00, 61.00, 1.25, 0.00
255.00, 55.00, 57.00, 3.00, 1.00
255.00, 59.00, 59.00, 3.00, 0.00
255.75, 64.00, 62.00, 0.25, 0.00
256.00, 43.00, 50.00, 3.00, 1.00
256.00, 50.00, 54.00, 3.00, 1.00
256.00, 66.00, 63.00, 1.00, 0.00
257.00, 67.00, 64.00, 1.00, 0.00
258.00, 57.00, 58.00, 3.00, 1.00
258.00, 60.00, 60.00, 3.00, 0.00
258.00, 64.00, 62.00, 0.75, 0.00
258.75, 66.00, 63.00, 0.25, 0.00
259.00, 43.00, 50.00, 3.00, 1.00
259.00, 50.00, 54.00, 3.00, 1.00
259.00, 67.00, 64.00, 1.00, 0.00
260.00, 66.00, 63.00, 1.00, 0.00
260.00, 69.00, 65.00, 1.00, 0.00
261.00, 59.00, 59.00, 3.00, 1.00
261.00, 67.00, 64.00, 2.00, 0.00
261.00, 71.00, 66.00, 0.75, 0.00
261.75, 74.00, 68.00, 0.25, 0.00
262.00, 43.00, 50.00, 6.00, 1.00
262.00, 50.00, 54.00, 6.00, 1.00
262.00, 74.00, 68.00, 2.00, 0.00
263.00, 62.00, 61.00, 1.00, 0.00
264.00, 60.00, 60.00, 3.00, 0.00
264.00, 64.00, 62.00, 0.75, 0.00
264.50, 57.00, 58.00, 0.50, 1.00
264.75, 64.00, 62.00, 0.25, 0.00
265.00, 52.00, 55.00, 1.00, 1.00
265.00, 64.00, 62.00, 1.50, 0.00
266.00, 54.00, 56.00, 1.00, 1.00
266.50, 62.00, 61.00, 1.25, 0.00
267.00, 55.00, 57.00, 3.00, 1.00
267.00, 59.00, 59.00, 3.00, 0.00
267.75, 64.00, 62.00, 0.25, 0.00
268.00, 43.00, 50.00, 3.00, 1.00
268.00, 50.00, 54.00, 3.00, 1.00
268.00, 66.00, 63.00, 1.00, 0.00
269.00, 67.00, 64.00, 1.00, 0.00
270.00, 57.00, 58.00, 3.00, 1.00
270.00, 60.00, 60.00, 3.00, 0.00
270.00, 64.00, 62.00, 0.75, 0.00
270.75, 66.00, 63.00, 0.25, 0.00
271.00, 43.00, 50.00, 3.00, 1.00
271.00, 50.00, 54.00, 3.00, 1.00
271.00, 67.00, 64.00, 1.00, 0.00
272.00, 66.00, 63.00, 1.00, 0.00
272.00, 69.00, 65.00, 1.00, 0.00
273.00, 59.00, 59.00, 1.00, 1.00
273.00, 65.00, 62.00, 2.00, 0.00
273.00, 71.00, 66.00, 6.00, 0.00
273.75, 73.00, 67.00, 0.25, 0.00
274.00, 43.00, 50.00, 1.00, 1.00
274.00, 74.00, 67.00, 1.00, 0.00
275.00, 42.00, 49.00, 2.00, 1.00
275.00, 66.00, 63.00, 1.00, 0.00
275.00, 75.00, 68.00, 1.00, 0.00
276.00, 30.00, 42.00, 1.00, 1.00
276.00, 64.00, 62.00, 1.00, 0.00
276.00, 68.00, 64.00, 1.00, 0.00
276.00, 76.00, 69.00, 0.50, 0.00
276.50, 73.00, 67.00, 0.50, 0.00
277.00, 54.00, 56.00, 1.50, 1.00
277.00, 64.00, 62.00, 2.00, 0.00
277.00, 68.00, 64.00, 1.00, 0.00
278.00, 70.00, 65.00, 1.00, 0.00
278.50, 54.00, 56.00, 0.50, 1.00
279.00, 54.00, 56.00, 2.00, 1.00
279.00, 63.00, 61.00, 1.00, 0.00
279.00, 66.00, 63.00, 0.50, 0.00
279.75, 66.00, 63.00, 0.25, 1.00
279.75, 68.00, 64.00, 0.25, 0.00
280.00, 63.00, 61.00, 2.00, 0.00
280.00, 66.00, 63.00, 2.50, 1.00
280.00, 70.00, 65.00, 1.00, 0.00
281.00, 54.00, 56.00, 3.00, 1.00
281.00, 71.00, 66.00, 1.00, 0.00
282.00, 64.00, 62.00, 1.00, 0.00
282.00, 68.00, 64.00, 0.50, 0.00
282.75, 66.00, 63.00, 0.25, 1.00
282.75, 70.00, 65.00, 0.25, 0.00
283.00, 64.00, 62.00, 2.00, 0.00
283.00, 66.00, 63.00, 2.00, 1.00
283.00, 68.00, 64.00, 1.00, 0.00
283.00, 71.00, 66.00, 1.00, 0.00
284.00, 54.00, 56.00, 1.00, 1.00
284.00, 70.00, 65.00, 1.00, 0.00
284.00, 73.00, 67.00, 1.00, 0.00
285.00, 47.00, 52.00, 0.50, 1.00
285.00, 63.00, 61.00, 0.50, 0.00
285.00, 71.00, 66.00, 0.50, 0.00
285.00, 75.00, 68.00, 0.50, 0.00
285.75, 63.00, 61.00, 0.25, 1.00
285.75, 66.00, 63.00, 0.25, 0.00
285.75, 71.00, 66.00, 0.25, 0.00
285.75, 78.00, 70.00, 0.25, 0.00
286.00, 63.00, 61.00, 1.00, 1.00
286.00, 66.00, 63.00, 1.00, 0.00
286.00, 71.00, 66.00, 1.00, 0.00
286.00, 78.00, 70.00, 1.00, 0.00
287.00, 64.00, 62.00, 1.00, 1.00
287.00, 68.00, 64.00, 1.00, 0.00
287.00, 71.00, 66.00, 1.00, 0.00
287.00, 80.00, 71.00, 1.00, 0.00
288.00, 63.00, 61.00, 0.50, 1.00
288.00, 66.00, 63.00, 0.50, 0.00
288.00, 71.00, 66.00, 0.50, 0.00
288.00, 78.00, 70.00, 0.50, 0.00
288.75, 59.00, 59.00, 0.25, 1.00
288.75, 63.00, 61.00, 0.25, 0.00
288.75, 66.00, 63.00, 0.25, 0.00
288.75, 75.00, 68.00, 0.25, 0.00
289.00, 56.00, 57.00, 1.00, 1.00
289.00, 63.00, 61.00, 1.00, 0.00
289.00, 68.00, 64.00, 1.00, 0.00
289.00, 71.00, 66.00, 1.00, 0.00
290.00, 61.00, 60.00, 1.00, 1.00
290.00, 64.00, 62.00, 1.00, 0.00
290.00, 68.00, 64.00, 1.00, 0.00
290.00, 76.00, 69.00, 1.00, 0.00
291.00, 59.00, 59.00, 0.50, 1.00
291.00, 63.00, 61.00, 0.50, 0.00
291.00, 68.00, 64.00, 0.50, 0.00
291.00, 75.00, 68.00, 0.50, 0.00
291.75, 56.00, 57.00, 0.25, 1.00
291.75, 63.00, 61.00, 0.25, 0.00
291.75, 68.00, 64.00, 0.25, 0.00
291.75, 71.00, 66.00, 0.25, 0.00
292.00, 52.00, 55.00, 1.00, 1.00
292.00, 59.00, 59.00, 2.00, 1.00
292.00, 64.00, 62.00, 1.00, 0.00
292.00, 68.00, 64.00, 1.00, 0.00
293.00, 47.00, 52.00, 1.00, 1.00
293.00, 54.00, 56.00, 1.00, 1.00
293.00, 63.00, 61.00, 1.00, 0.00
293.00, 71.00, 66.00, 1.00, 0.00
294.00, 58.00, 58.00, 0.50, 1.00
294.00, 64.00, 62.00, 0.50, 0.00
294.00, 66.00, 63.00, 0.50, 0.00
294.00, 73.00, 67.00, 0.50, 0.00
294.75, 42.00, 49.00, 0.25, 1.00
294.75, 75.00, 68.00, 0.25, 0.00
295.00, 58.00, 58.00, 1.50, 1.00
295.00, 64.00, 62.00, 1.50, 0.00
295.00, 66.00, 63.00, 1.50, 0.00
295.00, 73.00, 67.00, 1.50, 0.00
296.50, 47.00, 52.00, 0.50, 1.00
296.50, 59.00, 59.00, 0.50, 1.00
296.50, 63.00, 61.00, 0.50, 0.00
296.50, 71.00, 66.00, 0.50, 0.00
297.00, 47.00, 52.00, 0.50, 1.00
297.00, 59.00, 59.00, 0.50, 1.00
297.00, 63.00, 61.00, 1.00, 0.00
297.00, 71.00, 66.00, 0.50, 0.00
297.75, 68.00, 64.00, 0.25, 0.00
298.00, 52.00, 55.00, 2.00, 1.00
298.00, 59.00, 59.00, 1.00, 1.00
298.00, 64.00, 62.00, 2.00, 0.00
298.00, 68.00, 64.00, 1.00, 0.00
299.00, 61.00, 60.00, 0.50, 1.00
299.00, 70.00, 65.00, 0.50, 0.00
299.50, 59.00, 59.00, 0.50, 1.00
299.50, 68.00, 64.00, 0.50, 0.00
300.00, 54.00, 56.00, 0.50, 1.00
300.00, 58.00, 58.00, 0.50, 1.00
300.00, 64.00, 62.00, 1.00, 0.00
300.00, 66.00, 63.00, 0.50, 0.00
300.75, 42.00, 49.00, 0.25, 1.00
300.75, 73.00, 67.00, 0.25, 0.00
301.00, 58.00, 58.00, 1.00, 1.00
301.00, 58.00, 58.00, 2.00, 1.00
301.00, 64.00, 62.00, 1.00, 0.00
301.00, 66.00, 63.00, 1.00, 0.00
301.00, 73.00, 67.00, 1.00, 0.00
302.00, 42.00, 49.00, 1.00, 1.00
302.00, 64.00, 62.00, 1.00, 0.00
302.00, 66.00, 63.00, 1.00, 0.00
302.00, 75.00, 68.00, 1.00, 0.00
303.00, 47.00, 52.00, 1.75, 1.00
303.00, 54.00, 56.00, 1.00, 1.00
303.00, 63.00, 61.00, 1.00, 0.00
303.00, 71.00, 66.00, 2.00, 0.00
304.00, 55.00, 57.00, 1.00, 1.00
304.00, 62.00, 61.00, 0.75, 0.00
304.75, 48.00, 53.00, 0.25, 1.00
304.75, 64.00, 62.00, 0.25, 0.00
305.00, 50.00, 54.00, 2.00, 1.00
305.00, 54.00, 56.00, 2.00, 1.00
305.00, 60.00, 60.00, 2.00, 0.00
305.00, 69.00, 65.00, 1.00, 0.00
306.00, 62.00, 61.00, 0.50, 0.00
306.50, 64.00, 62.00, 0.50, 0.00
307.00, 50.00, 54.00, 1.00, 1.00
307.00, 55.00, 57.00, 1.00, 1.00
307.00, 59.00, 59.00, 1.00, 1.00
307.00, 62.00, 61.00, 0.50, 0.00
307.50, 69.00, 65.00, 0.50, 0.00
308.00, 43.00, 50.00, 1.00, 1.00
308.00, 67.00, 64.00, 0.50, 0.00
308.50, 72.00, 67.00, 0.50, 0.00
309.00, 71.00, 66.00, 0.50, 0.00
309.50, 76.00, 69.00, 0.50, 0.00
310.00, 50.00, 54.00, 1.00, 1.00
310.00, 59.00, 59.00, 1.00, 1.00
310.00, 74.00, 68.00, 0.50, 0.00
310.50, 78.00, 70.00, 0.50, 0.00
311.00, 43.00, 50.00, 1.00, 1.00
311.00, 79.00, 71.00, 0.50, 0.00
311.50, 76.00, 69.00, 0.50, 0.00
312.00, 74.00, 68.00, 0.50, 0.00
312.50, 76.00, 69.00, 0.50, 0.00
313.00, 50.00, 54.00, 1.00, 1.00
313.00, 54.00, 56.00, 1.00, 1.00
313.00, 60.00, 60.00, 1.00, 1.00
313.00, 74.00, 68.00, 0.50, 0.00
313.50, 71.00, 66.00, 0.50, 0.00
314.00, 43.00, 50.00, 1.00, 1.00
314.00, 72.00, 67.00, 0.50, 0.00
314.50, 69.00, 65.00, 0.50, 0.00
315.00, 71.00, 66.00, 0.50, 0.00
315.50, 66.00, 63.00, 0.50, 0.00
316.00, 50.00, 54.00, 1.00, 1.00
316.00, 55.00, 57.00, 2.00, 1.00
316.00, 59.00, 59.00, 1.00, 1.00
316.00, 67.00, 64.00, 0.50, 0.00
316.50, 66.00, 63.00, 0.50, 0.00
317.00, 49.00, 53.00, 1.00, 1.00
317.00, 58.00, 58.00, 1.00, 1.00
317.00, 67.00, 64.00, 0.50, 0.00
317.50, 64.00, 62.00, 0.50, 0.00
318.00, 62.00, 61.00, 0.50, 0.00
318.50, 64.00, 62.00, 0.50, 0.00
319.00, 50.00, 54.00, 1.00, 1.00
319.00, 59.00, 59.00, 1.00, 1.00
319.00, 62.00, 61.00, 0.50, 0.00
319.50, 69.00, 65.00, 0.50, 0.00
320.00, 43.00, 50.00, 1.00, 1.00
320.00, 67.00, 64.00, 0.50, 0.00
320.50, 72.00, 67.00, 0.50, 0.00
321.00, 71.00, 66.00, 0.50, 0.00
321.50, 76.00, 69.00, 0.50, 0.00
322.00, 50.00, 54.00, 1.00, 1.00
322.00, 59.00, 59.00, 1.00, 1.00
322.00, 74.00, 68.00, 0.50, 0.00
322.50, 78.00, 70.00, 0.50, 0.00
323.00, 43.00, 50.00, 1.00, 1.00
323.00, 79.00, 71.00, 0.50, 0.00
323.50, 76.00, 69.00, 0.50, 0.00
324.00, 74.00, 68.00, 0.50, 0.00
324.50, 76.00, 69.00, 0.50, 0.00
325.00, 50.00, 54.00, 1.00, 1.00
325.00, 54.00, 56.00, 1.00, 1.00
325.00, 60.00, 60.00, 1.00, 1.00
325.00, 74.00, 68.00, 0.50, 0.00
325.50, 71.00, 66.00, 0.50, 0.00
326.00, 43.00, 50.00, 2.00, 1.00
326.00, 72.00, 67.00, 0.50, 0.00
326.50, 69.00, 65.00, 0.50, 0.00
327.00, 71.00, 66.00, 0.50, 0.00
327.50, 66.00, 63.00, 0.50, 0.00
328.00, 52.00, 55.00, 1.00, 1.00
328.00, 59.00, 59.00, 1.00, 1.00
328.00, 62.00, 61.00, 1.00, 0.00
328.00, 67.00, 64.00, 0.50, 0.00
328.50, 66.00, 63.00, 0.50, 0.00
329.00, 45.00, 51.00, 1.00, 1.00
329.00, 55.00, 57.00, 1.00, 1.00
329.00, 61.00, 60.00, 1.00, 0.00
329.00, 64.00, 62.00, 0.50, 0.00
329.50, 71.00, 66.00, 0.50, 0.00
330.00, 69.00, 65.00, 0.50, 0.00
330.50, 71.00, 66.00, 0.50, 0.00
331.00, 57.00, 58.00, 1.00, 1.00
331.00, 66.00, 63.00, 1.00, 1.00
331.00, 69.00, 65.00, 0.50, 0.00
331.50, 76.00, 69.00, 0.50, 0.00
332.00, 50.00, 54.00, 1.00, 1.00
332.00, 74.00, 68.00, 0.50, 0.00
332.50, 79.00, 71.00, 0.50, 0.00
333.00, 78.00, 70.00, 0.50, 0.00
333.50, 83.00, 73.00, 0.50, 0.00
334.00, 57.00, 58.00, 1.00, 1.00
334.00, 66.00, 63.00, 1.00, 1.00
334.00, 81.00, 72.00, 0.50, 0.00
334.50, 85.00, 74.00, 0.50, 0.00
335.00, 50.00, 54.00, 1.00, 1.00
335.00, 86.00, 75.00, 0.50, 0.00
335.50, 83.00, 73.00, 0.50, 0.00
336.00, 81.00, 72.00, 0.50, 0.00
336.50, 83.00, 73.00, 0.50, 0.00
337.00, 57.00, 58.00, 1.00, 1.00
337.00, 61.00, 60.00, 1.00, 1.00
337.00, 67.00, 64.00, 1.00, 1.00
337.00, 81.00, 72.00, 0.50, 0.00
337.50, 78.00, 70.00, 0.50, 0.00
338.00, 50.00, 54.00, 1.00, 1.00
338.00, 79.00, 71.00, 0.50, 0.00
338.50, 76.00, 69.00, 0.50, 0.00
339.00, 78.00, 70.00, 0.50, 0.00
339.50, 73.00, 67.00, 0.50, 0.00
340.00, 57.00, 58.00, 1.00, 1.00
340.00, 62.00, 61.00, 2.00, 1.00
340.00, 66.00, 63.00, 1.00, 1.00
340.00, 74.00, 68.00, 0.50, 0.00
340.50, 73.00, 67.00, 0.50, 0.00
341.00, 56.00, 57.00, 1.00, 1.00
341.00, 65.00, 62.00, 1.00, 1.00
341.00, 74.00, 68.00, 0.50, 0.00
341.50, 71.00, 66.00, 0.50, 0.00
342.00, 69.00, 65.00, 0.50, 0.00
342.50, 71.00, 66.00, 0.50, 0.00
343.00, 57.00, 58.00, 1.00, 1.00
343.00, 66.00, 63.00, 1.00, 1.00
343.00, 69.00, 65.00, 0.50, 0.00
343.50, 76.00, 69.00, 0.50, 0.00
344.00, 50.00, 54.00, 1.00, 1.00
344.00, 74.00, 68.00, 0.50, 0.00
344.50, 79.00, 71.00, 0.50, 0.00
345.00, 78.00, 70.00, 0.50, 0.00
345.50, 83.00, 73.00, 0.50, 0.00
346.00, 57.00, 58.00, 1.00, 1.00
346.00, 66.00, 63.00, 1.00, 1.00
346.00, 81.00, 72.00, 0.50, 0.00
346.50, 85.00, 74.00, 0.50, 0.00
347.00, 50.00, 54.00, 1.00, 1.00
347.00, 86.00, 75.00, 0.50, 0.00
347.50, 83.00, 73.00, 0.50, 0.00
348.00, 81.00, 72.00, 0.50, 0.00
348.50, 83.00, 73.00, 0.50, 0.00
349.00, 57.00, 58.00, 1.00, 1.00
349.00, 61.00, 60.00, 1.00, 1.00
349.00, 67.00, 64.00, 1.00, 1.00
349.00, 81.00, 72.00, 0.50, 0.00
349.50, 78.00, 70.00, 0.50, 0.00
350.00, 50.00, 54.00, 1.00, 1.00
350.00, 79.00, 71.00, 0.50, 0.00
350.50, 76.00, 69.00, 0.50, 0.00
351.00, 78.00, 70.00, 0.50, 0.00
351.50, 74.00, 68.00, 0.50, 0.00
352.00, 57.00, 58.00, 1.00, 1.00
352.00, 60.00, 60.00, 1.00, 1.00
352.00, 66.00, 63.00, 1.00, 1.00
352.00, 76.00, 69.00, 0.50, 0.00
352.50, 71.00, 66.00, 0.50, 0.00
353.00, 50.00, 54.00, 1.00, 1.00
353.00, 72.00, 67.00, 0.50, 0.00
353.50, 64.00, 62.00, 0.50, 0.00
354.00, 62.00, 61.00, 0.50, 0.00
354.50, 64.00, 62.00, 0.50, 0.00
355.00, 50.00, 54.00, 1.00, 1.00
355.00, 59.00, 59.00, 1.00, 1.00
355.00, 62.00, 61.00, 0.50, 0.00
355.50, 69.00, 65.00, 0.50, 0.00
356.00, 43.00, 50.00, 1.00, 1.00
356.00, 67.00, 64.00, 0.50, 0.00
356.50, 72.00, 67.00, 0.50, 0.00
357.00, 71.00, 66.00, 0.50, 0.00
357.50, 76.00, 69.00, 0.50, 0.00
358.00, 50.00, 54.00, 1.00, 1.00
358.00, 59.00, 59.00, 1.00, 1.00
358.00, 74.00, 68.00, 0.50, 0.00
358.50, 78.00, 70.00, 0.50, 0.00
359.00, 43.00, 50.00, 1.00, 1.00
359.00, 79.00, 71.00, 0.50, 0.00
359.50, 76.00, 69.00, 0.50, 0.00
360.00, 74.00, 68.00, 0.50, 0.00
360.50, 76.00, 69.00, 0.50, 0.00
361.00, 50.00, 54.00, 1.00, 1.00
361.00, 54.00, 56.00, 1.00, 1.00
361.00, 60.00, 60.00, 1.00, 1.00
361.00, 74.00, 68.00, 0.50, 0.00
361.50, 71.00, 66.00, 0.50, 0.00
362.00, 43.00, 50.00, 1.00, 1.00
362.00, 72.00, 67.00, 0.50, 0.00
362.50, 69.00, 65.00, 0.50, 0.00
363.00, 71.00, 66.00, 0.50, 0.00
363.50, 66.00, 63.00, 0.50, 0.00
364.00, 50.00, 54.00, 1.00, 1.00
364.00, 55.00, 57.00, 2.00, 1.00
364.00, 59.00, 59.00, 1.00, 1.00
364.00, 67.00, 64.00, 0.50, 0.00
364.50, 66.00, 63.00, 0.50, 0.00
365.00, 49.00, 53.00, 1.00, 1.00
365.00, 58.00, 58.00, 1.00, 1.00
365.00, 67.00, 64.00, 0.50, 0.00
365.50, 64.00, 62.00, 0.50, 0.00
366.00, 62.00, 61.00, 0.50, 0.00
366.50, 64.00, 62.00, 0.50, 0.00
367.00, 50.00, 54.00, 1.00, 1.00
367.00, 59.00, 59.00, 1.00, 1.00
367.00, 62.00, 61.00, 0.50, 0.00
367.50, 69.00, 65.00, 0.50, 0.00
368.00, 43.00, 50.00, 1.00, 1.00
368.00, 67.00, 64.00, 0.50, 0.00
368.50, 72.00, 67.00, 0.50, 0.00
369.00, 71.00, 66.00, 0.50, 0.00
369.50, 76.00, 69.00, 0.50, 0.00
370.00, 50.00, 54.00, 1.00, 1.00
370.00, 59.00, 59.00, 1.00, 1.00
370.00, 74.00, 68.00, 0.50, 0.00
370.50, 78.00, 70.00, 0.50, 0.00
371.00, 43.00, 50.00, 1.00, 1.00
371.00, 79.00, 71.00, 0.50, 0.00
371.50, 76.00, 69.00, 0.50, 0.00
372.00, 74.00, 68.00, 0.50, 0.00
372.50, 76.00, 69.00, 0.50, 0.00
373.00, 50.00, 54.00, 1.00, 1.00
373.00, 54.00, 56.00, 1.00, 1.00
373.00, 60.00, 60.00, 1.00, 1.00
373.00, 74.00, 68.00, 0.50, 0.00
373.50, 71.00, 66.00, 0.50, 0.00
374.00, 43.00, 50.00, 2.00, 1.00
374.00, 72.00, 67.00, 0.50, 0.00
374.50, 69.00, 65.00, 0.50, 0.00
375.00, 71.00, 66.00, 0.50, 0.00
375.50, 66.00, 63.00, 0.50, 0.00
376.00, 52.00, 55.00, 1.00, 1.00
376.00, 59.00, 59.00, 1.00, 1.00
376.00, 62.00, 61.00, 1.00, 0.00
376.00, 67.00, 64.00, 0.50, 0.00
376.50, 66.00, 63.00, 0.50, 0.00
377.00, 45.00, 51.00, 1.00, 1.00
377.00, 55.00, 57.00, 1.00, 1.00
377.00, 61.00, 60.00, 1.00, 0.00
377.00, 64.00, 62.00, 0.50, 0.00
377.50, 71.00, 66.00, 0.50, 0.00
378.00, 69.00, 65.00, 0.50, 0.00
378.50, 71.00, 66.00, 0.50, 0.00
379.00, 57.00, 58.00, 1.00, 1.00
379.00, 66.00, 63.00, 1.00, 1.00
379.00, 69.00, 65.00, 0.50, 0.00
379.50, 76.00, 69.00, 0.50, 0.00
380.00, 50.00, 54.00, 1.00, 1.00
380.00, 74.00, 68.00, 0.50, 0.00
380.50, 79.00, 71.00, 0.50, 0.00
381.00, 78.00, 70.00, 0.50, 0.00
381.50, 83.00, 73.00, 0.50, 0.00
382.00, 57.00, 58.00, 1.00, 1.00
382.00, 66.00, 63.00, 1.00, 1.00
382.00, 81.00, 72.00, 0.50, 0.00
382.50, 85.00, 74.00, 0.50, 0.00
383.00, 50.00, 54.00, 1.00, 1.00
383.00, 86.00, 75.00, 0.50, 0.00
383.50, 83.00, 73.00, 0.50, 0.00
384.00, 81.00, 72.00, 0.50, 0.00
384.50, 83.00, 73.00, 0.50, 0.00
385.00, 57.00, 58.00, 1.00, 1.00
385.00, 61.00, 60.00, 1.00, 1.00
385.00, 67.00, 64.00, 1.00, 1.00
385.00, 81.00, 72.00, 0.50, 0.00
385.50, 78.00, 70.00, 0.50, 0.00
386.00, 50.00, 54.00, 1.00, 1.00
386.00, 79.00, 71.00, 0.50, 0.00
386.50, 76.00, 69.00, 0.50, 0.00
387.00, 78.00, 70.00, 0.50, 0.00
387.50, 73.00, 67.00, 0.50, 0.00
388.00, 57.00, 58.00, 1.00, 1.00
388.00, 62.00, 61.00, 2.00, 1.00
388.00, 66.00, 63.00, 1.00, 1.00
388.00, 74.00, 68.00, 0.50, 0.00
388.50, 73.00, 67.00, 0.50, 0.00
389.00, 56.00, 57.00, 1.00, 1.00
389.00, 65.00, 62.00, 1.00, 1.00
389.00, 74.00, 68.00, 0.50, 0.00
389.50, 71.00, 66.00, 0.50, 0.00
390.00, 69.00, 65.00, 0.50, 0.00
390.50, 71.00, 66.00, 0.50, 0.00
391.00, 57.00, 58.00, 1.00, 1.00
391.00, 66.00, 63.00, 1.00, 1.00
391.00, 69.00, 65.00, 0.50, 0.00
391.50, 76.00, 69.00, 0.50, 0.00
392.00, 50.00, 54.00, 1.00, 1.00
392.00, 74.00, 68.00, 0.50, 0.00
392.50, 79.00, 71.00, 0.50, 0.00
393.00, 78.00, 70.00, 0.50, 0.00
393.50, 83.00, 73.00, 0.50, 0.00
394.00, 57.00, 58.00, 1.00, 1.00
394.00, 66.00, 63.00, 1.00, 1.00
394.00, 81.00, 72.00, 0.50, 0.00
394.50, 85.00, 74.00, 0.50, 0.00
395.00, 50.00, 54.00, 1.00, 1.00
395.00, 86.00, 75.00, 0.50, 0.00
395.50, 83.00, 73.00, 0.50, 0.00
396.00, 81.00, 72.00, 0.50, 0.00
396.50, 78.00, 70.00, 0.50, 0.00
397.00, 79.00, 71.00, 0.50, 0.00
397.50, 83.00, 73.00, 0.50, 0.00
398.00, 81.00, 72.00, 0.50, 0.00
398.50, 78.00, 70.00, 0.50, 0.00
399.00, 74.00, 68.00, 0.50, 0.00
399.50, 76.00, 69.00, 0.50, 0.00
400.00, 79.00, 71.00, 0.50, 0.00
400.50, 78.00, 70.00, 0.50, 0.00
401.00, 74.00, 68.00, 0.50, 0.00
401.50, 69.00, 65.00, 0.50, 0.00
402.00, 70.00, 66.00, 0.50, 0.00
402.50, 74.00, 68.00, 0.50, 0.00
403.00, 69.00, 65.00, 0.50, 0.00
403.50, 66.00, 63.00, 0.50, 0.00
404.00, 70.00, 66.00, 0.50, 0.00
404.50, 74.00, 68.00, 0.50, 0.00
405.00, 69.00, 65.00, 0.50, 0.00
405.50, 66.00, 63.00, 0.50, 0.00
406.00, 70.00, 66.00, 0.50, 0.00
406.50, 74.00, 68.00, 0.50, 0.00
407.00, 69.00, 65.00, 0.50, 0.00
407.50, 66.00, 63.00, 0.50, 0.00
408.00, 69.00, 65.00, 0.50, 0.00
408.50, 73.00, 68.00, 0.50, 0.00
409.00, 68.00, 65.00, 0.50, 0.00
409.50, 65.00, 63.00, 0.50, 0.00
410.00, 69.00, 65.00, 0.50, 0.00
410.50, 73.00, 68.00, 0.50, 0.00
411.00, 68.00, 65.00, 0.50, 0.00
411.50, 65.00, 63.00, 0.50, 0.00
412.00, 69.00, 65.00, 0.50, 0.00
412.50, 73.00, 68.00, 0.50, 0.00
413.00, 68.00, 65.00, 0.50, 0.00
413.50, 65.00, 63.00, 0.50, 0.00
414.00, 68.00, 65.00, 0.50, 0.00
414.50, 72.00, 67.00, 0.50, 0.00
415.00, 67.00, 64.00, 0.50, 0.00
415.50, 64.00, 62.00, 0.50, 0.00
416.00, 67.00, 64.00, 0.50, 0.00
416.50, 71.00, 66.00, 0.50, 0.00
417.00, 66.00, 63.00, 0.50, 0.00
417.50, 63.00, 61.00, 0.50, 0.00
418.00, 66.00, 63.00, 0.50, 0.00
418.50, 70.00, 66.00, 0.50, 0.00
419.00, 65.00, 63.00, 0.50, 0.00
419.50, 62.00, 61.00, 0.50, 0.00
420.00, 65.00, 63.00, 0.50, 0.00
420.50, 69.00, 65.00, 0.50, 0.00
421.00, 64.00, 62.00, 0.50, 0.00
421.50, 61.00, 60.00, 0.50, 0.00
422.00, 64.00, 62.00, 0.50, 0.00
422.50, 68.00, 64.00, 0.50, 0.00
423.00, 63.00, 61.00, 0.50, 0.00
423.50, 60.00, 59.00, 0.50, 0.00
424.00, 64.00, 62.00, 0.50, 0.00
424.50, 68.00, 64.00, 0.50, 0.00
425.00, 63.00, 61.00, 0.50, 0.00
425.50, 59.00, 59.00, 0.50, 0.00
426.00, 64.00, 62.00, 3.00, 0.00
426.00, 68.00, 64.00, 2.00, 0.00
426.50, 61.00, 60.00, 0.50, 1.00
427.00, 56.00, 57.00, 1.00, 1.00
428.00, 58.00, 58.00, 1.00, 1.00
428.00, 66.00, 63.00, 1.00, 0.00
429.00, 59.00, 59.00, 0.50, 1.00
429.00, 63.00, 61.00, 3.00, 0.00
429.00, 66.00, 63.00, 0.75, 0.00
429.50, 58.00, 58.00, 0.50, 1.00
429.75, 66.00, 63.00, 0.25, 0.00
430.00, 59.00, 59.00, 1.00, 1.00
430.00, 66.00, 63.00, 1.00, 0.00
431.00, 61.00, 60.00, 1.00, 1.00
431.00, 66.00, 63.00, 1.00, 0.00
432.00, 62.00, 61.00, 3.00, 0.00
432.00, 66.00, 63.00, 0.75, 0.00
432.50, 59.00, 59.00, 0.50, 1.00
432.75, 66.00, 63.00, 0.25, 0.00
433.00, 54.00, 56.00, 1.00, 1.00
433.00, 66.00, 63.00, 1.00, 0.00
434.00, 56.00, 57.00, 1.00, 1.00
434.00, 64.00, 62.00, 1.00, 0.00
435.00, 57.00, 58.00, 0.50, 1.00
435.00, 61.00, 60.00, 3.00, 0.00
435.00, 64.00, 62.00, 0.75, 0.00
435.50, 56.00, 57.00, 0.50, 1.00
435.75, 64.00, 62.00, 0.25, 0.00
436.00, 57.00, 58.00, 1.00, 1.00
436.00, 64.00, 62.00, 1.00, 0.00
437.00, 59.00, 59.00, 1.00, 1.00
437.00, 64.00, 62.00, 1.00, 0.00
438.00, 60.00, 60.00, 3.00, 0.00
438.00, 64.00, 62.00, 0.75, 0.00
438.50, 57.00, 58.00, 0.50, 1.00
438.75, 64.00, 62.00, 0.25, 0.00
439.00, 52.00, 55.00, 1.00, 1.00
439.00, 64.00, 62.00, 1.50, 0.00
440.00, 54.00, 56.00, 1.00, 1.00
440.50, 62.00, 61.00, 1.25, 0.00
441.00, 55.00, 57.00, 3.00, 1.00
441.00, 59.00, 59.00, 3.00, 0.00
441.75, 64.00, 62.00, 0.25, 0.00
442.00, 43.00, 50.00, 3.00, 1.00
442.00, 50.00, 54.00, 3.00, 1.00
442.00, 66.00, 63.00, 1.00, 0.00
443.00, 67.00, 64.00, 1.00, 0.00
444.00, 57.00, 58.00, 3.00, 1.00
444.00, 60.00, 60.00, 3.00, 0.00
444.00, 64.00, 62.00, 0.75, 0.00
444.75, 66.00, 63.00, 0.25, 0.00
445.00, 43.00, 50.00, 3.00, 1.00
445.00, 50.00, 54.00, 3.00, 1.00
445.00, 67.00, 64.00, 1.00, 0.00
446.00, 66.00, 63.00, 1.00, 0.00
446.00, 69.00, 65.00, 1.00, 0.00
447.00, 59.00, 59.00, 3.00, 1.00
447.00, 67.00, 64.00, 2.00, 0.00
447.00, 71.00, 66.00, 0.75, 0.00
447.75, 74.00, 68.00, 0.25, 0.00
448.00, 43.00, 50.00, 6.00, 1.00
448.00, 50.00, 54.00, 6.00, 1.00
448.00, 74.00, 68.00, 2.00, 0.00
449.00, 62.00, 61.00, 1.00, 0.00
450.00, 60.00, 60.00, 3.00, 0.00
450.00, 64.00, 62.00, 0.75, 0.00
450.50, 57.00, 58.00, 0.50, 1.00
450.75, 64.00, 62.00, 0.25, 0.00
451.00, 52.00, 55.00, 1.00, 1.00
451.00, 64.00, 62.00, 1.50, 0.00
452.00, 54.00, 56.00, 1.00, 1.00
452.50, 62.00, 61.00, 1.25, 0.00
453.00, 55.00, 57.00, 3.00, 1.00
453.00, 59.00, 59.00, 3.00, 0.00
453.75, 64.00, 62.00, 0.25, 0.00
454.00, 43.00, 50.00, 3.00, 1.00
454.00, 50.00, 54.00, 3.00, 1.00
454.00, 66.00, 63.00, 1.00, 0.00
455.00, 67.00, 64.00, 1.00, 0.00
456.00, 57.00, 58.00, 3.00, 1.00
456.00, 60.00, 60.00, 3.00, 0.00
456.00, 64.00, 62.00, 0.75, 0.00
456.75, 66.00, 63.00, 0.25, 0.00
457.00, 43.00, 50.00, 3.00, 1.00
457.00, 50.00, 54.00, 3.00, 1.00
457.00, 67.00, 64.00, 1.00, 0.00
458.00, 66.00, 63.00, 1.00, 0.00
458.00, 69.00, 65.00, 1.00, 0.00
459.00, 59.00, 59.00, 1.00, 1.00
459.00, 65.00, 62.00, 2.00, 0.00
459.00, 71.00, 66.00, 6.00, 0.00
459.75, 73.00, 67.00, 0.25, 0.00
460.00, 43.00, 50.00, 1.00, 1.00
460.00, 74.00, 67.00, 1.00, 0.00
461.00, 42.00, 49.00, 2.00, 1.00
461.00, 66.00, 63.00, 1.00, 0.00
461.00, 75.00, 68.00, 1.00, 0.00
462.00, 30.00, 42.00, 1.00, 1.00
462.00, 64.00, 62.00, 1.00, 0.00
462.00, 68.00, 64.00, 1.00, 0.00
462.00, 76.00, 69.00, 0.75, 0.00
462.75, 73.00, 67.00, 0.25, 0.00
463.00, 54.00, 56.00, 1.50, 1.00
463.00, 64.00, 62.00, 2.00, 0.00
463.00, 68.00, 64.00, 1.00, 0.00
464.00, 70.00, 65.00, 1.00, 0.00
464.50, 54.00, 56.00, 0.50, 1.00
465.00, 54.00, 56.00, 2.00, 1.00
465.00, 63.00, 61.00, 1.00, 0.00
465.00, 66.00, 63.00, 0.50, 0.00
465.75, 66.00, 63.00, 0.25, 1.00
465.75, 68.00, 64.00, 0.25, 0.00
466.00, 63.00, 61.00, 2.00, 0.00
466.00, 66.00, 63.00, 2.50, 1.00
466.00, 70.00, 65.00, 1.00, 0.00
467.00, 54.00, 56.00, 3.00, 1.00
467.00, 71.00, 66.00, 1.00, 0.00
468.00, 64.00, 62.00, 1.00, 0.00
468.00, 68.00, 64.00, 0.50, 0.00
468.75, 66.00, 63.00, 0.25, 1.00
468.75, 70.00, 65.00, 0.25, 0.00
469.00, 64.00, 62.00, 2.00, 0.00
469.00, 66.00, 63.00, 2.00, 1.00
469.00, 68.00, 64.00, 1.00, 0.00
469.00, 71.00, 66.00, 1.00, 0.00
470.00, 54.00, 56.00, 1.00, 1.00
470.00, 70.00, 65.00, 1.00, 0.00
470.00, 73.00, 67.00, 1.00, 0.00
471.00, 47.00, 52.00, 0.50, 1.00
471.00, 63.00, 61.00, 0.50, 0.00
471.00, 71.00, 66.00, 0.50, 0.00
471.00, 75.00, 68.00, 0.50, 0.00
471.75, 63.00, 61.00, 0.25, 1.00
471.75, 66.00, 63.00, 0.25, 0.00
471.75, 71.00, 66.00, 0.25, 0.00
471.75, 78.00, 70.00, 0.25, 0.00
472.00, 63.00, 61.00, 1.00, 1.00
472.00, 66.00, 63.00, 1.00, 0.00
472.00, 71.00, 66.00, 1.00, 0.00
472.00, 78.00, 70.00, 1.00, 0.00
473.00, 64.00, 62.00, 1.00, 1.00
473.00, 68.00, 64.00, 1.00, 0.00
473.00, 71.00, 66.00, 1.00, 0.00
473.00, 80.00, 71.00, 1.00, 0.00
474.00, 63.00, 61.00, 0.50, 1.00
474.00, 66.00, 63.00, 0.50, 0.00
474.00, 71.00, 66.00, 0.50, 0.00
474.00, 78.00, 70.00, 0.50, 0.00
474.75, 59.00, 59.00, 0.25, 1.00
474.75, 63.00, 61.00, 0.25, 0.00
474.75, 66.00, 63.00, 0.25, 0.00
474.75, 75.00, 68.00, 0.25, 0.00
475.00, 56.00, 57.00, 1.00, 1.00
475.00, 63.00, 61.00, 1.00, 0.00
475.00, 68.00, 64.00, 1.00, 0.00
475.00, 71.00, 66.00, 1.00, 0.00
476.00, 61.00, 60.00, 1.00, 1.00
476.00, 64.00, 62.00, 1.00, 0.00
476.00, 68.00, 64.00, 1.00, 0.00
476.00, 76.00, 69.00, 1.00, 0.00
477.00, 59.00, 59.00, 0.50, 1.00
477.00, 63.00, 61.00, 0.50, 0.00
477.00, 68.00, 64.00, 0.50, 0.00
477.00, 75.00, 68.00, 0.50, 0.00
477.75, 56.00, 57.00, 0.25, 1.00
477.75, 63.00, 61.00, 0.25, 0.00
477.75, 68.00, 64.00, 0.25, 0.00
477.75, 71.00, 66.00, 0.25, 0.00
478.00, 52.00, 55.00, 1.00, 1.00
478.00, 59.00, 59.00, 2.00, 1.00
478.00, 64.00, 62.00, 1.00, 0.00
478.00, 68.00, 64.00, 1.00, 0.00
479.00, 47.00, 52.00, 1.00, 1.00
479.00, 54.00, 56.00, 1.00, 1.00
479.00, 63.00, 61.00, 1.00, 0.00
479.00, 71.00, 66.00, 1.00, 0.00
480.00, 58.00, 58.00, 0.50, 1.00
480.00, 64.00, 62.00, 0.50, 0.00
480.00, 66.00, 63.00, 0.50, 0.00
480.00, 73.00, 67.00, 0.50, 0.00
480.75, 42.00, 49.00, 0.25, 1.00
480.75, 75.00, 68.00, 0.25, 0.00
481.00, 58.00, 58.00, 1.50, 1.00
481.00, 64.00, 62.00, 1.50, 0.00
481.00, 66.00, 63.00, 1.50, 0.00
481.00, 73.00, 67.00, 1.50, 0.00
482.50, 47.00, 52.00, 0.50, 1.00
482.50, 59.00, 59.00, 0.50, 1.00
482.50, 63.00, 61.00, 0.50, 0.00
482.50, 71.00, 66.00, 0.50, 0.00
483.00, 47.00, 52.00, 0.50, 1.00
483.00, 59.00, 59.00, 0.50, 1.00
483.00, 63.00, 61.00, 0.50, 0.00
483.00, 71.00, 66.00, 0.50, 0.00
483.75, 68.00, 64.00, 0.25, 0.00
484.00, 52.00, 55.00, 2.00, 1.00
484.00, 59.00, 59.00, 1.00, 1.00
484.00, 64.00, 62.00, 2.00, 0.00
484.00, 68.00, 64.00, 1.00, 0.00
485.00, 61.00, 60.00, 0.50, 1.00
485.00, 70.00, 65.00, 0.50, 0.00
485.50, 59.00, 59.00, 0.50, 1.00
485.50, 68.00, 64.00, 0.50, 0.00
486.00, 54.00, 56.00, 0.50, 1.00
486.00, 58.00, 58.00, 0.50, 1.00
486.00, 64.00, 62.00, 0.50, 0.00
486.00, 66.00, 63.00, 0.50, 0.00
486.75, 42.00, 49.00, 0.25, 1.00
486.75, 73.00, 67.00, 0.25, 0.00
487.00, 58.00, 58.00, 1.00, 1.00
487.00, 64.00, 62.00, 1.00, 0.00
487.00, 66.00, 63.00, 1.00, 0.00
487.00, 73.00, 67.00, 1.00, 0.00
488.00, 42.00, 49.00, 1.00, 1.00
488.00, 78.00, 70.00, 1.00, 0.00
489.00, 54.00, 56.00, 3.00, 1.00
489.00, 61.00, 60.00, 3.00, 1.00
489.00, 64.00, 62.00, 3.00, 1.00
489.00, 70.00, 65.00, 3.00, 0.00
489.00, 77.00, 69.00, 0.50, 0.00
489.50, 78.00, 70.00, 0.50, 0.00
490.00, 80.00, 71.00, 1.00, 0.00
491.00, 78.00, 70.00, 1.00, 0.00
492.00, 75.00, 68.00, 0.50, 0.00
492.00, 83.00, 73.00, 0.50, 0.00
492.50, 69.00, 65.00, 0.50, 0.00
492.50, 78.00, 70.00, 0.50, 0.00
493.00, 35.00, 45.00, 3.00, 1.00
493.00, 42.00, 49.00, 3.00, 1.00
493.00, 66.00, 63.00, 1.00, 0.00
493.00, 75.00, 68.00, 1.00, 0.00
494.00, 64.00, 62.00, 1.00, 0.00
494.00, 73.00, 67.00, 1.00, 0.00
495.00, 63.00, 61.00, 0.50, 0.00
495.00, 71.00, 66.00, 0.50, 0.00
495.50, 69.00, 65.00, 0.50, 0.00
495.50, 70.00, 65.00, 0.50, 0.00
496.00, 35.00, 45.00, 3.00, 1.00
496.00, 47.00, 52.00, 3.00, 1.00
496.00, 63.00, 61.00, 1.00, 0.00
496.00, 71.00, 66.00, 1.00, 0.00
497.00, 69.00, 65.00, 1.00, 0.00
497.00, 78.00, 70.00, 1.00, 0.00
498.00, 68.00, 64.00, 0.50, 0.00
498.00, 77.00, 69.00, 0.50, 0.00
498.50, 65.00, 62.00, 0.50, 0.00
498.50, 74.00, 67.00, 0.50, 0.00
499.00, 35.00, 45.00, 1.00, 1.00
499.00, 41.00, 48.00, 1.00, 1.00
499.00, 62.00, 61.00, 1.00, 0.00
499.00, 71.00, 66.00, 1.00, 0.00
500.00, 50.00, 54.00, 1.00, 1.00
500.00, 61.00, 60.00, 0.50, 0.00
500.00, 70.00, 65.00, 0.50, 0.00
500.50, 59.00, 59.00, 0.50, 0.00
500.50, 68.00, 64.00, 0.50, 0.00
501.00, 58.00, 58.00, 0.50, 0.00
501.00, 66.00, 63.00, 0.50, 0.00
501.50, 64.00, 62.00, 0.50, 0.00
501.50, 65.00, 62.00, 0.50, 0.00
502.00, 42.00, 49.00, 1.00, 1.00
502.00, 52.00, 55.00, 1.00, 1.00
502.00, 58.00, 58.00, 1.00, 0.00
502.00, 66.00, 63.00, 1.00, 0.00
503.00, 35.00, 45.00, 1.00, 1.00
503.00, 64.00, 62.00, 1.00, 0.00
503.00, 73.00, 67.00, 1.00, 0.00
504.00, 63.00, 61.00, 0.50, 0.00
504.00, 71.00, 66.00, 0.50, 0.00
504.50, 57.00, 58.00, 0.50, 0.00
504.50, 66.00, 63.00, 0.50, 0.00
505.00, 35.00, 45.00, 1.00, 1.00
505.00, 47.00, 52.00, 1.00, 1.00
505.00, 54.00, 56.00, 1.00, 1.00
505.00, 63.00, 61.00, 1.00, 1.00
506.00, 40.00, 48.00, 1.00, 1.00
506.00, 47.00, 52.00, 1.00, 1.00
506.00, 56.00, 57.00, 1.00, 1.00
506.00, 61.00, 60.00, 1.00, 1.00
507.00, 42.00, 49.00, 1.00, 1.00
507.00, 47.00, 52.00, 1.00, 1.00
507.00, 57.00, 58.00, 3.00, 1.00
507.00, 59.00, 59.00, 0.50, 0.00
507.50, 63.00, 61.00, 0.50, 0.00
508.00, 35.00, 45.00, 1.00, 1.00
508.00, 66.00, 63.00, 1.00, 0.00
509.00, 68.00, 64.00, 0.50, 0.00
509.50, 66.00, 63.00, 0.50, 0.00
510.00, 56.00, 57.00, 0.50, 0.00
510.00, 65.00, 62.00, 0.50, 0.00
510.50, 59.00, 59.00, 0.50, 0.00
510.50, 68.00, 64.00, 0.50, 0.00
511.00, 37.00, 46.00, 1.00, 1.00
511.00, 62.00, 61.00, 1.00, 0.00
511.00, 71.00, 66.00, 1.00, 0.00
512.00, 53.00, 55.00, 1.00, 1.00
512.00, 61.00, 60.00, 0.50, 0.00
512.00, 70.00, 65.00, 0.50, 0.00
512.50, 59.00, 59.00, 0.50, 0.00
512.50, 68.00, 64.00, 0.50, 0.00
513.00, 54.00, 56.00, 0.50, 1.00
513.00, 58.00, 58.00, 0.50, 0.00
513.00, 64.00, 62.00, 0.50, 0.00
513.00, 66.00, 63.00, 0.50, 0.00
513.50, 61.00, 60.00, 0.50, 0.00
513.50, 70.00, 65.00, 0.50, 0.00
513.75, 49.00, 53.00, 0.25, 1.00
514.00, 42.00, 49.00, 1.00, 1.00
514.00, 64.00, 62.00, 0.50, 0.00
514.00, 73.00, 67.00, 0.50, 0.00
514.50, 68.00, 64.00, 0.50, 0.00
514.50, 76.00, 69.00, 0.50, 0.00
515.00, 66.00, 63.00, 0.50, 0.00
515.00, 75.00, 68.00, 0.50, 0.00
515.50, 64.00, 62.00, 0.50, 0.00
515.50, 73.00, 67.00, 0.50, 0.00
516.00, 47.00, 52.00, 0.50, 1.00
516.00, 66.00, 63.00, 0.50, 0.00
516.00, 75.00, 68.00, 0.50, 0.00
516.75, 54.00, 56.00, 0.25, 1.00
516.75, 63.00, 61.00, 0.25, 0.00
516.75, 71.00, 66.00, 0.25, 0.00
517.00, 59.00, 59.00, 1.00, 1.00
517.00, 66.00, 63.00, 1.00, 0.00
517.00, 75.00, 68.00, 1.00, 0.00
518.00, 52.00, 55.00, 1.00, 1.00
518.00, 68.00, 64.00, 1.00, 0.00
518.00, 76.00, 69.00, 1.00, 0.00
519.00, 54.00, 56.00, 0.50, 1.00
519.00, 58.00, 58.00, 0.50, 0.00
519.00, 64.00, 62.00, 0.50, 0.00
519.00, 66.00, 63.00, 0.50, 0.00
519.75, 49.00, 53.00, 0.25, 1.00
519.75, 61.00, 60.00, 0.25, 0.00
519.75, 70.00, 65.00, 0.25, 0.00
520.00, 42.00, 49.00, 1.00, 1.00
520.00, 64.00, 62.00, 0.50, 0.00
520.00, 73.00, 67.00, 0.50, 0.00
520.50, 68.00, 64.00, 0.50, 0.00
520.50, 76.00, 69.00, 0.50, 0.00
521.00, 58.00, 58.00, 1.00, 1.00
521.00, 66.00, 63.00, 0.50, 0.00
521.00, 75.00, 68.00, 0.50, 0.00
521.50, 64.00, 62.00, 0.50, 0.00
521.50, 73.00, 67.00, 0.50, 0.00
522.00, 47.00, 52.00, 0.50, 1.00
522.00, 66.00, 63.00, 0.50, 0.00
522.00, 75.00, 68.00, 0.50, 0.00
522.75, 54.00, 56.00, 0.25, 1.00
522.75, 63.00, 61.00, 0.25, 0.00
522.75, 71.00, 66.00, 0.25, 0.00
523.00, 59.00, 59.00, 1.00, 1.00
523.00, 66.00, 63.00, 1.00, 0.00
523.00, 75.00, 68.00, 1.00, 0.00
524.00, 52.00, 55.00, 1.00, 1.00
524.00, 68.00, 64.00, 1.00, 0.00
524.00, 76.00, 69.00, 1.00, 0.00
525.00, 54.00, 56.00, 0.50, 1.00
525.00, 58.00, 58.00, 0.50, 0.00
525.00, 64.00, 62.00, 0.50, 0.00
525.00, 66.00, 63.00, 0.50, 0.00
525.75, 49.00, 53.00, 0.25, 1.00
525.75, 61.00, 60.00, 0.25, 0.00
525.75, 70.00, 65.00, 0.25, 0.00
526.00, 42.00, 49.00, 1.00, 1.00
526.00, 64.00, 62.00, 0.50, 0.00
526.00, 73.00, 67.00, 0.50, 0.00
526.50, 68.00, 64.00, 0.50, 0.00
526.50, 76.00, 69.00, 0.50, 0.00
527.00, 54.00, 56.00, 1.00, 1.00
527.00, 64.00, 62.00, 1.00, 1.00
527.00, 71.00, 66.00, 0.50, 0.00
527.00, 80.00, 71.00, 0.50, 0.00
527.50, 70.00, 65.00, 0.50, 0.00
527.50, 73.00, 67.00, 0.50, 0.00
527.50, 78.00, 70.00, 0.50, 0.00
528.00, 47.00, 52.00, 0.50, 1.00
528.00, 63.00, 61.00, 0.50, 0.00
528.00, 71.00, 66.00, 0.50, 0.00
528.00, 75.00, 68.00, 0.50, 0.00
528.75, 54.00, 56.00, 0.25, 1.00
528.75, 63.00, 61.00, 0.25, 0.00
528.75, 71.00, 66.00, 0.25, 0.00
529.00, 63.00, 61.00, 1.00, 1.00
529.00, 66.00, 63.00, 1.00, 0.00
529.00, 71.00, 66.00, 1.00, 0.00
529.00, 78.00, 70.00, 1.00, 0.00
530.00, 62.00, 60.00, 1.00, 1.00
530.00, 65.00, 62.00, 1.00, 1.00
530.00, 71.00, 66.00, 1.00, 0.00
530.00, 80.00, 71.00, 1.00, 0.00
531.00, 63.00, 61.00, 0.50, 1.00
531.00, 66.00, 63.00, 0.50, 1.00
531.00, 71.00, 66.00, 0.50, 0.00
531.00, 78.00, 70.00, 0.50, 0.00
531.75, 59.00, 59.00, 0.25, 1.00
531.75, 66.00, 63.00, 0.25, 1.00
531.75, 71.00, 66.00, 0.25, 0.00
531.75, 75.00, 68.00, 0.25, 0.00
532.00, 63.00, 61.00, 1.00, 1.00
532.00, 66.00, 63.00, 1.00, 1.00
532.00, 71.00, 66.00, 1.00, 0.00
532.00, 78.00, 70.00, 1.00, 0.00
533.00, 62.00, 60.00, 1.00, 1.00
533.00, 65.00, 62.00, 1.00, 1.00
533.00, 71.00, 66.00, 1.00, 0.00
533.00, 80.00, 71.00, 1.00, 0.00
534.00, 63.00, 61.00, 0.50, 1.00
534.00, 66.00, 63.00, 0.50, 1.00
534.00, 71.00, 66.00, 0.50, 0.00
534.00, 78.00, 70.00, 0.50, 0.00
534.75, 59.00, 59.00, 0.25, 1.00
534.75, 66.00, 63.00, 0.25, 1.00
534.75, 71.00, 66.00, 0.25, 0.00
534.75, 75.00, 68.00, 0.25, 0.00
535.00, 63.00, 61.00, 1.00, 1.00
535.00, 66.00, 63.00, 1.00, 1.00
535.00, 71.00, 66.00, 1.00, 0.00
535.00, 78.00, 70.00, 1.00, 0.00
536.00, 61.00, 60.00, 1.00, 1.00
536.00, 65.00, 62.00, 1.00, 1.00
536.00, 71.00, 66.00, 1.00, 0.00
536.00, 80.00, 71.00, 1.00, 0.00
537.00, 54.00, 56.00, 0.50, 1.00
537.00, 66.00, 63.00, 0.50, 1.00
537.00, 70.00, 65.00, 0.50, 0.00
537.00, 78.00, 70.00, 0.50, 0.00
537.75, 61.00, 60.00, 0.25, 1.00
537.75, 65.00, 62.00, 0.25, 1.00
537.75, 71.00, 66.00, 0.25, 0.00
537.75, 80.00, 71.00, 0.25, 0.00
538.00, 54.00, 56.00, 1.00, 1.00
538.00, 66.00, 63.00, 1.00, 1.00
538.00, 70.00, 65.00, 1.00, 0.00
538.00, 78.00, 70.00, 1.00, 0.00
539.00, 61.00, 60.00, 1.00, 1.00
539.00, 65.00, 62.00, 1.00, 1.00
539.00, 71.00, 66.00, 1.00, 0.00
539.00, 80.00, 71.00, 1.00, 0.00
540.00, 54.00, 56.00, 0.50, 1.00
540.00, 66.00, 63.00, 0.50, 1.00
540.00, 70.00, 65.00, 0.50, 0.00
540.00, 78.00, 70.00, 0.50, 0.00
540.75, 66.00, 63.00, 0.25, 1.00
540.75, 73.00, 67.00, 0.25, 1.00
540.75, 76.00, 69.00, 0.25, 0.00
540.75, 78.00, 70.00, 0.25, 0.00
541.00, 59.00, 59.00, 1.00, 1.00
541.00, 66.00, 63.00, 1.00, 1.00
541.00, 75.00, 68.00, 1.00, 0.00
541.00, 83.00, 73.00, 1.00, 0.00
542.00, 63.00, 61.00, 1.00, 1.00
542.00, 67.00, 63.00, 1.00, 1.00
542.00, 73.00, 67.00, 1.00, 0.00
542.00, 82.00, 72.00, 1.00, 0.00
543.00, 56.00, 57.00, 0.50, 1.00
543.00, 68.00, 64.00, 0.50, 1.00
543.00, 71.00, 66.00, 0.50, 0.00
543.00, 80.00, 71.00, 0.50, 0.00
543.75, 63.00, 61.00, 0.25, 1.00
543.75, 70.00, 65.00, 0.25, 1.00
543.75, 73.00, 67.00, 0.25, 0.00
543.75, 79.00, 70.00, 0.25, 0.00
544.00, 56.00, 57.00, 1.00, 1.00
544.00, 68.00, 64.00, 1.00, 0.00
544.00, 71.00, 66.00, 1.00, 0.00
544.00, 80.00, 71.00, 1.00, 0.00
545.00, 61.00, 60.00, 1.00, 1.00
545.00, 65.00, 62.00, 1.00, 1.00
545.00, 73.00, 67.00, 0.50, 0.00
545.00, 82.00, 72.00, 1.00, 0.00
545.50, 71.00, 66.00, 0.50, 0.00
546.00, 54.00, 56.00, 0.50, 1.00
546.00, 66.00, 63.00, 0.50, 0.00
546.00, 70.00, 65.00, 0.50, 0.00
546.00, 78.00, 70.00, 0.50, 0.00
546.75, 61.00, 60.00, 0.25, 1.00
546.75, 68.00, 64.00, 0.25, 0.00
546.75, 71.00, 66.00, 0.25, 0.00
546.75, 77.00, 69.00, 0.25, 0.00
547.00, 54.00, 56.00, 1.00, 1.00
547.00, 66.00, 63.00, 1.00, 0.00
547.00, 70.00, 65.00, 1.00, 0.00
547.00, 78.00, 70.00, 1.00, 0.00
548.00, 59.00, 59.00, 1.00, 1.00
548.00, 63.00, 61.00, 1.00, 1.00
548.00, 69.00, 65.00, 1.00, 0.00
548.00, 80.00, 71.00, 1.00, 0.00
549.00, 52.00, 55.00, 0.50, 1.00
549.00, 64.00, 62.00, 0.50, 1.00
549.00, 68.00, 64.00, 0.50, 0.00
549.00, 76.00, 69.00, 0.50, 0.00
549.75, 58.00, 58.00, 0.25, 1.00
549.75, 61.00, 60.00, 0.25, 1.00
549.75, 64.00, 62.00, 0.25, 0.00
549.75, 73.00, 67.00, 0.25, 0.00
550.00, 46.00, 51.00, 1.00, 1.00
550.00, 68.00, 64.00, 1.00, 0.00
550.00, 76.00, 69.00, 1.00, 0.00
551.00, 51.00, 54.00, 1.00, 1.00
551.00, 58.00, 58.00, 1.00, 1.00
551.00, 67.00, 63.00, 1.00, 0.00
551.00, 75.00, 68.00, 0.50, 0.00
551.50, 73.00, 67.00, 0.50, 0.00
552.00, 44.00, 50.00, 0.50, 1.00
552.00, 59.00, 59.00, 0.50, 1.00
552.00, 68.00, 64.00, 0.50, 0.00
552.00, 71.00, 66.00, 0.50, 0.00
552.75, 59.00, 59.00, 0.25, 1.00
552.75, 68.00, 64.00, 0.25, 0.00
552.75, 75.00, 68.00, 0.25, 0.00
553.00, 56.00, 57.00, 1.00, 1.00
553.00, 63.00, 61.00, 1.00, 1.00
553.00, 71.00, 66.00, 1.00, 0.00
553.00, 80.00, 71.00, 1.00, 0.00
554.00, 47.00, 52.00, 1.00, 1.00
554.00, 63.00, 61.00, 1.00, 1.00
554.00, 69.00, 65.00, 1.00, 0.00
554.00, 78.00, 70.00, 1.00, 0.00
555.00, 52.00, 55.00, 0.50, 1.00
555.00, 59.00, 59.00, 0.50, 1.00
555.00, 64.00, 62.00, 0.50, 1.00
555.00, 68.00, 64.00, 0.50, 0.00
555.00, 76.00, 69.00, 0.50, 0.00
555.75, 54.00, 56.00, 0.25, 1.00
555.75, 59.00, 59.00, 0.25, 1.00
555.75, 69.00, 65.00, 0.25, 0.00
555.75, 75.00, 68.00, 0.25, 0.00
556.00, 52.00, 55.00, 1.00, 1.00
556.00, 59.00, 59.00, 1.00, 1.00
556.00, 68.00, 64.00, 1.00, 0.00
556.00, 76.00, 69.00, 1.00, 0.00
557.00, 46.00, 51.00, 1.00, 1.00
557.00, 61.00, 60.00, 1.00, 1.00
557.00, 68.00, 64.00, 1.00, 0.00
557.00, 78.00, 70.00, 0.50, 0.00
557.50, 76.00, 69.00, 0.50, 0.00
558.00, 51.00, 54.00, 0.50, 1.00
558.00, 58.00, 58.00, 0.50, 1.00
558.00, 67.00, 63.00, 0.50, 0.00
558.00, 75.00, 68.00, 0.50, 0.00
558.75, 52.00, 55.00, 0.25, 1.00
558.75, 58.00, 58.00, 0.25, 1.00
558.75, 68.00, 64.00, 0.25, 0.00
558.75, 74.00, 67.00, 0.25, 0.00
559.00, 51.00, 54.00, 1.00, 1.00
559.00, 58.00, 58.00, 1.00, 1.00
559.00, 67.00, 63.00, 1.00, 0.00
559.00, 75.00, 68.00, 1.00, 0.00
560.00, 44.00, 50.00, 1.00, 1.00
560.00, 60.00, 59.00, 1.00, 1.00
560.00, 68.00, 64.00, 0.50, 0.00
560.00, 76.00, 69.00, 1.00, 0.00
560.50, 66.00, 63.00, 0.50, 0.00
561.00, 49.00, 53.00, 0.50, 1.00
561.00, 61.00, 60.00, 0.50, 1.00
561.00, 64.00, 62.00, 0.50, 0.00
561.00, 73.00, 67.00, 0.50, 0.00
561.75, 49.00, 53.00, 0.25, 1.00
561.75, 59.00, 59.00, 0.25, 1.00
561.75, 64.00, 62.00, 0.25, 0.00
561.75, 68.00, 64.00, 0.25, 0.00
562.00, 49.00, 53.00, 1.00, 1.00
562.00, 59.00, 59.00, 1.00, 1.00
562.00, 68.00, 64.00, 1.00, 0.00
562.00, 76.00, 69.00, 1.00, 0.00
563.00, 42.00, 49.00, 1.00, 1.00
563.00, 58.00, 58.00, 1.00, 1.00
563.00, 66.00, 63.00, 0.50, 0.00
563.00, 75.00, 68.00, 0.50, 0.00
563.50, 64.00, 62.00, 0.50, 0.00
563.50, 73.00, 67.00, 0.50, 0.00
564.00, 47.00, 52.00, 0.50, 1.00
564.00, 54.00, 56.00, 0.50, 1.00
564.00, 63.00, 61.00, 0.50, 0.00
564.00, 71.00, 66.00, 0.50, 0.00
564.00, 75.00, 68.00, 0.50, 0.00
564.75, 71.00, 66.00, 0.25, 0.00
564.75, 78.00, 70.00, 0.25, 0.00
565.00, 65.00, 62.00, 0.50, 0.00
565.00, 75.00, 68.00, 1.00, 0.00
565.00, 83.00, 73.00, 1.00, 0.00
565.50, 66.00, 63.00, 0.50, 0.00
566.00, 67.00, 63.00, 0.50, 0.00
566.00, 73.00, 67.00, 1.00, 0.00
566.00, 82.00, 72.00, 1.00, 0.00
566.50, 63.00, 61.00, 0.50, 0.00
567.00, 68.00, 64.00, 0.50, 1.00
567.00, 71.00, 66.00, 0.50, 0.00
567.00, 80.00, 71.00, 0.50, 0.00
567.50, 63.00, 61.00, 0.50, 1.00
567.75, 73.00, 67.00, 0.25, 0.00
567.75, 79.00, 70.00, 0.25, 0.00
568.00, 56.00, 57.00, 0.50, 1.00
568.00, 71.00, 66.00, 1.00, 0.00
568.00, 80.00, 71.00, 1.00, 0.00
568.50, 66.00, 63.00, 0.50, 1.00
569.00, 65.00, 62.00, 0.50, 1.00
569.00, 73.00, 67.00, 1.00, 0.00
569.00, 82.00, 72.00, 1.00, 0.00
569.50, 61.00, 60.00, 0.50, 1.00
570.00, 66.00, 63.00, 0.50, 1.00
570.00, 70.00, 65.00, 0.50, 0.00
570.00, 78.00, 70.00, 0.50, 0.00
570.50, 61.00, 60.00, 0.50, 1.00
570.75, 71.00, 66.00, 0.25, 0.00
570.75, 77.00, 69.00, 0.25, 0.00
571.00, 54.00, 56.00, 0.50, 1.00
571.00, 70.00, 65.00, 1.00, 0.00
571.00, 78.00, 70.00, 1.00, 0.00
571.50, 64.00, 62.00, 0.50, 1.00
572.00, 63.00, 61.00, 0.50, 1.00
572.00, 69.00, 65.00, 1.00, 0.00
572.00, 80.00, 71.00, 1.00, 0.00
572.50, 59.00, 59.00, 0.50, 1.00
573.00, 52.00, 55.00, 0.50, 1.00
573.00, 68.00, 64.00, 0.50, 0.00
573.00, 76.00, 69.00, 0.50, 0.00
573.50, 63.00, 61.00, 0.50, 1.00
573.75, 64.00, 62.00, 0.25, 0.00
573.75, 73.00, 67.00, 0.25, 0.00
574.00, 61.00, 60.00, 0.50, 1.00
574.00, 68.00, 64.00, 1.00, 0.00
574.00, 76.00, 69.00, 1.00, 0.00
574.50, 58.00, 58.00, 0.50, 1.00
575.00, 51.00, 54.00, 0.50, 1.00
575.00, 67.00, 63.00, 1.00, 0.00
575.00, 75.00, 68.00, 0.50, 0.00
575.50, 58.00, 58.00, 0.50, 1.00
575.50, 73.00, 67.00, 0.50, 0.00
576.00, 44.00, 50.00, 0.50, 1.00
576.00, 59.00, 59.00, 0.50, 1.00
576.00, 68.00, 64.00, 0.50, 0.00
576.00, 71.00, 66.00, 0.50, 0.00
576.75, 59.00, 59.00, 0.25, 1.00
576.75, 68.00, 64.00, 0.25, 0.00
576.75, 75.00, 68.00, 0.25, 0.00
577.00, 60.00, 59.00, 0.50, 1.00
577.00, 71.00, 66.00, 1.00, 0.00
577.00, 80.00, 71.00, 1.00, 0.00
577.50, 61.00, 60.00, 0.50, 1.00
578.00, 62.00, 60.00, 0.50, 1.00
578.00, 69.00, 65.00, 1.00, 0.00
578.00, 78.00, 70.00, 1.00, 0.00
578.50, 63.00, 61.00, 0.50, 1.00
579.00, 64.00, 62.00, 0.50, 1.00
579.00, 68.00, 64.00, 0.50, 0.00
579.00, 76.00, 69.00, 0.50, 0.00
579.50, 59.00, 59.00, 0.50, 1.00
579.75, 69.00, 65.00, 0.25, 0.00
579.75, 75.00, 68.00, 0.25, 0.00
580.00, 52.00, 55.00, 0.50, 1.00
580.00, 68.00, 64.00, 1.00, 0.00
580.00, 76.00, 69.00, 1.00, 0.00
580.50, 63.00, 61.00, 0.50, 1.00
581.00, 61.00, 60.00, 0.50, 1.00
581.00, 68.00, 64.00, 1.00, 0.00
581.00, 78.00, 70.00, 0.50, 0.00
581.50, 46.00, 51.00, 0.50, 1.00
581.50, 76.00, 69.00, 0.50, 0.00
582.00, 51.00, 54.00, 0.50, 1.00
582.00, 67.00, 63.00, 0.50, 0.00
582.00, 75.00, 68.00, 0.50, 0.00
582.50, 58.00, 58.00, 0.50, 1.00
582.75, 68.00, 64.00, 0.25, 0.00
582.75, 74.00, 67.00, 0.25, 0.00
583.00, 63.00, 61.00, 0.50, 1.00
583.00, 67.00, 63.00, 1.00, 0.00
583.00, 75.00, 68.00, 1.00, 0.00
583.50, 58.00, 58.00, 0.50, 1.00
584.00, 60.00, 59.00, 0.50, 1.00
584.00, 68.00, 64.00, 0.50, 0.00
584.00, 76.00, 69.00, 1.00, 0.00
584.50, 44.00, 50.00, 0.50, 1.00
584.50, 66.00, 63.00, 0.50, 0.00
585.00, 49.00, 53.00, 0.50, 1.00
585.00, 64.00, 62.00, 0.50, 0.00
585.00, 73.00, 67.00, 0.50, 0.00
585.50, 59.00, 59.00, 0.50, 1.00
585.75, 64.00, 62.00, 0.25, 0.00
585.75, 68.00, 64.00, 0.25, 0.00
586.00, 48.00, 52.00, 0.50, 1.00
586.00, 68.00, 64.00, 1.00, 0.00
586.00, 76.00, 69.00, 1.00, 0.00
586.50, 49.00, 53.00, 0.50, 1.00
587.00, 58.00, 58.00, 0.50, 1.00
587.00, 66.00, 63.00, 0.50, 0.00
587.00, 75.00, 68.00, 0.50, 0.00
587.50, 42.00, 49.00, 0.50, 1.00
587.50, 64.00, 62.00, 0.50, 0.00
587.50, 73.00, 67.00, 0.50, 0.00
588.00, 47.00, 52.00, 0.50, 1.00
588.00, 66.00, 63.00, 0.50, 0.00
588.00, 75.00, 68.00, 0.50, 0.00
588.75, 54.00, 56.00, 0.25, 1.00
588.75, 63.00, 61.00, 0.25, 0.00
588.75, 71.00, 66.00, 0.25, 0.00
589.00, 59.00, 59.00, 1.00, 1.00
589.00, 66.00, 63.00, 1.00, 0.00
589.00, 75.00, 68.00, 1.00, 0.00
590.00, 52.00, 55.00, 1.00, 1.00
590.00, 68.00, 64.00, 1.00, 0.00
590.00, 76.00, 69.00, 1.00, 0.00
591.00, 54.00, 56.00, 0.50, 1.00
591.00, 58.00, 58.00, 0.50, 0.00
591.00, 64.00, 62.00, 0.50, 0.00
591.00, 66.00, 63.00, 0.50, 0.00
591.75, 49.00, 53.00, 0.25, 1.00
591.75, 61.00, 60.00, 0.25, 0.00
591.75, 70.00, 65.00, 0.25, 0.00
592.00, 42.00, 49.00, 1.00, 1.00
592.00, 64.00, 62.00, 0.50, 0.00
592.00, 73.00, 67.00, 0.50, 0.00
592.50, 68.00, 64.00, 0.50, 0.00
592.50, 76.00, 69.00, 0.50, 0.00
593.00, 58.00, 58.00, 1.00, 1.00
593.00, 66.00, 63.00, 0.50, 0.00
593.00, 75.00, 68.00, 0.50, 0.00
593.50, 64.00, 62.00, 0.50, 0.00
593.50, 73.00, 67.00, 0.50, 0.00
594.00, 47.00, 52.00, 0.50, 1.00
594.00, 66.00, 63.00, 0.50, 0.00
594.00, 75.00, 68.00, 0.50, 0.00
594.50, 54.00, 56.00, 0.50, 1.00
594.50, 63.00, 61.00, 0.50, 0.00
594.50, 71.00, 66.00, 0.50, 0.00
595.00, 59.00, 59.00, 0.50, 1.00
595.00, 66.00, 63.00, 0.50, 0.00
595.00, 75.00, 68.00, 0.50, 0.00
596.00, 52.00, 55.00, 1.00, 1.00
596.00, 68.00, 64.00, 1.00, 0.00
596.00, 76.00, 69.00, 1.00, 0.00
597.00, 54.00, 56.00, 0.50, 1.00
597.00, 58.00, 58.00, 0.50, 0.00
597.00, 64.00, 62.00, 0.50, 0.00
597.00, 66.00, 63.00, 0.50, 0.00
597.75, 49.00, 53.00, 0.25, 1.00
597.75, 61.00, 60.00, 0.25, 0.00
597.75, 70.00, 65.00, 0.25, 0.00
598.00, 42.00, 49.00, 1.00, 1.00
598.00, 64.00, 62.00, 0.50, 0.00
598.00, 73.00, 67.00, 0.50, 0.00
598.50, 68.00, 64.00, 0.50, 0.00
598.50, 76.00, 69.00, 0.50, 0.00
599.00, 58.00, 58.00, 1.00, 1.00
599.00, 66.00, 63.00, 0.50, 0.00
599.00, 75.00, 68.00, 0.50, 0.00
599.50, 64.00, 62.00, 0.50, 0.00
599.50, 73.00, 67.00, 0.50, 0.00
600.00, 35.00, 45.00, 0.50, 1.00
600.00, 47.00, 52.00, 0.50, 1.00
600.00, 66.00, 63.00, 0.50, 0.00
600.00, 75.00, 68.00, 0.50, 0.00
600.75, 54.00, 56.00, 0.25, 1.00
600.75, 63.00, 61.00, 0.25, 0.00
600.75, 71.00, 66.00, 0.25, 0.00
601.00, 59.00, 59.00, 1.00, 1.00
601.00, 66.00, 63.00, 1.00, 0.00
601.00, 75.00, 68.00, 1.00, 0.00
602.00, 63.00, 61.00, 1.00, 1.00
602.00, 71.00, 66.00, 1.00, 0.00
602.00, 83.00, 73.00, 1.00, 0.00
603.00, 47.00, 52.00, 0.50, 1.00
603.00, 66.00, 63.00, 0.50, 0.00
603.00, 75.00, 68.00, 0.50, 0.00
603.75, 54.00, 56.00, 0.25, 1.00
603.75, 63.00, 61.00, 0.25, 0.00
603.75, 71.00, 66.00, 0.25, 0.00
604.00, 59.00, 59.00, 1.00, 1.00
604.00, 66.00, 63.00, 1.00, 0.00
604.00, 75.00, 68.00, 1.00, 0.00
605.00, 63.00, 61.00, 1.00, 1.00
605.00, 71.00, 66.00, 1.00, 1.00
605.00, 78.00, 70.00, 1.00, 0.00
605.00, 90.00, 77.00, 1.00, 0.00
606.00, 47.00, 52.00, 1.00, 1.00
606.00, 54.00, 56.00, 1.00, 1.00
606.00, 63.00, 61.00, 1.00, 0.00
606.00, 71.00, 66.00, 1.00, 0.00
607.00, 66.00, 63.00, 1.00, 1.00
607.00, 71.00, 66.00, 1.00, 1.00
607.00, 75.00, 68.00, 1.00, 1.00
607.00, 78.00, 70.00, 1.00, 1.00
607.00, 83.00, 73.00, 1.00, 0.00
607.00, 95.00, 80.00, 1.00, 0.00
609.00, 47.00, 52.00, 3.00, 1.00
609.00, 54.00, 56.00, 0.50, 1.00
609.00, 63.00, 61.00, 0.50, 0.00
609.75, 42.00, 49.00, 2.25, 1.00
609.75, 51.00, 54.00, 2.25, 1.00
609.75, 59.00, 59.00, 0.25, 1.00
610.00, 35.00, 45.00, 2.00, 1.00
610.00, 54.00, 56.00, 2.00, 1.00
610.00, 63.00, 61.00, 2.00, 0.00
