ontime, MNN, MPN, duration, channel
-1.00, 55.00, 57.00, 1.00, 1.00
0.00, 67.00, 64.00, 10.00, 0.00
1.00, 65.00, 63.00, 0.50, 1.00
1.50, 63.00, 62.00, 0.50, 1.00
1.50, 72.00, 67.00, 0.50, 0.00
2.00, 62.00, 61.00, 0.50, 1.00
2.00, 71.00, 66.00, 0.50, 0.00
2.00, 74.00, 68.00, 0.50, 0.00
2.50, 60.00, 60.00, 0.50, 1.00
2.50, 72.00, 67.00, 0.50, 0.00
2.50, 75.00, 69.00, 0.50, 0.00
3.00, 62.00, 61.00, 0.75, 1.00
3.00, 71.00, 66.00, 1.00, 0.00
3.00, 77.00, 70.00, 0.75, 0.00
3.75, 55.00, 57.00, 0.25, 1.00
3.75, 79.00, 71.00, 0.25, 0.00
4.00, 62.00, 61.00, 1.00, 1.00
4.00, 71.00, 66.00, 1.00, 0.00
4.00, 77.00, 70.00, 1.00, 0.00
5.00, 60.00, 60.00, 1.00, 1.00
5.00, 72.00, 67.00, 1.00, 0.00
5.00, 75.00, 69.00, 1.00, 0.00
6.00, 62.00, 61.00, 0.75, 1.00
6.00, 71.00, 66.00, 1.00, 0.00
6.00, 77.00, 70.00, 0.75, 0.00
6.75, 55.00, 57.00, 0.25, 1.00
6.75, 79.00, 71.00, 0.25, 0.00
7.00, 62.00, 61.00, 1.00, 1.00
7.00, 71.00, 66.00, 1.00, 0.00
7.00, 77.00, 70.00, 1.00, 0.00
8.00, 60.00, 60.00, 1.00, 1.00
8.00, 72.00, 67.00, 1.00, 0.00
8.00, 75.00, 69.00, 1.00, 0.00
10.00, 59.00, 59.00, 0.50, 0.00
10.50, 60.00, 60.00, 0.50, 0.00
11.00, 62.00, 61.00, 0.50, 0.00
11.50, 63.00, 62.00, 0.50, 0.00
12.00, 62.00, 61.00, 9.00, 0.00
13.00, 60.00, 60.00, 0.50, 1.00
13.50, 58.00, 59.00, 0.50, 1.00
13.50, 67.00, 64.00, 0.50, 0.00
14.00, 57.00, 58.00, 0.50, 1.00
14.00, 66.00, 63.00, 0.50, 0.00
14.00, 69.00, 65.00, 0.50, 0.00
14.50, 55.00, 57.00, 0.50, 1.00
14.50, 67.00, 64.00, 0.50, 0.00
14.50, 70.00, 66.00, 0.50, 0.00
15.00, 57.00, 58.00, 0.75, 1.00
15.00, 66.00, 63.00, 1.00, 0.00
15.00, 72.00, 67.00, 0.75, 0.00
15.75, 50.00, 54.00, 0.25, 1.00
15.75, 74.00, 68.00, 0.25, 0.00
16.00, 57.00, 58.00, 1.00, 1.00
16.00, 66.00, 63.00, 1.00, 0.00
16.00, 72.00, 67.00, 1.00, 0.00
17.00, 55.00, 57.00, 1.00, 1.00
17.00, 67.00, 64.00, 1.00, 0.00
17.00, 70.00, 66.00, 1.00, 0.00
18.00, 57.00, 58.00, 0.75, 1.00
18.00, 66.00, 63.00, 1.00, 0.00
18.00, 72.00, 67.00, 0.75, 0.00
18.75, 50.00, 54.00, 0.25, 1.00
18.75, 74.00, 68.00, 0.25, 0.00
19.00, 57.00, 58.00, 1.00, 1.00
19.00, 66.00, 63.00, 1.00, 0.00
19.00, 72.00, 67.00, 1.00, 0.00
20.00, 55.00, 57.00, 13.50, 1.00
20.00, 67.00, 64.00, 1.00, 0.00
20.00, 70.00, 66.00, 1.00, 0.00
21.00, 60.00, 60.00, 3.00, 1.00
21.00, 63.00, 62.00, 3.00, 0.00
21.00, 68.00, 65.00, 2.00, 0.00
23.00, 66.00, 63.00, 1.00, 0.00
24.00, 59.00, 59.00, 1.50, 0.00
24.00, 62.00, 61.00, 1.50, 0.00
24.00, 67.00, 64.00, 1.50, 0.00
25.00, 53.00, 56.00, 0.50, 1.00
25.50, 51.00, 55.00, 0.50, 1.00
25.50, 60.00, 60.00, 0.50, 0.00
26.00, 50.00, 54.00, 0.50, 1.00
26.00, 59.00, 59.00, 0.50, 0.00
26.00, 62.00, 61.00, 0.50, 0.00
26.50, 48.00, 53.00, 0.50, 1.00
26.50, 60.00, 60.00, 0.50, 0.00
26.50, 63.00, 62.00, 0.50, 0.00
27.00, 50.00, 54.00, 0.75, 1.00
27.00, 59.00, 59.00, 1.00, 0.00
27.00, 65.00, 63.00, 0.75, 0.00
27.75, 43.00, 50.00, 0.25, 1.00
27.75, 67.00, 64.00, 0.25, 0.00
28.00, 50.00, 54.00, 1.00, 1.00
28.00, 59.00, 59.00, 1.00, 0.00
28.00, 65.00, 63.00, 1.00, 0.00
29.00, 48.00, 53.00, 1.00, 1.00
29.00, 60.00, 60.00, 1.00, 0.00
29.00, 63.00, 62.00, 1.00, 0.00
30.00, 50.00, 54.00, 0.75, 1.00
30.00, 59.00, 59.00, 1.00, 0.00
30.00, 65.00, 63.00, 0.75, 0.00
30.75, 43.00, 50.00, 0.25, 1.00
30.75, 67.00, 64.00, 0.25, 0.00
31.00, 50.00, 54.00, 1.00, 1.00
31.00, 59.00, 59.00, 1.00, 0.00
31.00, 65.00, 63.00, 1.00, 0.00
32.00, 48.00, 53.00, 1.00, 1.00
32.00, 60.00, 60.00, 1.00, 0.00
32.00, 63.00, 62.00, 1.00, 0.00
33.50, 48.00, 53.00, 0.50, 1.00
34.00, 47.00, 52.00, 0.50, 1.00
34.50, 48.00, 53.00, 0.50, 1.00
35.00, 50.00, 54.00, 0.50, 1.00
35.50, 51.00, 55.00, 0.50, 1.00
36.00, 50.00, 54.00, 0.50, 1.00
36.50, 49.00, 53.00, 0.50, 1.00
36.50, 52.00, 55.00, 0.50, 1.00
37.00, 48.00, 53.00, 0.50, 1.00
37.00, 54.00, 56.00, 0.50, 1.00
37.50, 46.00, 52.00, 0.50, 1.00
37.50, 55.00, 57.00, 0.50, 1.00
38.00, 45.00, 51.00, 0.50, 1.00
38.00, 54.00, 56.00, 0.50, 1.00
38.00, 57.00, 58.00, 0.50, 1.00
38.50, 43.00, 50.00, 0.50, 1.00
38.50, 55.00, 57.00, 0.50, 1.00
38.50, 58.00, 59.00, 0.50, 1.00
39.00, 45.00, 51.00, 0.75, 1.00
39.00, 53.00, 56.00, 0.50, 1.00
39.00, 57.00, 58.00, 0.50, 1.00
39.75, 32.00, 44.00, 0.25, 1.00
39.75, 52.00, 55.00, 0.25, 1.00
39.75, 61.00, 60.00, 0.25, 0.00
40.00, 38.00, 47.00, 2.00, 1.00
40.00, 50.00, 54.00, 2.00, 1.00
40.00, 62.00, 61.00, 2.00, 0.00
42.00, 50.00, 54.00, 11.00, 1.00
42.00, 57.00, 58.00, 0.50, 1.00
42.00, 65.00, 63.00, 0.50, 0.00
42.00, 69.00, 65.00, 0.50, 0.00
42.75, 55.00, 57.00, 0.25, 1.00
42.75, 64.00, 62.00, 0.25, 0.00
42.75, 73.00, 67.00, 0.25, 0.00
43.00, 53.00, 56.00, 2.00, 1.00
43.00, 62.00, 61.00, 2.00, 0.00
43.00, 74.00, 68.00, 2.00, 0.00
45.00, 57.00, 58.00, 0.50, 1.00
45.00, 65.00, 63.00, 0.50, 0.00
45.00, 69.00, 65.00, 0.50, 0.00
45.75, 55.00, 57.00, 0.25, 1.00
45.75, 64.00, 62.00, 0.25, 0.00
45.75, 73.00, 67.00, 0.25, 0.00
46.00, 53.00, 56.00, 2.00, 1.00
46.00, 62.00, 61.00, 7.00, 0.00
46.00, 74.00, 68.00, 2.00, 0.00
48.00, 57.00, 58.00, 0.50, 1.00
48.00, 69.00, 65.00, 0.50, 0.00
48.50, 60.00, 60.00, 0.50, 1.00
48.50, 72.00, 67.00, 0.50, 0.00
49.00, 58.00, 59.00, 1.00, 1.00
49.00, 70.00, 66.00, 1.00, 0.00
50.00, 57.00, 58.00, 0.50, 1.00
50.00, 69.00, 65.00, 0.50, 0.00
50.50, 55.00, 57.00, 0.50, 1.00
50.50, 67.00, 64.00, 0.50, 0.00
51.00, 57.00, 58.00, 0.75, 1.00
51.00, 69.00, 65.00, 0.75, 0.00
51.75, 52.00, 55.00, 0.25, 1.00
51.75, 64.00, 62.00, 0.25, 0.00
52.00, 53.00, 56.00, 1.00, 1.00
52.00, 65.00, 63.00, 1.00, 0.00
53.00, 50.00, 54.00, 6.00, 1.00
53.00, 62.00, 61.00, 6.00, 0.00
54.00, 57.00, 58.00, 0.50, 1.00
54.00, 69.00, 65.00, 0.50, 0.00
54.50, 60.00, 60.00, 0.50, 1.00
54.50, 72.00, 67.00, 0.50, 0.00
55.00, 58.00, 59.00, 1.00, 1.00
55.00, 70.00, 66.00, 1.00, 0.00
56.00, 57.00, 58.00, 0.50, 1.00
56.00, 69.00, 65.00, 0.50, 0.00
56.50, 55.00, 57.00, 0.50, 1.00
56.50, 67.00, 64.00, 0.50, 0.00
57.00, 57.00, 58.00, 0.75, 1.00
57.00, 69.00, 65.00, 0.75, 0.00
57.75, 52.00, 55.00, 0.25, 1.00
57.75, 64.00, 62.00, 0.25, 0.00
58.00, 53.00, 56.00, 1.00, 1.00
58.00, 65.00, 63.00, 1.00, 0.00
59.00, 50.00, 54.00, 3.00, 1.00
59.00, 62.00, 61.00, 3.00, 0.00
60.00, 57.00, 58.00, 0.75, 1.00
60.00, 69.00, 65.00, 0.75, 0.00
60.00, 69.00, 65.00, 3.00, 0.00
60.75, 52.00, 55.00, 0.25, 1.00
60.75, 64.00, 62.00, 0.25, 0.00
61.00, 53.00, 56.00, 1.00, 1.00
61.00, 65.00, 63.00, 1.00, 0.00
62.00, 50.00, 54.00, 3.00, 1.00
62.00, 62.00, 61.00, 3.00, 0.00
63.00, 57.00, 58.00, 0.75, 1.00
63.00, 69.00, 65.00, 0.75, 0.00
63.00, 69.00, 65.00, 3.00, 0.00
63.75, 52.00, 55.00, 0.25, 1.00
63.75, 64.00, 62.00, 0.25, 0.00
64.00, 53.00, 56.00, 1.00, 1.00
64.00, 65.00, 63.00, 1.00, 0.00
65.00, 50.00, 54.00, 1.00, 1.00
65.00, 62.00, 61.00, 4.00, 0.00
66.00, 43.00, 50.00, 3.00, 1.00
66.00, 67.00, 64.00, 3.00, 0.00
66.00, 71.00, 66.00, 3.00, 0.00
69.00, 55.00, 57.00, 0.50, 1.00
69.75, 55.00, 57.00, 0.25, 1.00
70.00, 55.00, 57.00, 1.00, 1.00
71.00, 55.00, 57.00, 1.00, 1.00
72.00, 67.00, 64.00, 10.00, 1.00
73.00, 65.00, 63.00, 0.50, 1.00
73.50, 63.00, 62.00, 0.50, 1.00
73.50, 72.00, 67.00, 0.50, 0.00
74.00, 62.00, 61.00, 0.50, 1.00
74.00, 71.00, 66.00, 0.50, 0.00
74.00, 74.00, 68.00, 0.50, 0.00
74.50, 60.00, 60.00, 0.50, 1.00
74.50, 72.00, 67.00, 0.50, 0.00
74.50, 75.00, 69.00, 0.50, 0.00
75.00, 62.00, 61.00, 0.75, 1.00
75.00, 71.00, 66.00, 1.00, 0.00
75.00, 77.00, 70.00, 0.75, 0.00
75.75, 55.00, 57.00, 0.25, 1.00
75.75, 79.00, 71.00, 0.25, 0.00
76.00, 62.00, 61.00, 1.00, 1.00
76.00, 71.00, 66.00, 1.00, 0.00
76.00, 77.00, 70.00, 1.00, 0.00
77.00, 60.00, 60.00, 1.00, 1.00
77.00, 72.00, 67.00, 1.00, 0.00
77.00, 75.00, 69.00, 1.00, 0.00
78.00, 62.00, 61.00, 0.75, 1.00
78.00, 71.00, 66.00, 1.00, 0.00
78.00, 77.00, 70.00, 0.75, 0.00
78.75, 55.00, 57.00, 0.25, 1.00
78.75, 79.00, 71.00, 0.25, 0.00
79.00, 62.00, 61.00, 1.00, 1.00
79.00, 71.00, 66.00, 1.00, 0.00
79.00, 77.00, 70.00, 1.00, 0.00
80.00, 60.00, 60.00, 1.00, 1.00
80.00, 72.00, 67.00, 1.00, 0.00
80.00, 75.00, 69.00, 1.00, 0.00
82.00, 59.00, 59.00, 0.50, 0.00
82.50, 60.00, 60.00, 0.50, 0.00
83.00, 62.00, 61.00, 0.50, 0.00
83.50, 63.00, 62.00, 0.50, 0.00
84.00, 62.00, 61.00, 9.00, 0.00
85.00, 60.00, 60.00, 0.50, 1.00
85.50, 58.00, 59.00, 0.50, 1.00
85.50, 67.00, 64.00, 0.50, 0.00
86.00, 57.00, 58.00, 0.50, 1.00
86.00, 66.00, 63.00, 0.50, 0.00
86.00, 69.00, 65.00, 0.50, 0.00
86.50, 55.00, 57.00, 0.50, 1.00
86.50, 67.00, 64.00, 0.50, 0.00
86.50, 70.00, 66.00, 0.50, 0.00
87.00, 57.00, 58.00, 0.75, 1.00
87.00, 66.00, 63.00, 1.00, 0.00
87.00, 72.00, 67.00, 0.75, 0.00
87.75, 50.00, 54.00, 0.25, 1.00
87.75, 74.00, 68.00, 0.25, 0.00
88.00, 57.00, 58.00, 1.00, 1.00
88.00, 66.00, 63.00, 1.00, 0.00
88.00, 72.00, 67.00, 1.00, 0.00
89.00, 55.00, 57.00, 1.00, 1.00
89.00, 67.00, 64.00, 1.00, 0.00
89.00, 70.00, 66.00, 1.00, 0.00
90.00, 57.00, 58.00, 0.75, 1.00
90.00, 66.00, 63.00, 1.00, 0.00
90.00, 72.00, 67.00, 0.75, 0.00
90.75, 50.00, 54.00, 0.25, 1.00
90.75, 74.00, 68.00, 0.25, 0.00
91.00, 57.00, 58.00, 1.00, 1.00
91.00, 66.00, 63.00, 1.00, 0.00
91.00, 72.00, 67.00, 1.00, 0.00
92.00, 55.00, 57.00, 13.50, 1.00
92.00, 67.00, 64.00, 1.00, 0.00
92.00, 70.00, 66.00, 1.00, 0.00
93.00, 60.00, 60.00, 3.00, 1.00
93.00, 63.00, 62.00, 3.00, 0.00
93.00, 68.00, 65.00, 2.00, 0.00
95.00, 66.00, 63.00, 1.00, 0.00
96.00, 59.00, 59.00, 1.50, 0.00
96.00, 62.00, 61.00, 1.50, 0.00
96.00, 67.00, 64.00, 1.50, 0.00
97.00, 53.00, 56.00, 0.50, 1.00
97.50, 51.00, 55.00, 0.50, 1.00
97.50, 60.00, 60.00, 0.50, 0.00
98.00, 50.00, 54.00, 0.50, 1.00
98.00, 59.00, 59.00, 0.50, 0.00
98.00, 62.00, 61.00, 0.50, 0.00
98.50, 48.00, 53.00, 0.50, 1.00
98.50, 60.00, 60.00, 0.50, 0.00
98.50, 63.00, 62.00, 0.50, 0.00
99.00, 50.00, 54.00, 0.75, 1.00
99.00, 59.00, 59.00, 1.00, 0.00
99.00, 65.00, 63.00, 0.75, 0.00
99.75, 43.00, 50.00, 0.25, 1.00
99.75, 67.00, 64.00, 0.25, 0.00
100.00, 50.00, 54.00, 1.00, 1.00
100.00, 59.00, 59.00, 1.00, 0.00
100.00, 65.00, 63.00, 1.00, 0.00
101.00, 48.00, 53.00, 1.00, 1.00
101.00, 60.00, 60.00, 1.00, 0.00
101.00, 63.00, 62.00, 1.00, 0.00
102.00, 50.00, 54.00, 0.75, 1.00
102.00, 59.00, 59.00, 1.00, 0.00
102.00, 65.00, 63.00, 0.75, 0.00
102.75, 43.00, 50.00, 0.25, 1.00
102.75, 67.00, 64.00, 0.25, 0.00
103.00, 50.00, 54.00, 1.00, 1.00
103.00, 59.00, 59.00, 1.00, 0.00
103.00, 65.00, 63.00, 1.00, 0.00
104.00, 48.00, 53.00, 1.00, 1.00
104.00, 60.00, 60.00, 1.00, 0.00
104.00, 63.00, 62.00, 1.00, 0.00
105.50, 48.00, 53.00, 0.50, 1.00
106.00, 47.00, 52.00, 0.50, 1.00
106.50, 48.00, 53.00, 0.50, 1.00
107.00, 50.00, 54.00, 0.50, 1.00
107.50, 51.00, 55.00, 0.50, 1.00
108.00, 50.00, 54.00, 0.50, 1.00
108.50, 49.00, 53.00, 0.50, 1.00
108.50, 52.00, 55.00, 0.50, 1.00
109.00, 48.00, 53.00, 0.50, 1.00
109.00, 54.00, 56.00, 0.50, 1.00
109.50, 46.00, 52.00, 0.50, 1.00
109.50, 55.00, 57.00, 0.50, 1.00
110.00, 45.00, 51.00, 0.50, 1.00
110.00, 54.00, 56.00, 0.50, 1.00
110.00, 57.00, 58.00, 0.50, 1.00
110.50, 43.00, 50.00, 0.50, 1.00
110.50, 55.00, 57.00, 0.50, 1.00
110.50, 58.00, 59.00, 0.50, 1.00
111.00, 45.00, 51.00, 0.75, 1.00
111.00, 53.00, 56.00, 0.50, 1.00
111.00, 57.00, 58.00, 0.50, 1.00
111.75, 33.00, 44.00, 0.25, 1.00
111.75, 52.00, 55.00, 0.25, 1.00
111.75, 61.00, 60.00, 0.25, 0.00
112.00, 38.00, 47.00, 2.00, 1.00
112.00, 50.00, 54.00, 2.00, 1.00
112.00, 62.00, 61.00, 2.00, 0.00
114.00, 50.00, 54.00, 11.00, 1.00
114.00, 57.00, 58.00, 0.50, 1.00
114.00, 65.00, 63.00, 0.50, 0.00
114.00, 69.00, 65.00, 0.50, 0.00
114.75, 55.00, 57.00, 0.25, 1.00
114.75, 64.00, 62.00, 0.25, 0.00
114.75, 73.00, 67.00, 0.25, 0.00
115.00, 53.00, 56.00, 2.00, 1.00
115.00, 62.00, 61.00, 2.00, 0.00
115.00, 74.00, 68.00, 2.00, 0.00
117.00, 57.00, 58.00, 0.50, 1.00
117.00, 65.00, 63.00, 0.50, 0.00
117.00, 69.00, 65.00, 0.50, 0.00
117.75, 55.00, 57.00, 0.25, 1.00
117.75, 64.00, 62.00, 0.25, 0.00
117.75, 73.00, 67.00, 0.25, 0.00
118.00, 53.00, 56.00, 2.00, 1.00
118.00, 62.00, 61.00, 7.00, 0.00
118.00, 74.00, 68.00, 2.00, 0.00
120.00, 57.00, 58.00, 0.50, 1.00
120.00, 69.00, 65.00, 0.50, 0.00
120.50, 60.00, 60.00, 0.50, 1.00
120.50, 72.00, 67.00, 0.50, 0.00
121.00, 58.00, 59.00, 1.00, 1.00
121.00, 70.00, 66.00, 1.00, 0.00
122.00, 57.00, 58.00, 0.50, 1.00
122.00, 69.00, 65.00, 0.50, 0.00
122.50, 55.00, 57.00, 0.50, 1.00
122.50, 67.00, 64.00, 0.50, 0.00
123.00, 57.00, 58.00, 0.75, 1.00
123.00, 69.00, 65.00, 0.75, 0.00
123.75, 52.00, 55.00, 0.25, 1.00
123.75, 64.00, 62.00, 0.25, 0.00
124.00, 53.00, 56.00, 1.00, 1.00
124.00, 65.00, 63.00, 1.00, 0.00
125.00, 50.00, 54.00, 6.00, 1.00
125.00, 62.00, 61.00, 6.00, 0.00
126.00, 57.00, 58.00, 0.50, 1.00
126.00, 69.00, 65.00, 0.50, 0.00
126.50, 60.00, 60.00, 0.50, 1.00
126.50, 72.00, 67.00, 0.50, 0.00
127.00, 58.00, 59.00, 1.00, 1.00
127.00, 70.00, 66.00, 1.00, 0.00
128.00, 57.00, 58.00, 0.50, 1.00
128.00, 69.00, 65.00, 0.50, 0.00
128.50, 55.00, 57.00, 0.50, 1.00
128.50, 67.00, 64.00, 0.50, 0.00
129.00, 57.00, 58.00, 0.75, 1.00
129.00, 69.00, 65.00, 0.75, 0.00
129.75, 52.00, 55.00, 0.25, 1.00
129.75, 64.00, 62.00, 0.25, 0.00
130.00, 53.00, 56.00, 1.00, 1.00
130.00, 65.00, 63.00, 1.00, 0.00
131.00, 50.00, 54.00, 3.00, 1.00
131.00, 62.00, 61.00, 3.00, 0.00
132.00, 57.00, 58.00, 0.75, 1.00
132.00, 69.00, 65.00, 0.75, 0.00
132.75, 52.00, 55.00, 0.25, 1.00
132.75, 64.00, 62.00, 0.25, 0.00
133.00, 53.00, 56.00, 1.00, 1.00
133.00, 65.00, 63.00, 1.00, 0.00
134.00, 50.00, 54.00, 3.00, 1.00
134.00, 62.00, 61.00, 3.00, 0.00
135.00, 57.00, 58.00, 0.75, 1.00
135.00, 69.00, 65.00, 0.75, 0.00
135.75, 52.00, 55.00, 0.25, 1.00
135.75, 64.00, 62.00, 0.25, 0.00
136.00, 53.00, 56.00, 1.00, 1.00
136.00, 65.00, 63.00, 1.00, 0.00
137.00, 50.00, 54.00, 1.00, 1.00
137.00, 62.00, 61.00, 1.00, 0.00
138.00, 62.00, 61.00, 3.00, 1.00
138.00, 74.00, 68.00, 3.00, 0.00
141.00, 62.00, 61.00, 0.50, 0.00
141.75, 62.00, 61.00, 0.25, 0.00
142.00, 62.00, 61.00, 1.00, 0.00
143.00, 62.00, 61.00, 1.00, 0.00
144.00, 62.00, 61.00, 2.00, 0.00
145.00, 46.00, 52.00, 1.00, 1.00
145.00, 56.00, 58.00, 1.00, 1.00
146.00, 39.00, 48.00, 1.00, 1.00
146.00, 55.00, 57.00, 1.00, 1.00
146.00, 63.00, 62.00, 1.00, 0.00
147.00, 51.00, 55.00, 0.75, 1.00
147.00, 61.00, 61.00, 1.00, 0.00
147.00, 67.00, 64.00, 0.75, 0.00
147.75, 56.00, 58.00, 0.25, 1.00
147.75, 65.00, 63.00, 0.25, 0.00
148.00, 51.00, 55.00, 1.50, 1.00
148.00, 55.00, 57.00, 1.50, 1.00
148.00, 61.00, 61.00, 1.50, 0.00
148.00, 63.00, 62.00, 1.50, 0.00
149.50, 51.00, 55.00, 0.50, 1.00
149.50, 56.00, 58.00, 0.50, 1.00
149.50, 61.00, 61.00, 0.50, 0.00
149.50, 65.00, 63.00, 0.50, 0.00
150.00, 51.00, 55.00, 0.50, 1.00
150.00, 58.00, 59.00, 0.50, 1.00
150.00, 61.00, 61.00, 0.50, 0.00
150.00, 67.00, 64.00, 0.50, 0.00
150.75, 51.00, 55.00, 0.25, 1.00
150.75, 60.00, 60.00, 0.25, 1.00
150.75, 63.00, 62.00, 0.25, 0.00
150.75, 68.00, 65.00, 0.25, 0.00
151.00, 51.00, 55.00, 1.00, 1.00
151.00, 61.00, 61.00, 1.00, 0.00
151.00, 65.00, 63.00, 1.00, 0.00
151.00, 70.00, 66.00, 1.00, 0.00
152.00, 51.00, 55.00, 1.00, 1.00
152.00, 63.00, 62.00, 1.00, 0.00
152.00, 67.00, 64.00, 1.00, 0.00
152.00, 72.00, 67.00, 1.00, 0.00
153.00, 51.00, 55.00, 0.50, 1.00
153.00, 65.00, 63.00, 0.50, 1.00
153.00, 68.00, 65.00, 0.50, 0.00
153.00, 73.00, 68.00, 0.50, 0.00
153.75, 51.00, 55.00, 0.25, 1.00
153.75, 61.00, 61.00, 0.25, 1.00
153.75, 67.00, 64.00, 0.25, 0.00
153.75, 77.00, 70.00, 0.25, 0.00
154.00, 56.00, 58.00, 2.00, 1.00
154.00, 61.00, 61.00, 1.00, 1.00
154.00, 67.00, 64.00, 1.00, 0.00
154.00, 75.00, 69.00, 1.00, 0.00
155.00, 60.00, 60.00, 1.00, 1.00
155.00, 68.00, 65.00, 1.00, 0.00
156.00, 65.00, 63.00, 2.00, 0.00
157.00, 53.00, 56.00, 1.00, 1.00
157.00, 53.00, 56.00, 2.00, 1.00
157.00, 57.00, 58.00, 1.00, 0.00
157.00, 63.00, 62.00, 1.00, 0.00
158.00, 41.00, 49.00, 1.00, 1.00
158.00, 58.00, 59.00, 1.00, 0.00
158.00, 63.00, 62.00, 1.00, 0.00
158.00, 67.00, 64.00, 1.00, 0.00
159.00, 29.00, 42.00, 0.50, 1.00
159.00, 60.00, 60.00, 0.50, 0.00
159.00, 63.00, 62.00, 0.50, 0.00
159.00, 69.00, 65.00, 0.50, 0.00
159.75, 53.00, 56.00, 0.25, 1.00
159.75, 58.00, 59.00, 0.25, 1.00
159.75, 60.00, 60.00, 0.25, 0.00
159.75, 63.00, 62.00, 0.25, 0.00
159.75, 67.00, 64.00, 0.25, 0.00
160.00, 53.00, 56.00, 1.50, 1.00
160.00, 57.00, 58.00, 1.50, 1.00
160.00, 60.00, 60.00, 1.50, 0.00
160.00, 63.00, 62.00, 1.50, 0.00
160.00, 65.00, 63.00, 1.50, 0.00
161.50, 53.00, 56.00, 0.50, 1.00
161.50, 58.00, 59.00, 0.50, 1.00
161.50, 60.00, 60.00, 0.50, 0.00
161.50, 63.00, 62.00, 0.50, 0.00
161.50, 67.00, 64.00, 0.50, 0.00
162.00, 53.00, 56.00, 0.50, 1.00
162.00, 60.00, 60.00, 0.50, 1.00
162.00, 63.00, 62.00, 0.50, 0.00
162.00, 65.00, 63.00, 0.50, 0.00
162.00, 69.00, 65.00, 0.50, 0.00
162.75, 53.00, 56.00, 0.25, 1.00
162.75, 62.00, 61.00, 0.25, 1.00
162.75, 65.00, 63.00, 0.25, 0.00
162.75, 70.00, 66.00, 0.25, 0.00
163.00, 53.00, 56.00, 1.00, 1.00
163.00, 63.00, 62.00, 1.00, 1.00
163.00, 67.00, 64.00, 1.00, 0.00
163.00, 70.00, 66.00, 1.00, 0.00
163.00, 72.00, 67.00, 1.00, 0.00
164.00, 53.00, 56.00, 1.00, 1.00
164.00, 65.00, 63.00, 1.00, 1.00
164.00, 69.00, 65.00, 1.00, 0.00
164.00, 74.00, 68.00, 1.00, 0.00
165.00, 53.00, 56.00, 0.50, 1.00
165.00, 67.00, 64.00, 0.50, 1.00
165.00, 70.00, 66.00, 0.50, 0.00
165.00, 75.00, 69.00, 0.50, 0.00
165.75, 53.00, 56.00, 0.25, 1.00
165.75, 63.00, 62.00, 0.25, 1.00
165.75, 69.00, 65.00, 0.25, 0.00
165.75, 79.00, 71.00, 0.25, 0.00
166.00, 58.00, 59.00, 2.00, 1.00
166.00, 63.00, 62.00, 1.00, 1.00
166.00, 69.00, 65.00, 1.00, 0.00
166.00, 77.00, 70.00, 1.00, 0.00
167.00, 62.00, 61.00, 1.00, 1.00
167.00, 70.00, 66.00, 1.00, 0.00
168.00, 54.00, 56.00, 1.00, 1.00
168.00, 61.00, 60.00, 1.00, 1.00
168.00, 64.00, 62.00, 1.00, 1.00
168.00, 70.00, 65.00, 1.50, 0.00
169.00, 42.00, 49.00, 1.00, 1.00
169.50, 71.00, 66.00, 0.50, 0.00
170.00, 73.00, 67.00, 0.50, 0.00
170.50, 75.00, 68.00, 0.50, 0.00
171.00, 76.00, 69.00, 0.50, 0.00
171.50, 80.00, 71.00, 0.50, 0.00
172.00, 54.00, 56.00, 7.00, 1.00
172.00, 78.00, 70.00, 1.00, 0.00
173.00, 61.00, 60.00, 1.00, 0.00
173.00, 70.00, 65.00, 1.00, 0.00
174.00, 54.00, 56.00, 3.00, 1.00
174.00, 64.00, 62.00, 0.50, 0.00
174.00, 73.00, 67.00, 0.50, 0.00
174.50, 68.00, 64.00, 0.50, 0.00
174.50, 76.00, 69.00, 0.50, 0.00
175.00, 66.00, 63.00, 1.00, 0.00
175.00, 75.00, 68.00, 1.00, 0.00
176.00, 59.00, 59.00, 1.00, 0.00
176.00, 68.00, 64.00, 1.00, 0.00
177.00, 62.00, 61.00, 1.00, 0.00
177.00, 65.00, 62.00, 1.00, 0.00
177.00, 71.00, 66.00, 0.33, 0.00
177.33, 73.00, 67.00, 0.33, 0.00
177.67, 71.00, 66.00, 0.33, 0.00
178.00, 61.00, 60.00, 1.00, 0.00
178.00, 66.00, 63.00, 1.00, 0.00
178.00, 70.00, 65.00, 1.50, 0.00
179.00, 54.00, 56.00, 2.00, 1.00
179.50, 68.00, 64.00, 0.50, 0.00
180.00, 58.00, 58.00, 1.00, 1.00
180.00, 64.00, 62.00, 1.00, 1.00
180.00, 66.00, 63.00, 0.50, 0.00
180.50, 68.00, 64.00, 0.50, 0.00
181.00, 42.00, 49.00, 1.00, 1.00
181.00, 70.00, 65.00, 0.50, 0.00
181.50, 71.00, 66.00, 0.50, 0.00
182.00, 73.00, 67.00, 0.50, 0.00
182.50, 75.00, 68.00, 0.50, 0.00
183.00, 76.00, 69.00, 0.50, 0.00
183.50, 80.00, 71.00, 0.50, 0.00
184.00, 54.00, 56.00, 7.00, 1.00
184.00, 78.00, 70.00, 1.00, 0.00
185.00, 61.00, 60.00, 1.00, 0.00
185.00, 70.00, 65.00, 1.00, 0.00
186.00, 54.00, 56.00, 3.00, 1.00
186.00, 64.00, 62.00, 0.50, 0.00
186.00, 73.00, 67.00, 0.50, 0.00
186.50, 68.00, 64.00, 0.50, 0.00
186.50, 76.00, 69.00, 0.50, 0.00
187.00, 66.00, 63.00, 1.00, 0.00
187.00, 75.00, 68.00, 1.00, 0.00
188.00, 59.00, 59.00, 1.00, 0.00
188.00, 68.00, 64.00, 1.00, 0.00
189.00, 62.00, 61.00, 1.00, 0.00
189.00, 65.00, 62.00, 1.00, 0.00
189.00, 71.00, 66.00, 0.33, 0.00
189.33, 73.00, 67.00, 0.33, 0.00
189.67, 71.00, 66.00, 0.33, 0.00
190.00, 61.00, 60.00, 1.00, 0.00
190.00, 66.00, 63.00, 1.00, 0.00
190.00, 70.00, 65.00, 1.50, 0.00
191.00, 54.00, 56.00, 2.00, 1.00
191.50, 68.00, 64.00, 0.50, 0.00
192.00, 58.00, 58.00, 1.00, 1.00
192.00, 64.00, 62.00, 1.00, 1.00
192.00, 66.00, 63.00, 0.50, 0.00
192.75, 68.00, 64.00, 0.25, 0.00
193.00, 42.00, 49.00, 1.00, 1.00
193.00, 70.00, 65.00, 0.50, 0.00
193.50, 71.00, 66.00, 0.50, 0.00
194.00, 73.00, 67.00, 0.50, 0.00
194.50, 75.00, 68.00, 0.50, 0.00
195.00, 76.00, 69.00, 0.50, 0.00
195.50, 78.00, 70.00, 0.50, 0.00
196.00, 80.00, 71.00, 1.00, 0.00
197.00, 54.00, 56.00, 1.00, 1.00
197.00, 61.00, 60.00, 1.00, 1.00
197.00, 64.00, 62.00, 1.00, 1.00
197.00, 70.00, 65.00, 1.00, 0.00
198.00, 53.00, 56.00, 1.00, 1.00
198.00, 62.00, 61.00, 1.00, 1.00
198.00, 65.00, 63.00, 1.00, 1.00
198.00, 69.00, 65.00, 0.50, 0.00
198.75, 70.00, 66.00, 0.25, 0.00
199.00, 41.00, 49.00, 1.00, 1.00
199.00, 72.00, 67.00, 0.50, 0.00
199.50, 74.00, 68.00, 0.50, 0.00
200.00, 75.00, 69.00, 0.50, 0.00
200.50, 77.00, 70.00, 0.50, 0.00
201.00, 79.00, 71.00, 0.50, 0.00
201.50, 81.00, 72.00, 0.50, 0.00
202.00, 82.00, 73.00, 1.00, 0.00
203.00, 52.00, 55.00, 1.00, 1.00
203.00, 58.00, 59.00, 2.00, 1.00
203.00, 60.00, 60.00, 3.00, 1.00
203.00, 67.00, 64.00, 1.00, 0.00
204.00, 53.00, 56.00, 1.00, 1.00
204.00, 65.00, 63.00, 0.50, 0.00
204.50, 79.00, 71.00, 0.50, 0.00
205.00, 57.00, 58.00, 2.00, 1.00
205.00, 77.00, 70.00, 1.50, 0.00
206.00, 63.00, 62.00, 1.00, 1.00
206.50, 76.00, 69.00, 0.50, 0.00
207.00, 46.00, 52.00, 1.00, 1.00
207.00, 75.00, 69.00, 0.50, 0.00
207.50, 74.00, 68.00, 0.50, 0.00
208.00, 53.00, 56.00, 1.00, 1.00
208.00, 58.00, 59.00, 1.00, 1.00
208.00, 62.00, 61.00, 1.00, 1.00
208.00, 72.00, 67.00, 0.50, 0.00
208.50, 70.00, 66.00, 0.50, 0.00
209.00, 69.00, 65.00, 0.50, 0.00
209.50, 67.00, 64.00, 0.50, 0.00
210.00, 41.00, 49.00, 3.00, 1.00
210.00, 65.00, 63.00, 1.00, 0.00
210.50, 75.00, 69.00, 0.50, 0.00
211.00, 55.00, 57.00, 1.00, 1.00
211.00, 64.00, 62.00, 1.00, 0.00
211.00, 74.00, 68.00, 1.50, 0.00
212.00, 57.00, 58.00, 1.00, 1.00
212.00, 63.00, 62.00, 1.00, 0.00
212.50, 72.00, 67.00, 0.50, 0.00
213.00, 46.00, 52.00, 0.50, 1.00
213.00, 58.00, 59.00, 0.50, 1.00
213.00, 62.00, 61.00, 0.50, 0.00
213.00, 70.00, 66.00, 0.50, 0.00
213.50, 55.00, 57.00, 0.50, 1.00
214.00, 53.00, 56.00, 0.50, 1.00
214.50, 51.00, 55.00, 0.50, 1.00
215.00, 50.00, 54.00, 0.50, 1.00
215.00, 53.00, 56.00, 7.00, 1.00
215.50, 48.00, 53.00, 0.50, 1.00
216.00, 46.00, 52.00, 0.75, 1.00
216.00, 58.00, 59.00, 3.75, 0.00
216.00, 62.00, 61.00, 2.00, 0.00
216.75, 43.00, 50.00, 0.25, 1.00
217.00, 41.00, 49.00, 1.00, 1.00
218.00, 46.00, 52.00, 1.75, 1.00
218.00, 63.00, 62.00, 1.75, 0.00
219.00, 65.00, 63.00, 0.75, 0.00
219.75, 47.00, 52.00, 0.25, 1.00
219.75, 57.00, 58.00, 0.25, 0.00
219.75, 63.00, 62.00, 0.25, 0.00
219.75, 65.00, 63.00, 0.25, 0.00
220.00, 48.00, 53.00, 1.00, 1.00
220.00, 55.00, 57.00, 1.00, 0.00
220.00, 63.00, 62.00, 1.00, 0.00
220.00, 65.00, 63.00, 1.00, 0.00
221.00, 41.00, 49.00, 1.00, 1.00
221.00, 57.00, 58.00, 1.00, 0.00
221.00, 63.00, 62.00, 1.00, 0.00
221.00, 65.00, 63.00, 1.00, 0.00
222.00, 46.00, 52.00, 0.75, 1.00
222.00, 58.00, 59.00, 2.00, 0.00
222.00, 62.00, 61.00, 2.00, 0.00
222.75, 43.00, 50.00, 0.25, 1.00
223.00, 41.00, 49.00, 1.00, 1.00
224.00, 40.00, 48.00, 1.00, 1.00
224.00, 48.00, 53.00, 4.00, 1.00
224.00, 58.00, 59.00, 1.00, 0.00
224.00, 67.00, 64.00, 1.00, 0.00
225.00, 41.00, 49.00, 0.75, 1.00
225.00, 58.00, 59.00, 0.75, 0.00
225.00, 60.00, 60.00, 0.75, 0.00
225.75, 36.00, 46.00, 0.25, 1.00
225.75, 57.00, 58.00, 0.25, 0.00
225.75, 60.00, 60.00, 0.25, 0.00
226.00, 41.00, 49.00, 1.00, 1.00
226.00, 55.00, 57.00, 1.00, 0.00
226.00, 60.00, 60.00, 1.00, 0.00
227.00, 36.00, 46.00, 1.00, 1.00
227.00, 57.00, 58.00, 1.00, 0.00
227.00, 60.00, 60.00, 1.00, 0.00
228.00, 41.00, 49.00, 0.75, 1.00
228.00, 48.00, 53.00, 4.00, 1.00
228.00, 56.00, 58.00, 3.00, 0.00
228.00, 60.00, 60.00, 2.00, 0.00
228.75, 37.00, 47.00, 0.25, 1.00
229.00, 36.00, 46.00, 1.00, 1.00
230.00, 41.00, 49.00, 1.00, 1.00
230.00, 62.00, 61.00, 1.00, 0.00
231.00, 36.00, 46.00, 1.00, 1.00
231.00, 55.00, 57.00, 0.50, 0.00
231.00, 63.00, 62.00, 0.50, 0.00
231.75, 63.00, 62.00, 0.25, 0.00
232.00, 48.00, 53.00, 2.00, 1.00
232.00, 55.00, 57.00, 2.00, 1.00
232.00, 58.00, 59.00, 3.00, 0.00
232.00, 63.00, 62.00, 1.50, 0.00
233.50, 62.00, 61.00, 0.50, 0.00
234.00, 41.00, 49.00, 5.00, 1.00
234.00, 51.00, 55.00, 0.75, 1.00
234.00, 60.00, 60.00, 0.75, 0.00
234.75, 50.00, 54.00, 0.25, 1.00
234.75, 59.00, 59.00, 0.25, 0.00
235.00, 51.00, 55.00, 1.00, 1.00
235.00, 57.00, 58.00, 1.00, 0.00
235.00, 60.00, 60.00, 1.00, 0.00
236.00, 47.00, 52.00, 1.00, 1.00
236.00, 56.00, 58.00, 1.00, 0.00
236.00, 62.00, 61.00, 1.00, 0.00
237.00, 48.00, 53.00, 0.75, 1.00
237.00, 55.00, 57.00, 0.75, 0.00
237.00, 63.00, 62.00, 0.75, 0.00
237.75, 46.00, 52.00, 0.25, 1.00
237.75, 54.00, 57.00, 0.25, 0.00
237.75, 64.00, 62.00, 0.25, 0.00
238.00, 45.00, 51.00, 1.00, 1.00
238.00, 53.00, 56.00, 1.00, 0.00
238.00, 65.00, 63.00, 1.00, 0.00
239.00, 41.00, 49.00, 1.00, 1.00
239.00, 57.00, 58.00, 1.00, 1.00
239.00, 63.00, 62.00, 1.00, 0.00
239.00, 73.00, 67.00, 1.00, 0.00
240.00, 46.00, 52.00, 0.75, 1.00
240.00, 53.00, 56.00, 0.75, 1.00
240.00, 58.00, 59.00, 0.75, 1.00
240.00, 62.00, 61.00, 2.00, 0.00
240.00, 70.00, 66.00, 2.00, 0.00
240.00, 74.00, 68.00, 2.00, 0.00
240.75, 43.00, 50.00, 0.25, 1.00
241.00, 41.00, 49.00, 1.00, 1.00
242.00, 46.00, 52.00, 1.75, 1.00
242.00, 53.00, 56.00, 3.00, 1.00
242.00, 63.00, 62.00, 1.00, 0.00
242.00, 70.00, 66.00, 1.00, 0.00
242.00, 75.00, 69.00, 1.00, 0.00
243.00, 65.00, 63.00, 0.75, 0.00
243.00, 70.00, 66.00, 0.75, 0.00
243.00, 75.00, 69.00, 0.75, 0.00
243.00, 77.00, 70.00, 0.75, 0.00
243.75, 47.00, 52.00, 0.25, 1.00
243.75, 65.00, 63.00, 0.25, 0.00
243.75, 69.00, 65.00, 0.25, 0.00
243.75, 75.00, 69.00, 0.25, 0.00
243.75, 77.00, 70.00, 0.25, 0.00
244.00, 48.00, 53.00, 0.50, 1.00
244.00, 65.00, 63.00, 1.00, 0.00
244.00, 67.00, 64.00, 1.00, 0.00
244.00, 75.00, 69.00, 1.00, 0.00
244.00, 77.00, 70.00, 1.00, 0.00
244.50, 50.00, 54.00, 0.50, 1.00
245.00, 48.00, 53.00, 1.00, 1.00
245.00, 53.00, 56.00, 1.00, 1.00
245.00, 65.00, 63.00, 1.00, 0.00
245.00, 69.00, 65.00, 1.00, 0.00
245.00, 75.00, 69.00, 1.00, 0.00
245.00, 77.00, 70.00, 1.00, 0.00
246.00, 46.00, 52.00, 0.75, 1.00
246.00, 53.00, 56.00, 2.00, 1.00
246.00, 62.00, 61.00, 2.00, 0.00
246.00, 70.00, 66.00, 2.00, 0.00
246.00, 74.00, 68.00, 2.00, 0.00
246.75, 43.00, 50.00, 0.25, 1.00
247.00, 41.00, 49.00, 1.00, 1.00
248.00, 40.00, 48.00, 1.00, 1.00
248.00, 48.00, 53.00, 1.00, 1.00
248.00, 67.00, 64.00, 1.00, 0.00
248.00, 70.00, 66.00, 1.00, 0.00
248.00, 72.00, 67.00, 1.00, 0.00
248.00, 79.00, 71.00, 1.00, 0.00
249.00, 41.00, 49.00, 0.75, 1.00
249.00, 48.00, 53.00, 0.75, 1.00
249.00, 60.00, 60.00, 0.75, 0.00
249.00, 65.00, 63.00, 0.75, 0.00
249.00, 70.00, 66.00, 0.75, 0.00
249.00, 72.00, 67.00, 0.75, 0.00
249.75, 36.00, 46.00, 0.25, 1.00
249.75, 48.00, 53.00, 0.25, 1.00
249.75, 60.00, 60.00, 0.25, 0.00
249.75, 65.00, 63.00, 0.25, 0.00
249.75, 69.00, 65.00, 0.25, 0.00
249.75, 72.00, 67.00, 0.25, 0.00
250.00, 41.00, 49.00, 1.00, 1.00
250.00, 48.00, 53.00, 1.00, 1.00
250.00, 60.00, 60.00, 1.00, 0.00
250.00, 65.00, 63.00, 1.00, 0.00
250.00, 67.00, 64.00, 1.00, 0.00
250.00, 72.00, 67.00, 1.00, 0.00
251.00, 36.00, 46.00, 1.00, 1.00
251.00, 48.00, 53.00, 1.00, 1.00
251.00, 60.00, 60.00, 1.00, 0.00
251.00, 65.00, 63.00, 1.00, 0.00
251.00, 69.00, 65.00, 1.00, 0.00
251.00, 72.00, 67.00, 1.00, 0.00
252.00, 41.00, 49.00, 0.75, 1.00
252.00, 48.00, 53.00, 2.00, 1.00
252.00, 60.00, 60.00, 2.00, 0.00
252.00, 65.00, 63.00, 2.00, 0.00
252.00, 68.00, 65.00, 2.00, 0.00
252.00, 72.00, 67.00, 2.00, 0.00
252.75, 37.00, 47.00, 0.25, 1.00
253.00, 36.00, 46.00, 1.00, 1.00
254.00, 41.00, 49.00, 1.00, 1.00
254.00, 48.00, 53.00, 1.50, 1.00
254.00, 62.00, 61.00, 1.00, 0.00
254.00, 68.00, 65.00, 1.00, 0.00
254.00, 74.00, 68.00, 1.00, 0.00
255.00, 36.00, 46.00, 0.50, 1.00
255.00, 63.00, 62.00, 0.50, 0.00
255.00, 67.00, 64.00, 0.50, 0.00
255.00, 75.00, 69.00, 0.50, 0.00
255.75, 48.00, 53.00, 0.25, 1.00
255.75, 55.00, 57.00, 0.25, 1.00
255.75, 60.00, 60.00, 0.25, 1.00
255.75, 63.00, 62.00, 0.25, 0.00
255.75, 75.00, 69.00, 0.25, 0.00
256.00, 48.00, 53.00, 1.50, 1.00
256.00, 55.00, 57.00, 1.50, 1.00
256.00, 60.00, 60.00, 1.50, 1.00
256.00, 63.00, 62.00, 1.50, 0.00
256.00, 70.00, 66.00, 1.50, 0.00
256.00, 75.00, 69.00, 1.50, 0.00
257.50, 48.00, 53.00, 0.50, 1.00
257.50, 55.00, 57.00, 0.50, 1.00
257.50, 60.00, 60.00, 0.50, 1.00
257.50, 63.00, 62.00, 0.50, 0.00
257.50, 70.00, 66.00, 0.50, 0.00
257.50, 74.00, 68.00, 0.50, 0.00
258.00, 41.00, 49.00, 0.50, 1.00
258.00, 48.00, 53.00, 0.50, 1.00
258.00, 57.00, 58.00, 0.50, 1.00
258.00, 63.00, 62.00, 0.50, 0.00
258.00, 72.00, 67.00, 0.50, 0.00
258.75, 53.00, 56.00, 0.25, 1.00
258.75, 57.00, 58.00, 0.25, 1.00
258.75, 63.00, 62.00, 0.25, 0.00
258.75, 71.00, 66.00, 0.25, 0.00
259.00, 53.00, 56.00, 1.00, 1.00
259.00, 57.00, 58.00, 1.00, 1.00
259.00, 63.00, 62.00, 1.00, 0.00
259.00, 72.00, 67.00, 1.00, 0.00
260.00, 53.00, 56.00, 1.00, 1.00
260.00, 57.00, 58.00, 1.00, 1.00
260.00, 63.00, 62.00, 1.00, 0.00
260.00, 74.00, 68.00, 1.00, 0.00
261.00, 46.00, 52.00, 1.00, 1.00
261.00, 53.00, 56.00, 1.00, 1.00
261.00, 58.00, 59.00, 1.00, 1.00
261.00, 62.00, 61.00, 1.00, 0.00
261.00, 70.00, 66.00, 1.00, 0.00
262.00, 59.00, 60.00, 0.50, 0.00
262.50, 58.00, 59.00, 0.50, 0.00
263.00, 56.00, 58.00, 0.50, 0.00
263.50, 58.00, 59.00, 0.50, 0.00
264.00, 59.00, 60.00, 0.33, 0.00
264.33, 63.00, 62.00, 0.33, 0.00
264.67, 71.00, 67.00, 0.33, 0.00
265.00, 44.00, 51.00, 1.00, 1.00
265.00, 51.00, 55.00, 1.00, 1.00
265.00, 61.00, 61.00, 1.00, 1.00
265.00, 70.00, 66.00, 1.00, 0.00
266.00, 44.00, 51.00, 1.00, 1.00
266.00, 51.00, 55.00, 1.00, 1.00
266.00, 60.00, 60.00, 1.00, 1.00
266.00, 68.00, 65.00, 1.00, 0.00
267.00, 75.00, 69.00, 1.00, 0.00
268.00, 44.00, 51.00, 1.00, 1.00
268.00, 51.00, 55.00, 1.00, 1.00
268.00, 59.00, 60.00, 1.00, 1.00
268.00, 73.00, 68.00, 1.50, 0.00
269.00, 44.00, 51.00, 1.00, 1.00
269.00, 53.00, 56.00, 1.00, 1.00
269.00, 59.00, 60.00, 1.00, 1.00
269.50, 71.00, 67.00, 0.50, 0.00
270.00, 70.00, 66.00, 0.50, 0.00
270.50, 68.00, 65.00, 0.50, 0.00
271.00, 39.00, 48.00, 1.00, 1.00
271.00, 46.00, 52.00, 1.00, 1.00
271.00, 54.00, 57.00, 1.00, 1.00
271.00, 70.00, 66.00, 1.00, 0.00
272.00, 39.00, 48.00, 1.00, 1.00
272.00, 46.00, 52.00, 1.00, 1.00
272.00, 54.00, 57.00, 1.00, 1.00
272.00, 66.00, 64.00, 1.00, 0.00
273.00, 63.00, 62.00, 3.00, 0.00
274.00, 39.00, 48.00, 1.00, 1.00
274.00, 46.00, 52.00, 1.00, 1.00
274.00, 54.00, 57.00, 1.00, 1.00
275.00, 39.00, 48.00, 1.00, 1.00
275.00, 48.00, 53.00, 1.00, 1.00
275.00, 54.00, 57.00, 1.00, 1.00
276.00, 61.00, 61.00, 0.50, 0.00
276.75, 60.00, 60.00, 0.25, 0.00
277.00, 41.00, 49.00, 1.00, 1.00
277.00, 49.00, 54.00, 1.00, 1.00
277.00, 53.00, 56.00, 1.00, 1.00
277.00, 58.00, 59.00, 1.00, 0.00
278.00, 41.00, 49.00, 1.00, 1.00
278.00, 49.00, 54.00, 1.00, 1.00
278.00, 53.00, 56.00, 1.00, 1.00
278.00, 65.00, 63.00, 1.00, 0.00
279.00, 53.00, 56.00, 3.00, 0.00
280.00, 41.00, 49.00, 1.00, 1.00
280.00, 51.00, 55.00, 1.00, 1.00
280.00, 57.00, 58.00, 1.00, 1.00
281.00, 41.00, 49.00, 1.00, 1.00
281.00, 51.00, 55.00, 1.00, 1.00
281.00, 57.00, 58.00, 1.00, 1.00
282.00, 58.00, 59.00, 3.00, 0.00
283.00, 46.00, 52.00, 1.00, 1.00
283.00, 53.00, 56.00, 1.00, 1.00
283.00, 61.00, 61.00, 1.00, 1.00
284.00, 46.00, 52.00, 1.00, 1.00
284.00, 53.00, 56.00, 1.00, 1.00
284.00, 61.00, 61.00, 1.00, 1.00
285.00, 65.00, 63.00, 0.50, 0.00
285.50, 66.00, 64.00, 0.50, 0.00
286.00, 46.00, 52.00, 1.00, 1.00
286.00, 53.00, 56.00, 1.00, 1.00
286.00, 61.00, 61.00, 1.00, 1.00
286.00, 65.00, 63.00, 1.00, 0.00
287.00, 46.00, 52.00, 1.00, 1.00
287.00, 53.00, 56.00, 1.00, 1.00
287.00, 61.00, 61.00, 1.00, 1.00
287.00, 70.00, 66.00, 0.50, 0.00
287.50, 72.00, 67.00, 0.50, 0.00
288.00, 73.00, 68.00, 0.50, 0.00
288.50, 73.00, 68.00, 0.50, 0.00
289.00, 46.00, 52.00, 1.00, 1.00
289.00, 53.00, 56.00, 1.00, 1.00
289.00, 61.00, 61.00, 1.00, 1.00
289.00, 72.00, 67.00, 1.00, 0.00
290.00, 46.00, 52.00, 1.00, 1.00
290.00, 53.00, 56.00, 1.00, 1.00
290.00, 61.00, 61.00, 1.00, 1.00
290.00, 70.00, 66.00, 1.00, 0.00
291.00, 77.00, 70.00, 0.50, 0.00
291.75, 77.00, 70.00, 0.25, 0.00
292.00, 46.00, 52.00, 1.00, 1.00
292.00, 55.00, 57.00, 1.00, 1.00
292.00, 61.00, 61.00, 1.00, 1.00
292.00, 75.00, 69.00, 1.00, 0.00
293.00, 46.00, 52.00, 1.00, 1.00
293.00, 55.00, 57.00, 1.00, 1.00
293.00, 61.00, 61.00, 1.00, 1.00
293.00, 73.00, 68.00, 1.00, 0.00
294.00, 72.00, 67.00, 0.50, 0.00
294.50, 70.00, 66.00, 0.50, 0.00
295.00, 48.00, 53.00, 1.00, 1.00
295.00, 56.00, 58.00, 1.00, 1.00
295.00, 60.00, 60.00, 1.00, 1.00
295.00, 72.00, 67.00, 1.00, 0.00
296.00, 48.00, 53.00, 1.00, 1.00
296.00, 56.00, 58.00, 1.00, 1.00
296.00, 60.00, 60.00, 1.00, 1.00
296.00, 68.00, 65.00, 1.00, 0.00
297.00, 65.00, 63.00, 3.00, 0.00
298.00, 49.00, 54.00, 1.00, 1.00
298.00, 56.00, 58.00, 1.00, 1.00
298.00, 59.00, 60.00, 1.00, 1.00
299.00, 49.00, 54.00, 1.00, 1.00
299.00, 56.00, 58.00, 1.00, 1.00
299.00, 59.00, 59.00, 1.00, 1.00
300.00, 68.00, 65.00, 0.50, 0.00
300.75, 67.00, 64.00, 0.25, 0.00
301.00, 48.00, 53.00, 1.00, 1.00
301.00, 56.00, 58.00, 1.00, 1.00
301.00, 60.00, 60.00, 1.00, 1.00
301.00, 65.00, 63.00, 1.00, 0.00
302.00, 48.00, 53.00, 1.00, 1.00
302.00, 56.00, 58.00, 1.00, 1.00
302.00, 60.00, 60.00, 1.00, 1.00
302.00, 72.00, 67.00, 1.00, 0.00
303.00, 60.00, 60.00, 3.00, 0.00
304.00, 48.00, 53.00, 1.00, 1.00
304.00, 58.00, 59.00, 1.00, 1.00
304.00, 64.00, 62.00, 1.00, 1.00
305.00, 48.00, 53.00, 1.00, 1.00
305.00, 58.00, 59.00, 1.00, 1.00
305.00, 64.00, 62.00, 1.00, 1.00
306.00, 68.00, 65.00, 0.50, 0.00
306.75, 67.00, 64.00, 0.25, 0.00
307.00, 48.00, 53.00, 1.00, 1.00
307.00, 56.00, 58.00, 1.00, 1.00
307.00, 60.00, 60.00, 1.00, 1.00
307.00, 65.00, 63.00, 0.50, 0.00
307.50, 72.00, 67.00, 0.50, 0.00
308.00, 48.00, 53.00, 1.00, 1.00
308.00, 56.00, 58.00, 1.00, 1.00
308.00, 60.00, 60.00, 1.00, 1.00
308.00, 75.00, 69.00, 0.50, 0.00
308.50, 73.00, 68.00, 0.50, 0.00
309.00, 60.00, 60.00, 3.00, 0.00
310.00, 48.00, 53.00, 1.00, 1.00
310.00, 55.00, 57.00, 1.00, 1.00
310.00, 64.00, 62.00, 1.00, 1.00
311.00, 48.00, 53.00, 1.00, 1.00
311.00, 55.00, 57.00, 1.00, 1.00
311.00, 64.00, 62.00, 1.00, 1.00
312.00, 65.00, 63.00, 3.00, 0.00
313.00, 48.00, 53.00, 1.00, 1.00
313.00, 57.00, 58.00, 1.00, 1.00
314.00, 41.00, 49.00, 1.00, 1.00
315.00, 78.00, 71.00, 0.50, 0.00
315.50, 77.00, 70.00, 0.50, 0.00
316.00, 53.00, 56.00, 1.00, 1.00
316.00, 57.00, 58.00, 1.00, 1.00
316.00, 63.00, 62.00, 1.00, 1.00
316.00, 75.00, 69.00, 1.00, 0.00
317.00, 41.00, 49.00, 1.00, 1.00
317.00, 73.00, 68.00, 0.50, 0.00
317.50, 72.00, 67.00, 0.50, 0.00
318.00, 77.00, 70.00, 0.50, 0.00
318.50, 75.00, 69.00, 0.50, 0.00
319.00, 53.00, 56.00, 1.00, 1.00
319.00, 58.00, 59.00, 1.00, 1.00
319.00, 61.00, 61.00, 1.00, 1.00
319.00, 73.00, 68.00, 1.00, 0.00
320.00, 41.00, 49.00, 1.00, 1.00
320.00, 72.00, 67.00, 0.50, 0.00
320.50, 70.00, 66.00, 0.50, 0.00
321.00, 73.00, 68.00, 0.50, 0.00
321.50, 72.00, 67.00, 0.50, 0.00
322.00, 52.00, 55.00, 1.00, 1.00
322.00, 61.00, 61.00, 1.00, 1.00
322.00, 70.00, 66.00, 1.00, 0.00
323.00, 41.00, 49.00, 1.00, 1.00
323.00, 66.00, 64.00, 1.00, 0.00
324.00, 65.00, 63.00, 1.00, 0.00
325.00, 48.00, 53.00, 1.00, 1.00
325.00, 57.00, 58.00, 1.00, 1.00
325.00, 60.00, 60.00, 1.00, 1.00
326.00, 41.00, 49.00, 1.00, 1.00
326.00, 77.00, 70.00, 1.00, 0.00
327.00, 78.00, 71.00, 0.50, 0.00
327.50, 77.00, 70.00, 0.50, 0.00
328.00, 53.00, 56.00, 1.00, 1.00
328.00, 57.00, 58.00, 1.00, 1.00
328.00, 63.00, 62.00, 1.00, 1.00
328.00, 75.00, 69.00, 1.00, 0.00
329.00, 41.00, 49.00, 1.00, 1.00
329.00, 73.00, 68.00, 0.50, 0.00
329.50, 72.00, 67.00, 0.50, 0.00
330.00, 77.00, 70.00, 0.50, 0.00
330.50, 75.00, 69.00, 0.50, 0.00
331.00, 53.00, 56.00, 1.00, 1.00
331.00, 58.00, 59.00, 1.00, 1.00
331.00, 61.00, 61.00, 1.00, 1.00
331.00, 73.00, 68.00, 1.00, 0.00
332.00, 41.00, 49.00, 1.00, 1.00
332.00, 72.00, 67.00, 0.50, 0.00
332.50, 70.00, 66.00, 0.50, 0.00
333.00, 73.00, 68.00, 0.50, 0.00
333.50, 72.00, 67.00, 0.50, 0.00
334.00, 52.00, 55.00, 1.00, 1.00
334.00, 61.00, 61.00, 1.00, 1.00
334.00, 70.00, 66.00, 1.00, 0.00
335.00, 41.00, 49.00, 1.00, 1.00
335.00, 66.00, 64.00, 1.00, 0.00
336.00, 65.00, 63.00, 2.00, 0.00
337.00, 48.00, 53.00, 1.00, 1.00
337.00, 57.00, 58.00, 1.00, 1.00
337.00, 60.00, 60.00, 1.00, 1.00
338.00, 41.00, 49.00, 1.00, 1.00
338.00, 72.00, 67.00, 1.00, 0.00
339.00, 73.00, 68.00, 0.50, 0.00
339.50, 72.00, 67.00, 0.50, 0.00
340.00, 51.00, 55.00, 1.00, 1.00
340.00, 58.00, 59.00, 1.00, 1.00
340.00, 61.00, 61.00, 1.00, 1.00
340.00, 70.00, 66.00, 1.00, 0.00
341.00, 41.00, 49.00, 1.00, 1.00
341.00, 66.00, 64.00, 1.00, 0.00
342.00, 65.00, 63.00, 2.00, 0.00
343.00, 51.00, 55.00, 1.00, 1.00
343.00, 57.00, 58.00, 1.00, 1.00
343.00, 60.00, 60.00, 1.00, 1.00
344.00, 41.00, 49.00, 1.00, 1.00
344.00, 72.00, 67.00, 1.00, 0.00
345.00, 73.00, 68.00, 0.50, 0.00
345.50, 72.00, 67.00, 0.50, 0.00
346.00, 51.00, 55.00, 1.00, 1.00
346.00, 58.00, 59.00, 1.00, 1.00
346.00, 61.00, 61.00, 1.00, 1.00
346.00, 70.00, 66.00, 1.00, 0.00
347.00, 41.00, 49.00, 2.00, 1.00
347.00, 66.00, 64.00, 1.00, 0.00
348.00, 63.00, 62.00, 0.50, 0.00
348.50, 64.00, 62.00, 0.50, 0.00
349.00, 51.00, 55.00, 1.00, 1.00
349.00, 57.00, 58.00, 1.00, 1.00
349.00, 60.00, 60.00, 1.00, 1.00
349.00, 65.00, 63.00, 1.00, 0.00
350.00, 68.00, 65.00, 0.50, 0.00
350.50, 66.00, 64.00, 0.50, 0.00
351.00, 60.00, 60.00, 0.50, 0.00
351.50, 61.00, 60.00, 0.50, 0.00
352.00, 62.00, 61.00, 1.00, 0.00
353.00, 65.00, 63.00, 0.50, 0.00
353.50, 63.00, 62.00, 0.50, 0.00
354.00, 52.00, 55.00, 0.50, 1.00
354.50, 53.00, 56.00, 0.50, 1.00
355.00, 63.00, 62.00, 1.00, 0.00
356.00, 53.00, 56.00, 0.50, 1.00
356.50, 54.00, 56.00, 0.50, 1.00
357.00, 63.00, 62.00, 0.50, 0.00
357.50, 55.00, 57.00, 0.50, 1.00
358.00, 56.00, 57.00, 1.00, 1.00
359.00, 63.00, 62.00, 0.50, 0.00
359.50, 57.00, 58.00, 0.50, 1.00
360.00, 46.00, 52.00, 0.75, 1.00
360.00, 53.00, 56.00, 6.00, 1.00
360.00, 58.00, 59.00, 3.75, 0.00
360.00, 62.00, 61.00, 2.00, 0.00
360.75, 43.00, 50.00, 0.25, 1.00
361.00, 41.00, 49.00, 1.00, 1.00
362.00, 46.00, 52.00, 1.75, 1.00
362.00, 63.00, 62.00, 1.75, 0.00
363.00, 65.00, 63.00, 0.75, 0.00
363.75, 47.00, 52.00, 0.25, 1.00
363.75, 57.00, 58.00, 0.25, 0.00
363.75, 63.00, 62.00, 0.25, 0.00
363.75, 65.00, 63.00, 0.25, 0.00
364.00, 48.00, 53.00, 0.50, 1.00
364.00, 55.00, 57.00, 1.00, 0.00
364.00, 63.00, 62.00, 1.00, 0.00
364.00, 65.00, 63.00, 1.00, 0.00
364.50, 50.00, 54.00, 0.50, 1.00
365.00, 48.00, 53.00, 1.00, 1.00
365.00, 57.00, 58.00, 1.00, 0.00
365.00, 63.00, 62.00, 1.00, 0.00
365.00, 65.00, 63.00, 1.00, 0.00
366.00, 46.00, 52.00, 0.75, 1.00
366.00, 53.00, 56.00, 2.00, 1.00
366.00, 58.00, 59.00, 2.00, 0.00
366.00, 62.00, 61.00, 2.00, 0.00
366.75, 43.00, 50.00, 0.25, 1.00
367.00, 41.00, 49.00, 1.00, 1.00
368.00, 40.00, 48.00, 1.00, 1.00
368.00, 48.00, 53.00, 4.00, 1.00
368.00, 58.00, 59.00, 1.00, 0.00
368.00, 67.00, 64.00, 1.00, 0.00
369.00, 41.00, 49.00, 0.75, 1.00
369.00, 58.00, 59.00, 0.75, 0.00
369.00, 60.00, 60.00, 0.75, 0.00
369.75, 36.00, 46.00, 0.25, 1.00
369.75, 57.00, 58.00, 0.25, 0.00
369.75, 60.00, 60.00, 0.25, 0.00
370.00, 41.00, 49.00, 1.00, 1.00
370.00, 55.00, 57.00, 1.00, 0.00
370.00, 60.00, 60.00, 1.00, 0.00
371.00, 36.00, 46.00, 1.00, 1.00
371.00, 57.00, 58.00, 1.00, 0.00
371.00, 60.00, 60.00, 1.00, 0.00
372.00, 41.00, 49.00, 0.75, 1.00
372.00, 48.00, 53.00, 4.00, 1.00
372.00, 56.00, 58.00, 3.00, 0.00
372.00, 60.00, 60.00, 2.00, 0.00
372.75, 37.00, 47.00, 0.25, 1.00
373.00, 36.00, 46.00, 1.00, 1.00
374.00, 41.00, 49.00, 1.00, 1.00
374.00, 62.00, 61.00, 1.00, 0.00
375.00, 36.00, 46.00, 1.00, 1.00
375.00, 55.00, 57.00, 0.50, 0.00
375.00, 63.00, 62.00, 0.50, 0.00
375.75, 63.00, 62.00, 0.25, 0.00
376.00, 48.00, 53.00, 2.00, 1.00
376.00, 55.00, 57.00, 2.00, 1.00
376.00, 58.00, 59.00, 2.00, 0.00
376.00, 63.00, 62.00, 1.50, 0.00
377.50, 62.00, 61.00, 0.50, 0.00
378.00, 41.00, 49.00, 5.00, 1.00
378.00, 51.00, 55.00, 0.75, 1.00
378.00, 58.00, 59.00, 1.00, 0.00
378.00, 60.00, 60.00, 0.75, 0.00
378.75, 50.00, 54.00, 0.25, 1.00
378.75, 59.00, 59.00, 0.25, 0.00
379.00, 51.00, 55.00, 1.00, 1.00
379.00, 57.00, 58.00, 1.00, 0.00
379.00, 60.00, 60.00, 1.00, 0.00
380.00, 47.00, 52.00, 1.00, 1.00
380.00, 56.00, 58.00, 1.00, 0.00
380.00, 62.00, 61.00, 1.00, 0.00
381.00, 48.00, 53.00, 0.75, 1.00
381.00, 55.00, 57.00, 0.75, 1.00
381.00, 63.00, 62.00, 0.75, 0.00
381.75, 46.00, 52.00, 0.25, 1.00
381.75, 54.00, 57.00, 0.25, 1.00
381.75, 64.00, 62.00, 0.25, 0.00
382.00, 45.00, 51.00, 1.00, 1.00
382.00, 53.00, 56.00, 1.00, 1.00
382.00, 65.00, 63.00, 1.00, 0.00
383.00, 41.00, 49.00, 1.00, 1.00
383.00, 57.00, 58.00, 1.00, 1.00
383.00, 63.00, 62.00, 1.00, 0.00
383.00, 73.00, 67.00, 1.00, 0.00
384.00, 46.00, 52.00, 0.75, 1.00
384.00, 53.00, 56.00, 0.75, 1.00
384.00, 58.00, 59.00, 0.75, 1.00
384.00, 62.00, 61.00, 2.00, 0.00
384.00, 70.00, 66.00, 2.00, 0.00
384.00, 74.00, 68.00, 2.00, 0.00
384.75, 43.00, 50.00, 0.25, 1.00
385.00, 41.00, 49.00, 1.00, 1.00
386.00, 46.00, 52.00, 1.75, 1.00
386.00, 53.00, 56.00, 4.00, 1.00
386.00, 63.00, 62.00, 1.00, 0.00
386.00, 70.00, 66.00, 1.00, 0.00
386.00, 75.00, 69.00, 1.00, 0.00
387.00, 65.00, 63.00, 0.75, 0.00
387.00, 70.00, 66.00, 0.75, 0.00
387.00, 75.00, 69.00, 0.75, 0.00
387.00, 77.00, 70.00, 0.75, 0.00
387.75, 47.00, 52.00, 0.25, 1.00
387.75, 65.00, 63.00, 0.25, 0.00
387.75, 69.00, 65.00, 0.25, 0.00
387.75, 75.00, 69.00, 0.25, 0.00
387.75, 77.00, 70.00, 0.25, 0.00
388.00, 48.00, 53.00, 0.50, 1.00
388.00, 65.00, 63.00, 1.00, 0.00
388.00, 67.00, 64.00, 1.00, 0.00
388.00, 75.00, 69.00, 1.00, 0.00
388.00, 77.00, 70.00, 1.00, 0.00
388.50, 51.00, 55.00, 0.50, 1.00
389.00, 50.00, 54.00, 0.50, 1.00
389.00, 65.00, 63.00, 1.00, 0.00
389.00, 69.00, 65.00, 1.00, 0.00
389.00, 75.00, 69.00, 1.00, 0.00
389.00, 77.00, 70.00, 1.00, 0.00
389.50, 48.00, 53.00, 0.50, 1.00
390.00, 46.00, 52.00, 0.75, 1.00
390.00, 53.00, 56.00, 2.00, 1.00
390.00, 62.00, 61.00, 2.00, 0.00
390.00, 70.00, 66.00, 2.00, 0.00
390.00, 74.00, 68.00, 2.00, 0.00
390.75, 43.00, 50.00, 0.25, 1.00
391.00, 41.00, 49.00, 1.00, 1.00
392.00, 40.00, 48.00, 1.00, 1.00
392.00, 48.00, 53.00, 1.75, 1.00
392.00, 67.00, 64.00, 1.00, 0.00
392.00, 70.00, 66.00, 1.00, 0.00
392.00, 72.00, 67.00, 1.00, 0.00
392.00, 79.00, 71.00, 1.00, 0.00
393.00, 41.00, 49.00, 0.75, 1.00
393.00, 60.00, 60.00, 0.75, 0.00
393.00, 65.00, 63.00, 0.75, 0.00
393.00, 70.00, 66.00, 0.75, 0.00
393.00, 72.00, 67.00, 0.75, 0.00
393.75, 36.00, 46.00, 0.25, 1.00
393.75, 48.00, 53.00, 0.25, 1.00
393.75, 60.00, 60.00, 0.25, 0.00
393.75, 65.00, 63.00, 0.25, 0.00
393.75, 69.00, 65.00, 0.25, 0.00
393.75, 72.00, 67.00, 0.25, 0.00
394.00, 41.00, 49.00, 1.00, 1.00
394.00, 48.00, 53.00, 1.00, 1.00
394.00, 60.00, 60.00, 1.00, 0.00
394.00, 65.00, 63.00, 1.00, 0.00
394.00, 67.00, 64.00, 1.00, 0.00
394.00, 72.00, 67.00, 1.00, 0.00
395.00, 36.00, 46.00, 1.00, 1.00
395.00, 48.00, 53.00, 1.00, 1.00
395.00, 60.00, 60.00, 1.00, 0.00
395.00, 65.00, 63.00, 1.00, 0.00
395.00, 69.00, 65.00, 1.00, 0.00
395.00, 72.00, 67.00, 1.00, 0.00
396.00, 41.00, 49.00, 0.75, 1.00
396.00, 48.00, 53.00, 2.00, 1.00
396.00, 60.00, 60.00, 2.00, 0.00
396.00, 65.00, 63.00, 2.00, 0.00
396.00, 68.00, 65.00, 2.00, 0.00
396.00, 72.00, 67.00, 2.00, 0.00
396.75, 37.00, 47.00, 0.25, 1.00
397.00, 36.00, 46.00, 1.00, 1.00
398.00, 41.00, 49.00, 1.00, 1.00
398.00, 48.00, 53.00, 1.50, 1.00
398.00, 62.00, 61.00, 1.00, 0.00
398.00, 68.00, 65.00, 1.00, 0.00
398.00, 74.00, 68.00, 1.00, 0.00
399.00, 36.00, 46.00, 0.50, 1.00
399.00, 63.00, 62.00, 0.50, 0.00
399.00, 67.00, 64.00, 0.50, 0.00
399.00, 75.00, 69.00, 0.50, 0.00
399.75, 48.00, 53.00, 0.25, 1.00
399.75, 55.00, 57.00, 0.25, 1.00
399.75, 63.00, 62.00, 0.25, 0.00
400.00, 48.00, 53.00, 1.50, 1.00
400.00, 54.00, 56.00, 1.50, 1.00
400.00, 63.00, 62.00, 1.50, 0.00
401.50, 47.00, 52.00, 0.50, 1.00
401.50, 55.00, 57.00, 0.50, 1.00
401.50, 62.00, 61.00, 0.50, 0.00
402.00, 50.00, 54.00, 0.50, 1.00
402.00, 56.00, 57.00, 0.50, 1.00
402.00, 65.00, 63.00, 0.50, 0.00
402.75, 49.00, 53.00, 0.25, 1.00
402.75, 57.00, 58.00, 0.25, 1.00
402.75, 64.00, 62.00, 0.25, 0.00
403.00, 52.00, 55.00, 1.50, 1.00
403.00, 58.00, 58.00, 1.50, 1.00
403.00, 67.00, 64.00, 1.50, 0.00
404.50, 51.00, 54.00, 0.50, 1.00
404.50, 59.00, 59.00, 0.50, 1.00
404.50, 66.00, 63.00, 0.50, 0.00
405.00, 54.00, 56.00, 0.50, 1.00
405.00, 60.00, 59.00, 0.50, 0.00
405.00, 69.00, 65.00, 0.50, 0.00
405.75, 53.00, 55.00, 0.25, 1.00
405.75, 61.00, 60.00, 0.25, 0.00
405.75, 68.00, 64.00, 0.25, 0.00
406.00, 56.00, 57.00, 1.00, 1.00
406.00, 62.00, 61.00, 2.00, 0.00
406.00, 65.00, 63.00, 2.00, 0.00
406.00, 71.00, 66.00, 3.50, 0.00
407.00, 56.00, 58.00, 0.50, 1.00
407.50, 55.00, 57.00, 0.50, 1.00
408.00, 67.00, 64.00, 10.00, 0.00
408.00, 71.00, 66.00, 1.00, 0.00
409.00, 65.00, 63.00, 0.50, 1.00
409.50, 63.00, 62.00, 0.50, 1.00
409.50, 72.00, 67.00, 0.50, 0.00
410.00, 62.00, 61.00, 0.50, 1.00
410.00, 71.00, 66.00, 0.50, 0.00
410.00, 74.00, 68.00, 0.50, 0.00
410.50, 60.00, 60.00, 0.50, 1.00
410.50, 72.00, 67.00, 0.50, 0.00
410.50, 75.00, 69.00, 0.50, 0.00
411.00, 62.00, 61.00, 0.75, 1.00
411.00, 71.00, 66.00, 1.00, 0.00
411.00, 77.00, 70.00, 0.75, 0.00
411.75, 55.00, 57.00, 0.25, 1.00
411.75, 79.00, 71.00, 0.25, 0.00
412.00, 62.00, 61.00, 1.00, 1.00
412.00, 71.00, 66.00, 1.00, 0.00
412.00, 77.00, 70.00, 1.00, 0.00
413.00, 60.00, 60.00, 1.00, 1.00
413.00, 72.00, 67.00, 1.00, 0.00
413.00, 75.00, 69.00, 1.00, 0.00
414.00, 62.00, 61.00, 0.75, 1.00
414.00, 71.00, 66.00, 1.00, 0.00
414.00, 77.00, 70.00, 0.75, 0.00
414.75, 55.00, 57.00, 0.25, 1.00
414.75, 79.00, 71.00, 0.25, 0.00
415.00, 62.00, 61.00, 1.00, 1.00
415.00, 71.00, 66.00, 1.00, 0.00
415.00, 77.00, 70.00, 1.00, 0.00
416.00, 60.00, 60.00, 1.00, 1.00
416.00, 72.00, 67.00, 1.00, 0.00
416.00, 75.00, 69.00, 1.00, 0.00
418.00, 59.00, 59.00, 0.50, 1.00
418.50, 60.00, 60.00, 0.50, 1.00
419.00, 62.00, 61.00, 0.50, 1.00
419.50, 63.00, 62.00, 0.50, 1.00
420.00, 62.00, 61.00, 9.00, 0.00
421.00, 60.00, 60.00, 0.50, 1.00
421.50, 58.00, 59.00, 0.50, 1.00
421.50, 67.00, 64.00, 0.50, 0.00
422.00, 57.00, 58.00, 0.50, 1.00
422.00, 66.00, 63.00, 0.50, 0.00
422.00, 69.00, 65.00, 0.50, 0.00
422.50, 55.00, 57.00, 0.50, 1.00
422.50, 67.00, 64.00, 0.50, 0.00
422.50, 70.00, 66.00, 0.50, 0.00
423.00, 57.00, 58.00, 0.75, 1.00
423.00, 66.00, 63.00, 1.00, 0.00
423.00, 72.00, 67.00, 0.75, 0.00
423.75, 50.00, 54.00, 0.25, 1.00
423.75, 74.00, 68.00, 0.25, 0.00
424.00, 57.00, 58.00, 1.00, 1.00
424.00, 66.00, 63.00, 1.00, 0.00
424.00, 72.00, 67.00, 1.00, 0.00
425.00, 55.00, 57.00, 1.00, 1.00
425.00, 67.00, 64.00, 1.00, 0.00
425.00, 70.00, 66.00, 1.00, 0.00
426.00, 57.00, 58.00, 0.75, 1.00
426.00, 66.00, 63.00, 1.00, 0.00
426.00, 72.00, 67.00, 0.75, 0.00
426.75, 50.00, 54.00, 0.25, 1.00
426.75, 74.00, 68.00, 0.25, 0.00
427.00, 57.00, 58.00, 1.00, 1.00
427.00, 66.00, 63.00, 1.00, 0.00
427.00, 72.00, 67.00, 1.00, 0.00
428.00, 55.00, 57.00, 13.50, 1.00
428.00, 67.00, 64.00, 1.00, 0.00
428.00, 70.00, 66.00, 1.00, 0.00
429.00, 60.00, 60.00, 3.00, 1.00
429.00, 63.00, 62.00, 3.00, 0.00
429.00, 68.00, 65.00, 2.00, 0.00
431.00, 66.00, 63.00, 1.00, 0.00
432.00, 59.00, 59.00, 1.50, 0.00
432.00, 62.00, 61.00, 1.50, 0.00
432.00, 67.00, 64.00, 1.50, 0.00
433.00, 53.00, 56.00, 0.50, 1.00
433.50, 51.00, 55.00, 0.50, 1.00
433.50, 60.00, 60.00, 0.50, 0.00
434.00, 50.00, 54.00, 0.50, 1.00
434.00, 59.00, 59.00, 0.50, 0.00
434.00, 62.00, 61.00, 0.50, 0.00
434.50, 48.00, 53.00, 0.50, 1.00
434.50, 60.00, 60.00, 0.50, 0.00
434.50, 63.00, 62.00, 0.50, 0.00
435.00, 50.00, 54.00, 0.75, 1.00
435.00, 59.00, 59.00, 1.00, 0.00
435.00, 65.00, 63.00, 0.75, 0.00
435.75, 43.00, 50.00, 0.25, 1.00
435.75, 67.00, 64.00, 0.25, 0.00
436.00, 50.00, 54.00, 1.00, 1.00
436.00, 59.00, 59.00, 1.00, 0.00
436.00, 65.00, 63.00, 1.00, 0.00
437.00, 48.00, 53.00, 1.00, 1.00
437.00, 60.00, 60.00, 1.00, 0.00
437.00, 63.00, 62.00, 1.00, 0.00
438.00, 50.00, 54.00, 0.75, 1.00
438.00, 59.00, 59.00, 1.00, 0.00
438.00, 65.00, 63.00, 0.75, 0.00
438.75, 43.00, 50.00, 0.25, 1.00
438.75, 67.00, 64.00, 0.25, 0.00
439.00, 50.00, 54.00, 1.00, 1.00
439.00, 59.00, 59.00, 1.00, 0.00
439.00, 65.00, 63.00, 1.00, 0.00
440.00, 48.00, 53.00, 1.00, 1.00
440.00, 60.00, 60.00, 1.00, 0.00
440.00, 63.00, 62.00, 1.00, 0.00
441.50, 48.00, 53.00, 0.50, 1.00
442.00, 47.00, 52.00, 0.50, 1.00
442.50, 48.00, 53.00, 0.50, 1.00
443.00, 50.00, 54.00, 0.50, 1.00
443.50, 51.00, 55.00, 0.50, 1.00
444.00, 50.00, 54.00, 0.50, 1.00
444.50, 49.00, 53.00, 0.50, 1.00
444.50, 52.00, 55.00, 0.50, 1.00
445.00, 48.00, 53.00, 0.50, 1.00
445.00, 54.00, 56.00, 0.50, 1.00
445.50, 46.00, 52.00, 0.50, 1.00
445.50, 55.00, 57.00, 0.50, 1.00
446.00, 45.00, 51.00, 0.50, 1.00
446.00, 54.00, 56.00, 0.50, 1.00
446.00, 57.00, 58.00, 0.50, 1.00
446.50, 43.00, 50.00, 0.50, 1.00
446.50, 55.00, 57.00, 0.50, 1.00
446.50, 58.00, 59.00, 0.50, 1.00
447.00, 45.00, 51.00, 0.50, 1.00
447.00, 53.00, 56.00, 0.50, 1.00
447.00, 57.00, 58.00, 0.50, 1.00
447.75, 32.00, 44.00, 0.25, 1.00
447.75, 52.00, 55.00, 0.25, 1.00
447.75, 61.00, 60.00, 0.25, 0.00
448.00, 38.00, 47.00, 2.00, 1.00
448.00, 50.00, 54.00, 2.00, 1.00
448.00, 62.00, 61.00, 2.00, 0.00
450.00, 50.00, 54.00, 11.00, 1.00
450.00, 57.00, 58.00, 0.50, 1.00
450.00, 65.00, 63.00, 0.50, 0.00
450.00, 69.00, 65.00, 0.50, 0.00
450.75, 55.00, 57.00, 0.25, 1.00
450.75, 64.00, 62.00, 0.25, 0.00
450.75, 73.00, 67.00, 0.25, 0.00
451.00, 53.00, 56.00, 2.00, 1.00
451.00, 62.00, 61.00, 2.00, 0.00
451.00, 74.00, 68.00, 2.00, 0.00
453.00, 57.00, 58.00, 0.50, 1.00
453.00, 65.00, 63.00, 0.50, 0.00
453.00, 69.00, 65.00, 0.50, 0.00
453.75, 55.00, 57.00, 0.25, 1.00
453.75, 64.00, 62.00, 0.25, 0.00
453.75, 73.00, 67.00, 0.25, 0.00
454.00, 53.00, 56.00, 2.00, 1.00
454.00, 62.00, 61.00, 7.00, 0.00
454.00, 74.00, 68.00, 2.00, 0.00
456.00, 57.00, 58.00, 0.50, 1.00
456.00, 69.00, 65.00, 0.50, 0.00
456.50, 60.00, 60.00, 0.50, 1.00
456.50, 72.00, 67.00, 0.50, 0.00
457.00, 58.00, 59.00, 1.00, 1.00
457.00, 70.00, 66.00, 1.00, 0.00
458.00, 57.00, 58.00, 0.50, 1.00
458.00, 69.00, 65.00, 0.50, 0.00
458.50, 55.00, 57.00, 0.50, 1.00
458.50, 67.00, 64.00, 0.50, 0.00
459.00, 57.00, 58.00, 0.75, 1.00
459.00, 69.00, 65.00, 0.75, 0.00
459.75, 52.00, 55.00, 0.25, 1.00
459.75, 64.00, 62.00, 0.25, 0.00
460.00, 53.00, 56.00, 1.00, 1.00
460.00, 65.00, 63.00, 1.00, 0.00
461.00, 50.00, 54.00, 6.00, 1.00
461.00, 62.00, 61.00, 6.00, 0.00
462.00, 57.00, 58.00, 0.50, 1.00
462.00, 69.00, 65.00, 0.50, 0.00
462.50, 60.00, 60.00, 0.50, 1.00
462.50, 72.00, 67.00, 0.50, 0.00
463.00, 58.00, 59.00, 1.00, 1.00
463.00, 70.00, 66.00, 1.00, 0.00
464.00, 57.00, 58.00, 0.50, 1.00
464.00, 69.00, 65.00, 0.50, 0.00
464.50, 55.00, 57.00, 0.50, 1.00
464.50, 67.00, 64.00, 0.50, 0.00
465.00, 57.00, 58.00, 0.75, 1.00
465.00, 69.00, 65.00, 0.75, 0.00
465.75, 52.00, 55.00, 0.25, 1.00
465.75, 64.00, 62.00, 0.25, 0.00
466.00, 53.00, 56.00, 1.00, 1.00
466.00, 65.00, 63.00, 1.00, 0.00
467.00, 50.00, 54.00, 3.00, 1.00
467.00, 62.00, 61.00, 3.00, 0.00
468.00, 57.00, 58.00, 0.75, 1.00
468.00, 69.00, 65.00, 0.75, 0.00
468.00, 69.00, 65.00, 3.00, 0.00
468.75, 52.00, 55.00, 0.25, 1.00
468.75, 64.00, 62.00, 0.25, 0.00
469.00, 53.00, 56.00, 1.00, 1.00
469.00, 65.00, 63.00, 1.00, 0.00
470.00, 50.00, 54.00, 3.00, 1.00
470.00, 62.00, 61.00, 3.00, 0.00
471.00, 57.00, 58.00, 0.75, 1.00
471.00, 69.00, 65.00, 0.75, 0.00
471.00, 69.00, 65.00, 3.00, 0.00
471.75, 52.00, 55.00, 0.25, 1.00
471.75, 64.00, 62.00, 0.25, 0.00
472.00, 53.00, 56.00, 1.00, 1.00
472.00, 65.00, 63.00, 1.00, 0.00
473.00, 50.00, 54.00, 1.00, 1.00
473.00, 62.00, 61.00, 4.00, 0.00
474.00, 43.00, 50.00, 3.00, 1.00
474.00, 67.00, 64.00, 3.00, 0.00
474.00, 71.00, 66.00, 3.00, 0.00
477.00, 55.00, 57.00, 0.50, 1.00
477.75, 55.00, 57.00, 0.25, 1.00
478.00, 55.00, 57.00, 1.00, 1.00
479.00, 55.00, 57.00, 1.00, 1.00
480.00, 67.00, 64.00, 10.00, 0.00
481.00, 65.00, 63.00, 0.50, 1.00
481.50, 63.00, 62.00, 0.50, 1.00
481.50, 72.00, 67.00, 0.50, 0.00
482.00, 62.00, 61.00, 0.50, 1.00
482.00, 71.00, 66.00, 0.50, 0.00
482.00, 74.00, 68.00, 0.50, 0.00
482.50, 60.00, 60.00, 0.50, 1.00
482.50, 72.00, 67.00, 0.50, 0.00
482.50, 75.00, 69.00, 0.50, 0.00
483.00, 62.00, 61.00, 0.75, 1.00
483.00, 71.00, 66.00, 1.00, 0.00
483.00, 77.00, 70.00, 0.75, 0.00
483.75, 55.00, 57.00, 0.25, 1.00
483.75, 79.00, 71.00, 0.25, 0.00
484.00, 62.00, 61.00, 1.00, 1.00
484.00, 71.00, 66.00, 1.00, 0.00
484.00, 77.00, 70.00, 1.00, 0.00
485.00, 60.00, 60.00, 1.00, 1.00
485.00, 72.00, 67.00, 1.00, 0.00
485.00, 75.00, 69.00, 1.00, 0.00
486.00, 62.00, 61.00, 0.75, 1.00
486.00, 71.00, 66.00, 1.00, 0.00
486.00, 77.00, 70.00, 0.75, 0.00
486.75, 55.00, 57.00, 0.25, 1.00
486.75, 79.00, 71.00, 0.25, 0.00
487.00, 62.00, 61.00, 1.00, 1.00
487.00, 71.00, 66.00, 1.00, 0.00
487.00, 77.00, 70.00, 1.00, 0.00
488.00, 60.00, 60.00, 1.00, 1.00
488.00, 72.00, 67.00, 1.00, 0.00
488.00, 75.00, 69.00, 1.00, 0.00
490.00, 59.00, 59.00, 0.50, 0.00
490.50, 60.00, 60.00, 0.50, 0.00
491.00, 62.00, 61.00, 0.50, 0.00
491.50, 63.00, 62.00, 0.50, 0.00
492.00, 62.00, 61.00, 9.00, 0.00
492.50, 61.00, 60.00, 0.50, 1.00
492.50, 64.00, 62.00, 0.50, 0.00
493.00, 60.00, 60.00, 0.50, 1.00
493.00, 66.00, 63.00, 0.50, 0.00
493.50, 58.00, 59.00, 0.50, 1.00
493.50, 67.00, 64.00, 0.50, 0.00
494.00, 57.00, 58.00, 0.50, 1.00
494.00, 66.00, 63.00, 0.50, 0.00
494.00, 69.00, 65.00, 0.50, 0.00
494.50, 55.00, 57.00, 0.50, 1.00
494.50, 67.00, 64.00, 0.50, 0.00
494.50, 70.00, 66.00, 0.50, 0.00
495.00, 57.00, 58.00, 0.75, 1.00
495.00, 66.00, 63.00, 1.00, 0.00
495.00, 72.00, 67.00, 0.75, 0.00
495.75, 50.00, 54.00, 0.25, 1.00
495.75, 74.00, 68.00, 0.25, 0.00
496.00, 57.00, 58.00, 1.00, 1.00
496.00, 66.00, 63.00, 1.00, 0.00
496.00, 72.00, 67.00, 1.00, 0.00
497.00, 55.00, 57.00, 1.00, 1.00
497.00, 67.00, 64.00, 1.00, 0.00
497.00, 70.00, 66.00, 1.00, 0.00
498.00, 57.00, 58.00, 0.75, 1.00
498.00, 66.00, 63.00, 1.00, 0.00
498.00, 72.00, 67.00, 0.75, 0.00
498.75, 50.00, 54.00, 0.25, 1.00
498.75, 74.00, 68.00, 0.25, 0.00
499.00, 57.00, 58.00, 1.00, 1.00
499.00, 66.00, 63.00, 1.00, 0.00
499.00, 72.00, 67.00, 1.00, 0.00
500.00, 55.00, 57.00, 13.50, 1.00
500.00, 67.00, 64.00, 1.00, 0.00
500.00, 70.00, 66.00, 1.00, 0.00
501.00, 60.00, 60.00, 3.00, 1.00
501.00, 63.00, 62.00, 3.00, 0.00
501.00, 68.00, 65.00, 2.00, 0.00
503.00, 66.00, 63.00, 1.00, 0.00
504.00, 59.00, 59.00, 1.50, 0.00
504.00, 62.00, 61.00, 1.50, 0.00
504.00, 67.00, 64.00, 1.50, 0.00
505.00, 53.00, 56.00, 0.50, 1.00
505.50, 51.00, 55.00, 0.50, 1.00
505.50, 60.00, 60.00, 0.50, 0.00
506.00, 50.00, 54.00, 0.50, 1.00
506.00, 59.00, 59.00, 0.50, 0.00
506.00, 62.00, 61.00, 0.50, 0.00
506.50, 48.00, 53.00, 0.50, 1.00
506.50, 60.00, 60.00, 0.50, 0.00
506.50, 63.00, 62.00, 0.50, 0.00
507.00, 50.00, 54.00, 0.75, 1.00
507.00, 59.00, 59.00, 1.00, 0.00
507.00, 65.00, 63.00, 0.75, 0.00
507.75, 43.00, 50.00, 0.25, 1.00
507.75, 67.00, 64.00, 0.25, 0.00
508.00, 50.00, 54.00, 1.00, 1.00
508.00, 59.00, 59.00, 1.00, 0.00
508.00, 65.00, 63.00, 1.00, 0.00
509.00, 48.00, 53.00, 1.00, 1.00
509.00, 60.00, 60.00, 1.00, 0.00
509.00, 63.00, 62.00, 1.00, 0.00
510.00, 50.00, 54.00, 0.75, 1.00
510.00, 59.00, 59.00, 1.00, 0.00
510.00, 65.00, 63.00, 0.75, 0.00
510.75, 43.00, 50.00, 0.25, 1.00
510.75, 67.00, 64.00, 0.25, 0.00
511.00, 50.00, 54.00, 1.00, 1.00
511.00, 59.00, 59.00, 1.00, 0.00
511.00, 65.00, 63.00, 1.00, 0.00
512.00, 48.00, 53.00, 1.00, 1.00
512.00, 60.00, 60.00, 1.00, 0.00
512.00, 63.00, 62.00, 1.00, 0.00
513.50, 48.00, 53.00, 0.50, 1.00
514.00, 47.00, 52.00, 0.50, 1.00
514.50, 48.00, 53.00, 0.50, 1.00
515.00, 50.00, 54.00, 0.50, 1.00
515.50, 51.00, 55.00, 0.50, 1.00
516.00, 53.00, 56.00, 3.00, 1.00
516.00, 56.00, 58.00, 9.00, 1.00
517.00, 60.00, 60.00, 0.50, 0.00
517.50, 61.00, 61.00, 0.50, 0.00
518.00, 63.00, 62.00, 0.50, 0.00
518.50, 65.00, 63.00, 0.50, 0.00
519.00, 51.00, 55.00, 3.00, 1.00
519.00, 60.00, 60.00, 3.00, 0.00
519.00, 66.00, 64.00, 3.00, 0.00
519.75, 68.00, 65.00, 0.25, 0.00
520.00, 68.00, 65.00, 1.00, 0.00
521.00, 68.00, 65.00, 1.00, 0.00
522.00, 49.00, 54.00, 2.00, 1.00
522.00, 61.00, 61.00, 3.00, 0.00
522.00, 65.00, 63.00, 3.00, 0.00
522.00, 68.00, 65.00, 0.75, 0.00
522.75, 68.00, 65.00, 0.25, 0.00
523.00, 68.00, 65.00, 1.00, 0.00
524.00, 48.00, 53.00, 1.00, 1.00
524.00, 68.00, 65.00, 1.00, 0.00
525.00, 47.00, 52.00, 2.00, 1.00
525.00, 62.00, 61.00, 2.00, 0.00
525.00, 65.00, 63.00, 2.00, 0.00
525.00, 68.00, 65.00, 1.00, 0.00
526.00, 67.00, 64.00, 1.00, 0.00
528.00, 43.00, 50.00, 1.00, 1.00
529.00, 45.00, 51.00, 0.50, 1.00
529.50, 47.00, 52.00, 0.50, 1.00
530.00, 48.00, 53.00, 0.50, 1.00
530.50, 50.00, 54.00, 0.50, 1.00
531.00, 51.00, 55.00, 0.75, 1.00
531.00, 57.00, 58.00, 3.00, 1.00
531.00, 60.00, 60.00, 3.00, 1.00
531.00, 66.00, 64.00, 3.00, 0.00
531.75, 51.00, 55.00, 0.25, 1.00
532.00, 51.00, 55.00, 1.00, 1.00
533.00, 51.00, 55.00, 1.00, 1.00
534.00, 51.00, 55.00, 0.75, 1.00
534.00, 56.00, 58.00, 5.00, 1.00
534.00, 60.00, 60.00, 1.00, 1.00
534.00, 65.00, 63.00, 5.00, 0.00
534.75, 51.00, 55.00, 0.25, 1.00
535.00, 50.00, 54.00, 1.00, 1.00
535.00, 59.00, 59.00, 1.00, 1.00
536.00, 48.00, 53.00, 1.00, 1.00
536.00, 63.00, 62.00, 4.00, 0.00
537.00, 47.00, 53.00, 3.00, 1.00
539.00, 57.00, 58.00, 1.00, 1.00
539.00, 66.00, 63.00, 1.00, 0.00
540.00, 46.00, 52.00, 1.50, 1.00
540.00, 58.00, 59.00, 3.00, 1.00
540.00, 63.00, 62.00, 3.00, 0.00
540.00, 67.00, 64.00, 3.00, 0.00
541.50, 51.00, 55.00, 0.50, 1.00
542.00, 55.00, 57.00, 0.50, 1.00
542.50, 60.00, 60.00, 0.50, 1.00
543.00, 56.00, 58.00, 3.00, 1.00
543.00, 58.00, 59.00, 0.50, 1.00
543.00, 62.00, 61.00, 3.00, 0.00
543.75, 46.00, 52.00, 0.25, 1.00
544.00, 48.00, 53.00, 1.00, 1.00
545.00, 46.00, 52.00, 1.00, 1.00
546.00, 45.00, 51.00, 1.50, 1.00
546.00, 53.00, 56.00, 3.00, 1.00
546.00, 57.00, 58.00, 3.00, 1.00
546.00, 61.00, 60.00, 0.75, 0.00
546.75, 62.00, 61.00, 0.25, 0.00
547.00, 65.00, 63.00, 1.00, 0.00
547.50, 50.00, 54.00, 0.50, 1.00
548.00, 53.00, 56.00, 0.50, 1.00
548.00, 64.00, 62.00, 1.00, 0.00
548.50, 57.00, 58.00, 0.50, 1.00
549.00, 53.00, 56.00, 3.00, 1.00
549.00, 56.00, 57.00, 0.50, 1.00
549.00, 59.00, 59.00, 3.00, 1.00
549.00, 64.00, 62.00, 2.00, 0.00
549.75, 44.00, 50.00, 0.25, 1.00
550.00, 53.00, 56.00, 1.00, 1.00
551.00, 44.00, 50.00, 1.00, 1.00
551.00, 62.00, 61.00, 1.00, 0.00
552.00, 43.00, 50.00, 3.00, 1.00
552.00, 53.00, 56.00, 1.00, 1.00
552.00, 58.00, 59.00, 3.00, 0.00
552.00, 62.00, 61.00, 0.75, 0.00
552.75, 61.00, 60.00, 0.25, 0.00
553.00, 52.00, 55.00, 3.00, 1.00
553.00, 70.00, 66.00, 1.00, 0.00
554.00, 61.00, 60.00, 1.00, 0.00
555.00, 43.00, 50.00, 0.75, 1.00
555.00, 57.00, 58.00, 2.00, 1.00
555.00, 61.00, 61.00, 2.00, 0.00
555.75, 42.00, 49.00, 0.25, 1.00
556.00, 51.00, 55.00, 3.00, 1.00
557.00, 42.00, 50.00, 1.00, 1.00
557.00, 60.00, 60.00, 1.00, 0.00
558.00, 41.00, 49.00, 1.50, 1.00
558.00, 56.00, 58.00, 3.00, 1.00
558.00, 60.00, 60.00, 0.50, 0.00
558.50, 61.00, 61.00, 1.50, 0.00
559.00, 68.00, 65.00, 1.00, 0.00
559.50, 39.00, 48.00, 0.50, 1.00
560.00, 37.00, 47.00, 0.50, 1.00
560.00, 65.00, 63.00, 0.50, 0.00
560.00, 68.00, 65.00, 1.00, 0.00
560.50, 29.00, 42.00, 0.50, 1.00
560.50, 61.00, 61.00, 0.50, 0.00
561.00, 31.00, 43.00, 0.50, 1.00
561.00, 59.00, 59.00, 2.00, 0.00
561.00, 65.00, 63.00, 2.00, 0.00
561.00, 68.00, 65.00, 2.00, 0.00
561.50, 43.00, 50.00, 0.50, 1.00
562.00, 50.00, 54.00, 1.00, 1.00
563.00, 59.00, 59.00, 1.00, 1.00
563.00, 65.00, 63.00, 1.00, 0.00
563.00, 67.00, 64.00, 1.00, 0.00
564.00, 36.00, 46.00, 1.00, 1.00
564.00, 48.00, 53.00, 1.00, 1.00
564.00, 60.00, 60.00, 0.50, 0.00
564.00, 72.00, 67.00, 0.50, 0.00
564.50, 64.00, 62.00, 0.50, 0.00
565.00, 67.00, 64.00, 0.50, 0.00
565.50, 70.00, 66.00, 0.50, 0.00
566.00, 55.00, 57.00, 1.00, 1.00
566.00, 64.00, 62.00, 1.00, 1.00
566.00, 71.00, 66.00, 0.50, 0.00
566.50, 72.00, 67.00, 0.50, 0.00
567.00, 48.00, 53.00, 1.00, 1.00
567.00, 73.00, 68.00, 0.50, 0.00
567.50, 70.00, 66.00, 0.50, 0.00
568.00, 55.00, 57.00, 1.00, 1.00
568.00, 64.00, 62.00, 1.00, 1.00
568.00, 80.00, 72.00, 1.50, 0.00
569.00, 55.00, 57.00, 1.00, 1.00
569.00, 64.00, 62.00, 1.00, 1.00
569.50, 79.00, 71.00, 0.50, 0.00
570.00, 48.00, 53.00, 3.00, 1.00
571.00, 61.00, 61.00, 1.00, 1.00
571.00, 64.00, 62.00, 1.00, 0.00
571.00, 70.00, 66.00, 1.50, 0.00
572.00, 61.00, 61.00, 2.00, 1.00
572.00, 64.00, 62.00, 2.00, 0.00
572.50, 69.00, 65.00, 0.50, 0.00
573.00, 48.00, 53.00, 3.00, 1.00
573.00, 68.00, 65.00, 1.00, 0.00
574.00, 58.00, 59.00, 1.00, 1.00
574.00, 61.00, 61.00, 1.00, 0.00
574.00, 64.00, 62.00, 1.00, 0.00
574.00, 68.00, 65.00, 1.50, 0.00
575.00, 58.00, 59.00, 1.00, 1.00
575.00, 61.00, 61.00, 1.00, 0.00
575.00, 64.00, 62.00, 1.00, 0.00
575.50, 67.00, 64.00, 0.50, 0.00
576.00, 36.00, 46.00, 1.00, 1.00
576.00, 65.00, 63.00, 0.50, 0.00
576.50, 79.00, 71.00, 0.50, 0.00
577.00, 56.00, 58.00, 1.00, 1.00
577.00, 65.00, 63.00, 1.00, 1.00
577.00, 77.00, 70.00, 0.50, 0.00
577.50, 76.00, 69.00, 0.50, 0.00
578.00, 56.00, 58.00, 1.00, 1.00
578.00, 65.00, 63.00, 1.00, 1.00
578.00, 75.00, 69.00, 0.50, 0.00
578.50, 74.00, 68.00, 1.00, 0.00
579.00, 48.00, 53.00, 1.00, 1.00
579.50, 73.00, 68.00, 0.50, 0.00
580.00, 56.00, 58.00, 1.00, 1.00
580.00, 65.00, 63.00, 1.00, 1.00
580.00, 72.00, 67.00, 0.50, 0.00
580.50, 71.00, 66.00, 0.50, 0.00
581.00, 56.00, 58.00, 1.00, 1.00
581.00, 65.00, 63.00, 1.00, 1.00
581.00, 68.00, 65.00, 0.50, 0.00
581.50, 67.00, 64.00, 1.00, 0.00
582.00, 36.00, 46.00, 1.00, 1.00
582.75, 65.00, 63.00, 0.25, 0.00
583.00, 55.00, 57.00, 1.00, 1.00
583.00, 59.00, 59.00, 1.00, 0.00
583.00, 65.00, 63.00, 1.00, 0.00
584.00, 55.00, 57.00, 2.00, 1.00
584.00, 59.00, 59.00, 2.00, 0.00
584.00, 65.00, 63.00, 1.75, 0.00
585.00, 43.00, 50.00, 3.00, 1.00
585.75, 65.00, 63.00, 0.25, 0.00
586.00, 55.00, 57.00, 1.00, 1.00
586.00, 59.00, 59.00, 1.00, 0.00
586.00, 67.00, 64.00, 1.00, 0.00
587.00, 55.00, 57.00, 1.00, 1.00
587.00, 59.00, 59.00, 1.00, 0.00
587.00, 62.00, 61.00, 1.00, 0.00
588.00, 36.00, 46.00, 1.00, 1.00
588.00, 64.00, 62.00, 0.50, 0.00
588.50, 66.00, 63.00, 0.50, 0.00
589.00, 55.00, 57.00, 1.00, 1.00
589.00, 64.00, 62.00, 1.00, 1.00
589.00, 67.00, 64.00, 0.50, 0.00
589.50, 68.00, 65.00, 0.50, 0.00
590.00, 55.00, 57.00, 1.00, 1.00
590.00, 64.00, 62.00, 1.00, 1.00
590.00, 70.00, 66.00, 0.50, 0.00
590.50, 72.00, 67.00, 0.50, 0.00
591.00, 48.00, 53.00, 1.00, 1.00
591.00, 73.00, 68.00, 0.50, 0.00
591.50, 70.00, 66.00, 0.50, 0.00
592.00, 55.00, 57.00, 1.00, 1.00
592.00, 64.00, 62.00, 1.00, 1.00
592.00, 80.00, 72.00, 1.50, 0.00
593.00, 55.00, 57.00, 1.00, 1.00
593.00, 64.00, 62.00, 1.00, 1.00
593.50, 79.00, 71.00, 0.50, 0.00
594.00, 36.00, 46.00, 1.00, 1.00
594.00, 85.00, 75.00, 0.50, 0.00
595.00, 61.00, 61.00, 1.00, 1.00
595.00, 64.00, 62.00, 1.00, 0.00
595.00, 70.00, 66.00, 1.00, 0.00
596.00, 61.00, 61.00, 2.00, 1.00
596.00, 64.00, 62.00, 2.00, 0.00
596.00, 70.00, 66.00, 0.50, 0.00
596.50, 69.00, 65.00, 0.50, 0.00
597.00, 48.00, 53.00, 3.00, 1.00
597.00, 68.00, 65.00, 1.00, 0.00
598.00, 58.00, 59.00, 1.00, 1.00
598.00, 61.00, 61.00, 1.00, 0.00
598.00, 64.00, 62.00, 1.00, 0.00
598.00, 68.00, 65.00, 1.00, 0.00
599.00, 58.00, 59.00, 1.00, 1.00
599.00, 61.00, 61.00, 1.00, 0.00
599.00, 64.00, 62.00, 1.00, 0.00
599.00, 68.00, 65.00, 0.50, 0.00
599.50, 67.00, 64.00, 0.50, 0.00
600.00, 36.00, 46.00, 1.00, 1.00
600.00, 65.00, 63.00, 0.50, 0.00
600.50, 79.00, 71.00, 0.50, 0.00
601.00, 56.00, 58.00, 1.00, 1.00
601.00, 65.00, 63.00, 1.00, 1.00
601.00, 77.00, 70.00, 0.50, 0.00
601.50, 76.00, 69.00, 0.50, 0.00
602.00, 56.00, 58.00, 1.00, 1.00
602.00, 65.00, 63.00, 1.00, 1.00
602.00, 75.00, 69.00, 0.50, 0.00
602.50, 74.00, 68.00, 0.50, 0.00
603.00, 48.00, 53.00, 1.00, 1.00
603.00, 73.00, 68.00, 0.50, 0.00
603.50, 73.00, 68.00, 0.50, 0.00
604.00, 56.00, 58.00, 1.00, 1.00
604.00, 65.00, 63.00, 1.00, 1.00
604.00, 72.00, 67.00, 0.50, 0.00
604.50, 71.00, 66.00, 0.50, 0.00
605.00, 56.00, 58.00, 1.00, 1.00
605.00, 65.00, 63.00, 1.00, 1.00
605.00, 68.00, 65.00, 0.50, 0.00
605.50, 65.00, 63.00, 0.50, 0.00
606.00, 36.00, 46.00, 1.00, 1.00
606.00, 80.00, 72.00, 0.50, 0.00
606.75, 65.00, 63.00, 0.25, 0.00
607.00, 56.00, 58.00, 1.00, 1.00
607.00, 59.00, 59.00, 1.00, 0.00
607.00, 65.00, 63.00, 1.00, 0.00
608.00, 56.00, 58.00, 2.00, 1.00
608.00, 59.00, 59.00, 2.00, 0.00
608.00, 65.00, 63.00, 1.75, 0.00
609.00, 43.00, 50.00, 3.00, 1.00
609.75, 65.00, 63.00, 0.25, 0.00
610.00, 55.00, 57.00, 1.00, 1.00
610.00, 59.00, 59.00, 1.00, 0.00
610.00, 63.00, 62.00, 1.00, 0.00
611.00, 55.00, 57.00, 1.00, 1.00
611.00, 59.00, 59.00, 1.00, 0.00
611.00, 61.00, 61.00, 1.00, 0.00
612.00, 36.00, 46.00, 1.00, 1.00
612.00, 60.00, 60.00, 3.00, 0.00
613.00, 52.00, 55.00, 0.50, 1.00
613.00, 70.00, 66.00, 0.50, 0.00
613.50, 53.00, 56.00, 0.50, 1.00
613.50, 68.00, 65.00, 0.50, 0.00
614.00, 55.00, 57.00, 0.50, 1.00
614.00, 67.00, 64.00, 0.50, 0.00
614.50, 56.00, 58.00, 0.50, 1.00
614.50, 65.00, 63.00, 0.50, 0.00
615.00, 48.00, 53.00, 5.00, 1.00
615.00, 58.00, 59.00, 0.75, 1.00
615.00, 61.00, 61.00, 1.00, 0.00
615.00, 64.00, 62.00, 1.00, 0.00
615.00, 67.00, 64.00, 0.75, 0.00
615.75, 60.00, 60.00, 0.25, 1.00
615.75, 68.00, 65.00, 0.25, 0.00
616.00, 58.00, 59.00, 1.00, 1.00
616.00, 61.00, 61.00, 2.00, 0.00
616.00, 64.00, 62.00, 1.00, 0.00
616.00, 67.00, 64.00, 1.00, 0.00
617.00, 56.00, 58.00, 1.00, 1.00
617.00, 65.00, 63.00, 1.00, 0.00
618.00, 56.00, 58.00, 1.00, 1.00
618.00, 65.00, 63.00, 0.75, 0.00
618.00, 73.00, 68.00, 0.75, 0.00
618.75, 68.00, 65.00, 0.25, 0.00
618.75, 77.00, 70.00, 0.25, 0.00
619.00, 58.00, 59.00, 0.50, 1.00
619.00, 68.00, 65.00, 1.00, 0.00
619.00, 77.00, 70.00, 1.00, 0.00
619.50, 60.00, 60.00, 0.50, 1.00
620.00, 61.00, 61.00, 0.50, 1.00
620.00, 65.00, 63.00, 1.00, 0.00
620.00, 73.00, 68.00, 1.00, 0.00
620.50, 63.00, 62.00, 0.50, 1.00
621.00, 61.00, 61.00, 0.50, 0.00
621.00, 65.00, 63.00, 2.00, 1.00
621.00, 68.00, 65.00, 0.75, 0.00
621.50, 60.00, 60.00, 0.50, 0.00
621.75, 67.00, 64.00, 0.25, 0.00
622.00, 59.00, 59.00, 1.00, 0.00
622.00, 67.00, 64.00, 1.00, 0.00
623.00, 55.00, 57.00, 1.00, 1.00
623.00, 65.00, 63.00, 1.00, 0.00
623.00, 74.00, 68.00, 1.00, 0.00
624.00, 36.00, 46.00, 1.00, 1.00
624.00, 48.00, 53.00, 8.00, 1.00
624.00, 64.00, 62.00, 0.50, 0.00
624.00, 72.00, 67.00, 1.00, 0.00
624.50, 71.00, 66.00, 0.50, 0.00
625.00, 52.00, 55.00, 0.50, 1.00
625.00, 70.00, 66.00, 0.50, 0.00
625.00, 72.00, 67.00, 1.00, 0.00
625.50, 53.00, 56.00, 0.50, 1.00
625.50, 68.00, 65.00, 0.50, 0.00
626.00, 55.00, 57.00, 0.50, 1.00
626.00, 67.00, 64.00, 0.50, 0.00
626.00, 72.00, 67.00, 1.00, 0.00
626.50, 56.00, 58.00, 0.50, 1.00
626.50, 65.00, 63.00, 0.50, 0.00
627.00, 58.00, 59.00, 0.75, 1.00
627.00, 64.00, 62.00, 3.00, 0.00
627.00, 67.00, 64.00, 0.75, 0.00
627.00, 72.00, 67.00, 3.00, 0.00
627.75, 60.00, 60.00, 0.25, 1.00
627.75, 68.00, 65.00, 0.25, 0.00
628.00, 58.00, 59.00, 1.00, 1.00
628.00, 67.00, 64.00, 1.00, 0.00
629.00, 56.00, 58.00, 1.00, 1.00
629.00, 65.00, 63.00, 1.50, 0.00
629.00, 73.00, 68.00, 2.00, 0.00
630.00, 56.00, 58.00, 1.00, 1.00
630.50, 80.00, 72.00, 0.50, 0.00
631.00, 58.00, 59.00, 0.50, 1.00
631.00, 68.00, 65.00, 1.00, 0.00
631.00, 77.00, 70.00, 1.00, 0.00
631.50, 60.00, 60.00, 0.50, 1.00
632.00, 61.00, 61.00, 0.50, 1.00
632.00, 65.00, 63.00, 1.00, 0.00
632.00, 73.00, 68.00, 1.00, 0.00
632.50, 63.00, 62.00, 0.50, 1.00
633.00, 61.00, 61.00, 0.50, 0.00
633.00, 65.00, 63.00, 2.00, 1.00
633.00, 68.00, 65.00, 0.75, 0.00
633.50, 60.00, 60.00, 0.50, 0.00
633.75, 67.00, 64.00, 0.25, 0.00
634.00, 59.00, 59.00, 1.00, 0.00
634.00, 67.00, 64.00, 1.00, 0.00
635.00, 55.00, 57.00, 1.00, 1.00
635.00, 65.00, 63.00, 1.00, 0.00
635.00, 74.00, 68.00, 1.00, 0.00
636.00, 55.00, 57.00, 5.00, 1.00
636.00, 64.00, 62.00, 5.00, 0.00
636.00, 72.00, 67.00, 5.00, 0.00
637.50, 43.00, 50.00, 0.50, 1.00
638.00, 48.00, 53.00, 0.50, 1.00
638.50, 50.00, 54.00, 0.50, 1.00
639.00, 48.00, 53.00, 0.75, 1.00
639.75, 43.00, 50.00, 0.25, 1.00
640.00, 48.00, 53.00, 1.00, 1.00
641.00, 43.00, 50.00, 1.00, 1.00
641.00, 55.00, 57.00, 1.00, 1.00
641.00, 65.00, 63.00, 1.00, 0.00
641.00, 71.00, 66.00, 1.00, 0.00
642.00, 48.00, 53.00, 1.50, 1.00
642.00, 55.00, 57.00, 5.00, 1.00
642.00, 64.00, 62.00, 5.00, 0.00
642.00, 72.00, 67.00, 5.00, 0.00
643.50, 43.00, 50.00, 0.50, 1.00
644.00, 48.00, 53.00, 0.50, 1.00
644.50, 50.00, 54.00, 0.50, 1.00
645.00, 48.00, 53.00, 0.75, 1.00
645.75, 43.00, 50.00, 0.25, 1.00
646.00, 48.00, 53.00, 1.00, 1.00
647.00, 43.00, 50.00, 1.00, 1.00
647.00, 55.00, 57.00, 1.00, 1.00
647.00, 65.00, 63.00, 1.00, 0.00
647.00, 71.00, 66.00, 1.00, 0.00
648.00, 48.00, 53.00, 1.00, 1.00
648.00, 55.00, 57.00, 1.00, 1.00
648.00, 64.00, 62.00, 0.50, 0.00
648.00, 72.00, 67.00, 0.50, 0.00
648.00, 76.00, 69.00, 0.50, 0.00
648.75, 64.00, 62.00, 0.25, 0.00
649.00, 64.00, 62.00, 1.00, 0.00
650.00, 41.00, 49.00, 1.00, 1.00
650.00, 48.00, 53.00, 1.00, 1.00
650.00, 56.00, 58.00, 1.00, 1.00
650.00, 60.00, 60.00, 1.00, 1.00
650.00, 64.00, 62.00, 1.00, 0.00
651.00, 36.00, 46.00, 1.00, 1.00
651.00, 48.00, 53.00, 1.00, 1.00
651.00, 55.00, 57.00, 1.00, 1.00
651.00, 60.00, 60.00, 1.00, 1.00
651.00, 64.00, 62.00, 0.50, 0.00
651.75, 64.00, 62.00, 0.25, 0.00
652.00, 64.00, 62.00, 1.00, 0.00
653.00, 41.00, 49.00, 1.00, 1.00
653.00, 48.00, 53.00, 1.00, 1.00
653.00, 56.00, 58.00, 1.00, 1.00
653.00, 60.00, 60.00, 1.00, 1.00
653.00, 64.00, 62.00, 1.00, 0.00
654.00, 36.00, 46.00, 1.00, 1.00
654.00, 48.00, 53.00, 1.00, 1.00
654.00, 55.00, 57.00, 1.00, 1.00
654.00, 60.00, 60.00, 1.00, 0.00
654.00, 64.00, 62.00, 1.00, 0.00
655.00, 36.00, 46.00, 1.00, 1.00
655.00, 48.00, 53.00, 1.00, 1.00
655.00, 55.00, 57.00, 1.00, 1.00
655.00, 60.00, 60.00, 1.00, 0.00
655.00, 64.00, 62.00, 1.00, 0.00
657.00, 36.00, 46.00, 1.00, 1.00
657.00, 48.00, 53.00, 1.00, 1.00
657.00, 55.00, 57.00, 1.00, 1.00
657.00, 60.00, 60.00, 1.00, 0.00
657.00, 64.00, 62.00, 1.00, 0.00
658.00, 36.00, 46.00, 1.00, 1.00
658.00, 48.00, 53.00, 1.00, 1.00
658.00, 55.00, 57.00, 1.00, 1.00
658.00, 60.00, 60.00, 1.00, 0.00
658.00, 64.00, 62.00, 1.00, 0.00
