ontime, MNN, MPN, duration, channel
0.00, 76.00, 69.00, 0.50, 0.00
0.50, 71.00, 66.00, 0.50, 0.00
1.00, 72.00, 67.00, 1.00, 0.00
2.00, 69.00, 65.00, 1.00, 0.00
3.00, 71.00, 66.00, 0.50, 0.00
3.50, 68.00, 64.00, 0.50, 0.00
4.00, 64.00, 62.00, 2.00, 0.00
5.00, 52.00, 55.00, 1.00, 1.00
5.00, 59.00, 59.00, 1.00, 1.00
5.00, 62.00, 61.00, 1.00, 1.00
6.00, 66.00, 63.00, 0.50, 0.00
6.50, 68.00, 64.00, 0.50, 0.00
7.00, 52.00, 55.00, 1.00, 1.00
7.00, 54.00, 56.00, 1.00, 1.00
7.00, 62.00, 61.00, 1.00, 1.00
7.00, 69.00, 65.00, 1.00, 0.00
8.00, 52.00, 55.00, 1.00, 1.00
8.00, 56.00, 57.00, 1.00, 1.00
8.00, 62.00, 61.00, 1.00, 1.00
8.00, 71.00, 66.00, 1.00, 0.00
9.00, 45.00, 51.00, 1.00, 1.00
9.00, 72.00, 67.00, 0.50, 0.00
9.50, 77.00, 70.00, 0.50, 0.00
10.00, 52.00, 55.00, 1.00, 1.00
10.00, 60.00, 60.00, 1.00, 1.00
10.00, 76.00, 69.00, 2.00, 0.00
11.00, 44.00, 51.00, 1.00, 1.00
12.00, 43.00, 50.00, 1.00, 1.00
12.00, 79.00, 71.00, 0.50, 0.00
12.50, 74.00, 68.00, 0.50, 0.00
13.00, 55.00, 57.00, 1.00, 1.00
13.00, 60.00, 60.00, 1.00, 1.00
13.00, 64.00, 62.00, 1.00, 1.00
13.00, 76.00, 69.00, 1.00, 0.00
14.00, 60.00, 60.00, 1.00, 1.00
14.00, 64.00, 62.00, 1.00, 1.00
14.00, 69.00, 65.00, 1.00, 1.00
14.00, 72.00, 67.00, 1.00, 0.00
15.00, 74.00, 68.00, 0.50, 0.00
15.50, 71.00, 66.00, 0.50, 0.00
16.00, 55.00, 57.00, 1.00, 1.00
16.00, 62.00, 61.00, 1.00, 1.00
16.00, 65.00, 63.00, 1.00, 1.00
16.00, 67.00, 64.00, 2.00, 0.00
17.00, 55.00, 57.00, 1.00, 1.00
17.00, 59.00, 59.00, 1.00, 1.00
17.00, 65.00, 63.00, 1.00, 1.00
18.00, 69.00, 65.00, 0.50, 0.00
18.50, 71.00, 66.00, 0.50, 0.00
19.00, 55.00, 57.00, 1.00, 1.00
19.00, 57.00, 58.00, 1.00, 1.00
19.00, 65.00, 63.00, 1.00, 1.00
19.00, 72.00, 67.00, 1.00, 0.00
20.00, 55.00, 57.00, 1.00, 1.00
20.00, 59.00, 59.00, 1.00, 1.00
20.00, 65.00, 63.00, 1.00, 1.00
20.00, 74.00, 68.00, 1.00, 0.00
21.00, 48.00, 53.00, 1.00, 1.00
21.00, 76.00, 69.00, 0.75, 0.00
21.75, 78.00, 70.00, 0.25, 0.00
22.00, 54.00, 56.00, 1.00, 1.00
22.00, 58.00, 58.00, 1.00, 1.00
22.00, 64.00, 62.00, 1.00, 1.00
22.00, 78.00, 70.00, 2.00, 0.00
23.00, 48.00, 53.00, 1.00, 1.00
24.00, 47.00, 52.00, 1.00, 1.00
24.00, 80.00, 71.00, 0.50, 0.00
24.50, 71.00, 66.00, 0.50, 0.00
25.00, 56.00, 57.00, 1.00, 1.00
25.00, 59.00, 59.00, 1.00, 1.00
25.00, 64.00, 62.00, 1.00, 1.00
25.00, 80.00, 71.00, 1.00, 0.00
26.00, 57.00, 58.00, 1.00, 1.00
26.00, 59.00, 59.00, 1.00, 1.00
26.00, 63.00, 61.00, 1.00, 1.00
26.00, 78.00, 70.00, 0.50, 0.00
26.50, 80.00, 71.00, 0.50, 0.00
27.00, 52.00, 55.00, 1.00, 1.00
27.00, 76.00, 69.00, 0.50, 0.00
27.75, 71.00, 66.00, 0.25, 0.00
28.00, 56.00, 57.00, 1.00, 1.00
28.00, 59.00, 59.00, 1.00, 1.00
28.00, 64.00, 62.00, 1.00, 1.00
28.00, 68.00, 64.00, 1.00, 1.00
28.00, 76.00, 69.00, 2.00, 0.00
29.00, 57.00, 58.00, 1.00, 1.00
29.00, 61.00, 60.00, 1.00, 1.00
29.00, 67.00, 64.00, 1.00, 1.00
30.00, 50.00, 54.00, 1.00, 1.00
30.00, 77.00, 70.00, 0.50, 0.00
30.50, 69.00, 65.00, 0.50, 0.00
31.00, 57.00, 58.00, 1.00, 1.00
31.00, 62.00, 61.00, 1.00, 1.00
31.00, 65.00, 63.00, 1.00, 1.00
31.00, 74.00, 68.00, 1.00, 0.00
32.00, 52.00, 55.00, 1.00, 1.00
32.00, 56.00, 57.00, 1.00, 1.00
32.00, 62.00, 61.00, 1.00, 1.00
32.00, 71.00, 66.00, 0.75, 0.00
32.75, 72.00, 67.00, 0.25, 0.00
33.00, 45.00, 51.00, 3.00, 1.00
33.00, 69.00, 65.00, 0.50, 0.00
33.75, 68.00, 64.00, 0.25, 0.00
34.00, 52.00, 55.00, 1.00, 1.00
34.00, 60.00, 60.00, 1.00, 1.00
34.00, 69.00, 65.00, 2.00, 0.00
35.00, 52.00, 55.00, 1.00, 1.00
35.00, 60.00, 60.00, 1.00, 1.00
36.00, 76.00, 69.00, 0.50, 0.00
36.50, 71.00, 66.00, 0.50, 0.00
37.00, 72.00, 67.00, 1.00, 0.00
38.00, 69.00, 65.00, 1.00, 0.00
39.00, 71.00, 66.00, 0.50, 0.00
39.50, 68.00, 64.00, 0.50, 0.00
40.00, 64.00, 62.00, 2.00, 0.00
41.00, 52.00, 55.00, 1.00, 1.00
41.00, 59.00, 59.00, 1.00, 1.00
41.00, 62.00, 61.00, 1.00, 1.00
42.00, 66.00, 63.00, 0.50, 0.00
42.50, 68.00, 64.00, 0.50, 0.00
43.00, 52.00, 55.00, 1.00, 1.00
43.00, 54.00, 56.00, 1.00, 1.00
43.00, 62.00, 61.00, 1.00, 1.00
43.00, 69.00, 65.00, 1.00, 0.00
44.00, 52.00, 55.00, 1.00, 1.00
44.00, 56.00, 57.00, 1.00, 1.00
44.00, 62.00, 61.00, 1.00, 1.00
44.00, 71.00, 66.00, 1.00, 0.00
45.00, 45.00, 51.00, 1.00, 1.00
45.00, 72.00, 67.00, 0.50, 0.00
45.50, 77.00, 70.00, 0.50, 0.00
46.00, 52.00, 55.00, 1.00, 1.00
46.00, 60.00, 60.00, 1.00, 1.00
46.00, 76.00, 69.00, 2.00, 0.00
47.00, 44.00, 51.00, 1.00, 1.00
48.00, 43.00, 50.00, 1.00, 1.00
48.00, 79.00, 71.00, 0.50, 0.00
48.50, 74.00, 68.00, 0.50, 0.00
49.00, 55.00, 57.00, 1.00, 1.00
49.00, 60.00, 60.00, 1.00, 1.00
49.00, 64.00, 62.00, 1.00, 1.00
49.00, 76.00, 69.00, 1.00, 0.00
50.00, 60.00, 60.00, 1.00, 1.00
50.00, 64.00, 62.00, 1.00, 1.00
50.00, 69.00, 65.00, 1.00, 1.00
50.00, 72.00, 67.00, 1.00, 0.00
51.00, 74.00, 68.00, 0.50, 0.00
51.50, 71.00, 66.00, 0.50, 0.00
52.00, 55.00, 57.00, 1.00, 1.00
52.00, 62.00, 61.00, 1.00, 1.00
52.00, 65.00, 63.00, 1.00, 1.00
52.00, 67.00, 64.00, 2.00, 0.00
53.00, 55.00, 57.00, 1.00, 1.00
53.00, 59.00, 59.00, 1.00, 1.00
53.00, 65.00, 63.00, 1.00, 1.00
54.00, 69.00, 65.00, 0.50, 0.00
54.50, 71.00, 66.00, 0.50, 0.00
55.00, 55.00, 57.00, 1.00, 1.00
55.00, 57.00, 58.00, 1.00, 1.00
55.00, 65.00, 63.00, 1.00, 1.00
55.00, 72.00, 67.00, 1.00, 0.00
56.00, 55.00, 57.00, 1.00, 1.00
56.00, 59.00, 59.00, 1.00, 1.00
56.00, 65.00, 63.00, 1.00, 1.00
56.00, 74.00, 68.00, 1.00, 0.00
57.00, 48.00, 53.00, 1.00, 1.00
57.00, 76.00, 69.00, 0.75, 0.00
57.75, 78.00, 70.00, 0.25, 0.00
58.00, 54.00, 56.00, 1.00, 1.00
58.00, 58.00, 58.00, 1.00, 1.00
58.00, 64.00, 62.00, 1.00, 1.00
58.00, 78.00, 70.00, 2.00, 0.00
59.00, 48.00, 53.00, 1.00, 1.00
60.00, 47.00, 52.00, 1.00, 1.00
60.00, 80.00, 71.00, 0.50, 0.00
60.50, 71.00, 66.00, 0.50, 0.00
61.00, 56.00, 57.00, 1.00, 1.00
61.00, 59.00, 59.00, 1.00, 1.00
61.00, 64.00, 62.00, 1.00, 1.00
61.00, 80.00, 71.00, 1.00, 0.00
62.00, 57.00, 58.00, 1.00, 1.00
62.00, 59.00, 59.00, 1.00, 1.00
62.00, 63.00, 61.00, 1.00, 1.00
62.00, 78.00, 70.00, 0.50, 0.00
62.50, 80.00, 71.00, 0.50, 0.00
63.00, 52.00, 55.00, 1.00, 1.00
63.00, 76.00, 69.00, 0.50, 0.00
63.75, 71.00, 66.00, 0.25, 0.00
64.00, 56.00, 57.00, 1.00, 1.00
64.00, 59.00, 59.00, 1.00, 1.00
64.00, 64.00, 62.00, 1.00, 1.00
64.00, 68.00, 64.00, 1.00, 1.00
64.00, 76.00, 69.00, 2.00, 0.00
65.00, 57.00, 58.00, 1.00, 1.00
65.00, 61.00, 60.00, 1.00, 1.00
65.00, 67.00, 64.00, 1.00, 1.00
66.00, 50.00, 54.00, 1.00, 1.00
66.00, 77.00, 70.00, 0.50, 0.00
66.50, 69.00, 65.00, 0.50, 0.00
67.00, 57.00, 58.00, 1.00, 1.00
67.00, 62.00, 61.00, 1.00, 1.00
67.00, 65.00, 63.00, 1.00, 1.00
67.00, 74.00, 68.00, 1.00, 0.00
68.00, 52.00, 55.00, 1.00, 1.00
68.00, 56.00, 57.00, 1.00, 1.00
68.00, 62.00, 61.00, 1.00, 1.00
68.00, 71.00, 66.00, 0.75, 0.00
68.75, 72.00, 67.00, 0.25, 0.00
69.00, 45.00, 51.00, 3.00, 1.00
69.00, 69.00, 65.00, 0.50, 0.00
69.75, 68.00, 64.00, 0.25, 0.00
70.00, 52.00, 55.00, 1.00, 1.00
70.00, 60.00, 60.00, 1.00, 1.00
70.00, 69.00, 65.00, 3.00, 0.00
71.00, 52.00, 55.00, 1.00, 1.00
71.00, 60.00, 60.00, 1.00, 1.00
72.00, 47.00, 52.00, 1.00, 1.00
73.00, 57.00, 58.00, 1.00, 1.00
73.00, 59.00, 59.00, 1.00, 1.00
73.00, 63.00, 61.00, 1.00, 1.00
73.00, 66.00, 63.00, 0.50, 0.00
73.50, 68.00, 64.00, 0.50, 0.00
74.00, 57.00, 58.00, 1.00, 1.00
74.00, 59.00, 59.00, 1.00, 1.00
74.00, 63.00, 61.00, 1.00, 1.00
74.00, 69.00, 65.00, 0.50, 0.00
74.50, 78.00, 70.00, 0.50, 0.00
75.00, 40.00, 48.00, 1.00, 1.00
75.00, 76.00, 69.00, 0.50, 0.00
75.50, 69.00, 65.00, 0.50, 0.00
76.00, 56.00, 57.00, 1.00, 1.00
76.00, 59.00, 59.00, 1.00, 1.00
76.00, 64.00, 62.00, 1.00, 1.00
76.00, 68.00, 64.00, 2.50, 0.00
77.00, 56.00, 57.00, 1.00, 1.00
77.00, 59.00, 59.00, 1.00, 1.00
77.00, 64.00, 62.00, 1.00, 1.00
78.00, 46.00, 52.00, 1.00, 1.00
78.50, 68.00, 65.00, 0.50, 0.00
79.00, 56.00, 58.00, 1.00, 1.00
79.00, 58.00, 59.00, 1.00, 1.00
79.00, 62.00, 61.00, 1.00, 1.00
79.00, 65.00, 63.00, 0.50, 0.00
79.50, 67.00, 64.00, 0.50, 0.00
80.00, 56.00, 58.00, 1.00, 1.00
80.00, 58.00, 59.00, 1.00, 1.00
80.00, 62.00, 61.00, 1.00, 1.00
80.00, 68.00, 65.00, 0.50, 0.00
80.50, 77.00, 70.00, 0.50, 0.00
81.00, 39.00, 48.00, 1.00, 1.00
81.00, 75.00, 69.00, 0.50, 0.00
81.50, 68.00, 65.00, 0.50, 0.00
82.00, 55.00, 57.00, 1.00, 1.00
82.00, 58.00, 59.00, 1.00, 1.00
82.00, 63.00, 62.00, 1.00, 1.00
82.00, 67.00, 64.00, 1.50, 0.00
83.00, 55.00, 57.00, 1.00, 1.00
83.00, 58.00, 59.00, 1.00, 1.00
83.00, 63.00, 62.00, 1.00, 1.00
83.50, 66.00, 63.00, 0.50, 0.00
84.00, 45.00, 51.00, 1.00, 1.00
84.00, 67.00, 64.00, 0.50, 0.00
84.50, 67.00, 64.00, 0.50, 0.00
85.00, 55.00, 57.00, 1.00, 1.00
85.00, 57.00, 58.00, 1.00, 1.00
85.00, 61.00, 60.00, 1.00, 1.00
85.00, 64.00, 62.00, 0.50, 0.00
85.50, 66.00, 63.00, 0.50, 0.00
86.00, 55.00, 57.00, 1.00, 1.00
86.00, 57.00, 58.00, 1.00, 1.00
86.00, 61.00, 60.00, 1.00, 1.00
86.00, 67.00, 64.00, 0.50, 0.00
86.50, 76.00, 69.00, 0.50, 0.00
87.00, 45.00, 51.00, 1.00, 1.00
87.00, 74.00, 68.00, 0.50, 0.00
87.50, 67.00, 64.00, 0.50, 0.00
88.00, 54.00, 56.00, 1.00, 1.00
88.00, 57.00, 58.00, 1.00, 1.00
88.00, 62.00, 61.00, 1.00, 1.00
88.00, 66.00, 63.00, 0.50, 0.00
88.50, 67.00, 64.00, 0.50, 0.00
89.00, 53.00, 56.00, 1.00, 1.00
89.00, 59.00, 59.00, 1.00, 1.00
89.00, 62.00, 61.00, 1.00, 1.00
89.00, 68.00, 64.00, 0.50, 0.00
89.50, 71.00, 66.00, 0.50, 0.00
90.00, 45.00, 51.00, 1.00, 1.00
90.00, 69.00, 65.00, 0.75, 0.00
90.75, 63.00, 61.00, 0.25, 0.00
91.00, 55.00, 57.00, 1.00, 1.00
91.00, 57.00, 58.00, 1.00, 1.00
91.00, 61.00, 60.00, 1.00, 1.00
91.00, 66.00, 63.00, 0.75, 0.00
91.75, 64.00, 62.00, 0.25, 0.00
92.00, 55.00, 57.00, 1.00, 1.00
92.00, 57.00, 58.00, 1.00, 1.00
92.00, 61.00, 60.00, 1.00, 1.00
92.00, 67.00, 64.00, 0.75, 0.00
92.75, 59.00, 59.00, 0.25, 0.00
93.00, 33.00, 44.00, 1.00, 1.00
93.00, 57.00, 58.00, 0.75, 0.00
93.75, 64.00, 62.00, 0.25, 0.00
94.00, 54.00, 56.00, 1.00, 1.00
94.00, 57.00, 58.00, 1.00, 1.00
94.00, 62.00, 61.00, 0.75, 0.00
94.75, 67.00, 64.00, 0.25, 0.00
95.00, 54.00, 56.00, 1.00, 1.00
95.00, 57.00, 58.00, 1.00, 1.00
95.00, 62.00, 61.00, 1.00, 1.00
95.00, 66.00, 63.00, 0.75, 0.00
95.75, 71.00, 66.00, 0.25, 0.00
96.00, 45.00, 51.00, 1.00, 1.00
96.00, 69.00, 65.00, 0.33, 0.00
96.33, 71.00, 66.00, 0.33, 0.00
96.67, 69.00, 65.00, 0.33, 0.00
97.00, 52.00, 55.00, 1.00, 1.00
97.00, 61.00, 60.00, 1.00, 1.00
97.00, 68.00, 64.00, 0.75, 0.00
97.75, 67.00, 64.00, 0.25, 0.00
98.00, 57.00, 58.00, 1.00, 1.00
98.00, 61.00, 60.00, 1.00, 1.00
98.00, 67.00, 64.00, 1.00, 1.00
98.00, 69.00, 65.00, 0.75, 0.00
98.75, 76.00, 69.00, 0.25, 0.00
99.00, 38.00, 47.00, 1.00, 1.00
99.00, 74.00, 68.00, 0.75, 0.00
99.75, 67.00, 64.00, 0.25, 0.00
100.00, 50.00, 54.00, 1.00, 1.00
100.00, 57.00, 58.00, 1.00, 1.00
100.00, 60.00, 60.00, 1.00, 1.00
100.00, 66.00, 63.00, 0.75, 0.00
100.75, 67.00, 64.00, 0.25, 0.00
101.00, 50.00, 54.00, 2.00, 1.00
101.00, 54.00, 56.00, 2.00, 1.00
101.00, 60.00, 60.00, 2.00, 1.00
101.00, 68.00, 64.00, 0.75, 0.00
101.75, 71.00, 66.00, 0.25, 0.00
102.00, 69.00, 65.00, 0.75, 0.00
102.75, 65.00, 62.00, 0.25, 0.00
103.00, 51.00, 54.00, 1.00, 1.00
103.00, 57.00, 58.00, 1.00, 1.00
103.00, 60.00, 60.00, 1.00, 1.00
103.00, 66.00, 63.00, 0.75, 0.00
103.75, 67.00, 64.00, 0.25, 0.00
104.00, 51.00, 54.00, 1.00, 1.00
104.00, 53.00, 56.00, 2.00, 1.00
104.00, 60.00, 60.00, 1.00, 1.00
104.00, 68.00, 64.00, 0.75, 0.00
104.75, 71.00, 66.00, 0.25, 0.00
105.00, 50.00, 54.00, 2.00, 1.00
105.00, 62.00, 61.00, 2.00, 1.00
105.00, 69.00, 65.00, 0.33, 0.00
105.33, 71.00, 66.00, 0.33, 0.00
105.67, 69.00, 65.00, 0.33, 0.00
106.00, 57.00, 58.00, 1.00, 1.00
106.00, 66.00, 63.00, 0.75, 0.00
106.75, 67.00, 64.00, 0.25, 0.00
107.00, 68.00, 64.00, 0.75, 0.00
107.75, 71.00, 66.00, 0.25, 0.00
108.00, 64.00, 62.00, 0.50, 1.00
108.00, 69.00, 65.00, 0.75, 0.00
108.50, 59.00, 59.00, 0.50, 1.00
108.75, 67.00, 64.00, 0.25, 0.00
109.00, 60.00, 60.00, 1.00, 1.00
109.00, 67.00, 64.00, 0.75, 0.00
109.75, 65.00, 63.00, 0.25, 0.00
110.00, 57.00, 58.00, 1.00, 1.00
110.00, 65.00, 63.00, 0.75, 0.00
110.75, 63.00, 61.00, 0.25, 0.00
111.00, 59.00, 59.00, 0.50, 1.00
111.00, 63.00, 61.00, 0.75, 0.00
111.50, 56.00, 57.00, 0.50, 1.00
111.75, 64.00, 62.00, 0.25, 0.00
112.00, 52.00, 55.00, 3.00, 1.00
112.00, 64.00, 62.00, 2.00, 0.00
113.00, 40.00, 48.00, 1.00, 1.00
113.00, 47.00, 52.00, 1.00, 1.00
113.00, 56.00, 57.00, 2.00, 0.00
113.00, 62.00, 61.00, 2.00, 0.00
114.00, 40.00, 48.00, 1.00, 1.00
114.00, 47.00, 52.00, 1.00, 1.00
114.00, 66.00, 63.00, 0.50, 0.00
114.50, 68.00, 64.00, 0.50, 0.00
115.00, 69.00, 65.00, 1.00, 0.00
116.00, 52.00, 55.00, 1.00, 1.00
116.00, 56.00, 57.00, 1.00, 1.00
116.00, 62.00, 61.00, 1.00, 1.00
116.00, 71.00, 66.00, 1.00, 0.00
117.00, 45.00, 51.00, 1.00, 1.00
117.00, 72.00, 67.00, 0.50, 0.00
117.50, 77.00, 70.00, 0.50, 0.00
118.00, 52.00, 55.00, 1.00, 1.00
118.00, 60.00, 60.00, 1.00, 1.00
118.00, 76.00, 69.00, 0.50, 0.00
118.50, 72.00, 67.00, 0.50, 0.00
119.00, 44.00, 51.00, 1.00, 1.00
119.00, 76.00, 69.00, 0.50, 0.00
119.50, 78.00, 70.00, 0.50, 0.00
120.00, 43.00, 50.00, 1.00, 1.00
120.00, 79.00, 71.00, 0.50, 0.00
120.50, 74.00, 68.00, 0.50, 0.00
121.00, 55.00, 57.00, 1.00, 1.00
121.00, 60.00, 60.00, 1.00, 1.00
121.00, 64.00, 62.00, 1.00, 1.00
121.00, 76.00, 69.00, 0.50, 0.00
121.50, 71.00, 66.00, 0.50, 0.00
122.00, 60.00, 60.00, 1.00, 1.00
122.00, 64.00, 62.00, 1.00, 1.00
122.00, 69.00, 65.00, 1.00, 1.00
122.00, 72.00, 67.00, 0.50, 0.00
122.50, 69.00, 65.00, 0.50, 0.00
123.00, 74.00, 68.00, 0.50, 0.00
123.50, 71.00, 66.00, 0.50, 0.00
124.00, 55.00, 57.00, 1.00, 1.00
124.00, 62.00, 61.00, 1.00, 1.00
124.00, 65.00, 63.00, 1.00, 1.00
124.00, 67.00, 64.00, 2.00, 0.00
125.00, 55.00, 57.00, 1.00, 1.00
125.00, 59.00, 59.00, 1.00, 1.00
125.00, 65.00, 63.00, 1.00, 1.00
126.00, 69.00, 65.00, 0.50, 0.00
126.50, 71.00, 66.00, 0.50, 0.00
127.00, 55.00, 57.00, 1.00, 1.00
127.00, 57.00, 58.00, 1.00, 1.00
127.00, 65.00, 63.00, 1.00, 1.00
127.00, 72.00, 67.00, 1.00, 0.00
128.00, 55.00, 57.00, 1.00, 1.00
128.00, 59.00, 59.00, 1.00, 1.00
128.00, 65.00, 63.00, 1.00, 1.00
128.00, 74.00, 68.00, 1.00, 0.00
129.00, 48.00, 53.00, 1.00, 1.00
129.00, 76.00, 69.00, 0.75, 0.00
129.75, 78.00, 70.00, 0.25, 0.00
130.00, 54.00, 56.00, 1.00, 1.00
130.00, 58.00, 58.00, 1.00, 1.00
130.00, 64.00, 62.00, 1.00, 1.00
130.00, 78.00, 70.00, 2.00, 0.00
131.00, 48.00, 53.00, 1.00, 1.00
132.00, 47.00, 52.00, 1.00, 1.00
132.00, 80.00, 71.00, 0.50, 0.00
132.50, 71.00, 66.00, 0.50, 0.00
133.00, 56.00, 57.00, 1.00, 1.00
133.00, 59.00, 59.00, 1.00, 1.00
133.00, 64.00, 62.00, 1.00, 1.00
133.00, 80.00, 71.00, 1.00, 0.00
134.00, 57.00, 58.00, 1.00, 1.00
134.00, 59.00, 59.00, 1.00, 1.00
134.00, 63.00, 61.00, 1.00, 1.00
134.00, 78.00, 70.00, 0.50, 0.00
134.50, 80.00, 71.00, 0.50, 0.00
135.00, 52.00, 55.00, 1.00, 1.00
135.00, 76.00, 69.00, 0.50, 0.00
135.75, 71.00, 66.00, 0.25, 0.00
136.00, 56.00, 57.00, 1.00, 1.00
136.00, 59.00, 59.00, 1.00, 1.00
136.00, 64.00, 62.00, 1.00, 1.00
136.00, 68.00, 64.00, 1.00, 1.00
136.00, 76.00, 69.00, 2.00, 0.00
137.00, 57.00, 58.00, 1.00, 1.00
137.00, 61.00, 60.00, 1.00, 1.00
137.00, 67.00, 64.00, 1.00, 1.00
138.00, 50.00, 54.00, 1.00, 1.00
138.00, 77.00, 70.00, 0.50, 0.00
138.50, 69.00, 65.00, 0.50, 0.00
139.00, 57.00, 58.00, 1.00, 1.00
139.00, 62.00, 61.00, 1.00, 1.00
139.00, 65.00, 63.00, 1.00, 1.00
139.00, 74.00, 68.00, 1.00, 0.00
140.00, 52.00, 55.00, 1.00, 1.00
140.00, 56.00, 57.00, 1.00, 1.00
140.00, 62.00, 61.00, 1.00, 1.00
140.00, 71.00, 66.00, 0.75, 0.00
140.75, 72.00, 67.00, 0.25, 0.00
141.00, 69.00, 65.00, 0.75, 0.00
141.75, 68.00, 64.00, 0.25, 0.00
142.00, 45.00, 51.00, 1.00, 1.00
142.00, 52.00, 55.00, 1.00, 1.00
142.00, 60.00, 60.00, 1.00, 0.00
142.00, 69.00, 65.00, 3.00, 0.00
143.00, 45.00, 51.00, 1.00, 1.00
143.00, 52.00, 55.00, 1.00, 1.00
143.00, 60.00, 60.00, 1.00, 0.00
144.00, 45.00, 51.00, 1.00, 1.00
144.00, 52.00, 55.00, 1.00, 1.00
144.00, 61.00, 60.00, 1.00, 0.00
145.00, 45.00, 51.00, 1.00, 1.00
145.00, 52.00, 55.00, 1.00, 1.00
145.00, 61.00, 60.00, 1.00, 0.00
146.00, 38.00, 47.00, 1.00, 1.00
146.00, 45.00, 51.00, 1.00, 1.00
146.00, 54.00, 56.00, 1.00, 1.00
146.00, 64.00, 62.00, 0.75, 0.00
146.75, 62.00, 61.00, 0.25, 0.00
147.00, 45.00, 51.00, 1.00, 1.00
147.00, 52.00, 55.00, 1.00, 1.00
147.00, 61.00, 60.00, 1.00, 1.00
148.00, 33.00, 44.00, 1.00, 1.00
148.00, 45.00, 51.00, 1.00, 1.00
148.00, 52.00, 55.00, 1.00, 1.00
148.00, 61.00, 60.00, 1.00, 1.00
149.00, 38.00, 47.00, 1.00, 1.00
149.00, 45.00, 51.00, 1.00, 1.00
149.00, 54.00, 56.00, 0.75, 1.00
149.00, 57.00, 58.00, 0.75, 1.00
149.75, 59.00, 59.00, 0.25, 1.00
150.00, 45.00, 51.00, 1.00, 1.00
150.00, 52.00, 55.00, 1.00, 1.00
150.00, 61.00, 60.00, 1.00, 1.00
151.00, 44.00, 50.00, 1.00, 1.00
151.00, 53.00, 55.00, 1.00, 1.00
151.00, 59.00, 59.00, 1.00, 1.00
151.00, 61.00, 60.00, 1.00, 1.00
152.00, 42.00, 49.00, 1.00, 1.00
152.00, 54.00, 56.00, 1.00, 1.00
152.00, 57.00, 58.00, 1.00, 1.00
152.00, 64.00, 62.00, 0.75, 0.00
152.75, 62.00, 61.00, 0.25, 0.00
153.00, 41.00, 48.00, 1.00, 1.00
153.00, 56.00, 57.00, 1.00, 1.00
153.00, 61.00, 60.00, 1.00, 1.00
154.00, 42.00, 49.00, 1.00, 1.00
154.00, 49.00, 53.00, 1.00, 1.00
154.00, 57.00, 58.00, 1.00, 1.00
154.00, 61.00, 60.00, 1.00, 1.00
155.00, 39.00, 47.00, 1.00, 1.00
155.00, 54.00, 56.00, 0.75, 1.00
155.00, 57.00, 58.00, 0.75, 1.00
155.75, 59.00, 59.00, 0.25, 1.00
156.00, 40.00, 48.00, 1.00, 1.00
156.00, 52.00, 55.00, 1.00, 1.00
156.00, 57.00, 58.00, 1.00, 1.00
156.00, 61.00, 60.00, 0.50, 0.00
156.50, 62.00, 61.00, 0.50, 0.00
157.00, 52.00, 55.00, 1.00, 1.00
157.00, 63.00, 61.00, 0.50, 0.00
157.50, 64.00, 62.00, 0.50, 0.00
158.00, 52.00, 55.00, 1.00, 1.00
158.00, 56.00, 57.00, 1.00, 1.00
158.00, 62.00, 61.00, 1.00, 1.00
158.00, 73.00, 67.00, 0.75, 0.00
158.75, 71.00, 66.00, 0.25, 0.00
158.75, 78.00, 70.00, 0.25, 0.00
159.00, 45.00, 51.00, 1.00, 1.00
159.00, 52.00, 55.00, 1.00, 1.00
159.00, 62.00, 61.00, 1.00, 1.00
159.00, 71.00, 66.00, 0.50, 0.00
159.00, 76.00, 69.00, 1.00, 0.00
159.50, 69.00, 65.00, 0.50, 0.00
160.00, 52.00, 55.00, 1.00, 1.00
160.00, 61.00, 60.00, 1.00, 1.00
160.00, 69.00, 65.00, 2.00, 0.00
160.00, 81.00, 72.00, 1.50, 0.00
161.00, 53.00, 55.00, 1.00, 1.00
161.00, 57.00, 58.00, 1.00, 1.00
161.00, 61.00, 60.00, 1.00, 1.00
161.50, 80.00, 71.00, 0.50, 0.00
162.00, 54.00, 56.00, 1.00, 1.00
162.00, 57.00, 58.00, 1.00, 1.00
162.00, 61.00, 60.00, 1.00, 1.00
162.00, 66.00, 63.00, 0.50, 0.00
162.00, 80.00, 71.00, 2.00, 0.00
162.50, 69.00, 65.00, 0.50, 0.00
163.00, 54.00, 56.00, 1.00, 1.00
163.00, 57.00, 58.00, 1.00, 1.00
163.00, 62.00, 61.00, 1.00, 1.00
163.00, 74.00, 68.00, 0.50, 0.00
163.50, 76.00, 69.00, 1.00, 0.00
164.00, 45.00, 51.00, 2.00, 1.00
164.00, 80.00, 71.00, 0.50, 0.00
164.50, 74.00, 68.00, 0.50, 0.00
164.50, 78.00, 70.00, 0.50, 0.00
165.00, 52.00, 55.00, 2.00, 1.00
165.00, 61.00, 60.00, 2.00, 1.00
165.00, 73.00, 67.00, 0.50, 0.00
165.00, 76.00, 69.00, 0.50, 0.00
165.50, 68.00, 64.00, 0.50, 0.00
165.50, 74.00, 68.00, 0.50, 0.00
166.00, 46.00, 51.00, 1.00, 1.00
166.00, 66.00, 63.00, 1.50, 0.00
166.00, 76.00, 69.00, 0.50, 0.00
166.50, 77.00, 69.00, 0.50, 0.00
167.00, 42.00, 49.00, 1.00, 1.00
167.00, 78.00, 70.00, 0.50, 0.00
167.50, 70.00, 65.00, 0.50, 0.00
167.50, 76.00, 69.00, 0.50, 0.00
168.00, 35.00, 45.00, 1.00, 1.00
168.00, 70.00, 65.00, 0.50, 0.00
168.00, 74.00, 68.00, 1.50, 0.00
168.50, 71.00, 66.00, 0.50, 0.00
169.00, 59.00, 59.00, 1.00, 1.00
169.00, 62.00, 61.00, 1.00, 1.00
169.00, 68.00, 64.00, 0.50, 0.00
169.50, 69.00, 65.00, 0.50, 0.00
169.50, 73.00, 67.00, 0.50, 0.00
170.00, 56.00, 57.00, 1.00, 1.00
170.00, 59.00, 59.00, 1.00, 1.00
170.00, 66.00, 63.00, 0.50, 0.00
170.00, 76.00, 69.00, 0.50, 0.00
170.50, 68.00, 64.00, 1.00, 0.00
170.50, 74.00, 68.00, 0.50, 0.00
171.00, 49.00, 53.00, 1.00, 1.00
171.00, 59.00, 59.00, 1.00, 1.00
171.00, 72.00, 66.00, 0.50, 0.00
171.50, 65.00, 62.00, 0.50, 0.00
171.50, 73.00, 67.00, 0.50, 0.00
172.00, 54.00, 56.00, 5.00, 1.00
172.00, 58.00, 58.00, 1.00, 1.00
172.00, 64.00, 62.00, 2.00, 0.00
172.00, 74.00, 68.00, 1.50, 0.00
173.00, 66.00, 63.00, 1.00, 1.00
173.50, 73.00, 67.00, 0.50, 0.00
174.00, 63.00, 61.00, 0.50, 0.00
174.50, 66.00, 63.00, 0.50, 0.00
175.00, 47.00, 52.00, 1.00, 1.00
175.00, 68.00, 64.00, 0.50, 0.00
175.50, 69.00, 65.00, 0.50, 0.00
176.00, 57.00, 58.00, 1.00, 1.00
176.00, 63.00, 61.00, 1.00, 1.00
176.00, 73.00, 67.00, 0.50, 0.00
176.50, 71.00, 66.00, 0.50, 0.00
177.00, 69.00, 65.00, 0.50, 0.00
177.50, 59.00, 59.00, 0.50, 0.00
178.00, 40.00, 48.00, 1.00, 1.00
178.00, 62.00, 61.00, 0.50, 0.00
178.50, 64.00, 62.00, 0.50, 0.00
179.00, 52.00, 55.00, 2.00, 1.00
179.00, 62.00, 61.00, 1.00, 1.00
179.00, 66.00, 63.00, 0.50, 0.00
179.50, 68.00, 64.00, 0.50, 0.00
180.00, 45.00, 51.00, 2.00, 1.00
180.00, 66.00, 63.00, 1.00, 0.00
180.50, 61.00, 60.00, 0.50, 0.00
181.00, 52.00, 55.00, 4.00, 1.00
181.00, 64.00, 62.00, 0.50, 0.00
181.00, 64.00, 62.00, 1.00, 0.00
181.50, 74.00, 68.00, 0.50, 0.00
182.00, 64.00, 62.00, 0.50, 1.00
182.00, 73.00, 67.00, 0.50, 0.00
182.50, 62.00, 61.00, 0.50, 1.00
182.50, 71.00, 66.00, 0.50, 0.00
182.50, 78.00, 70.00, 0.50, 0.00
183.00, 61.00, 60.00, 1.00, 1.00
183.00, 71.00, 66.00, 0.75, 0.00
183.00, 76.00, 69.00, 0.75, 0.00
183.75, 69.00, 65.00, 0.25, 0.00
184.00, 45.00, 51.00, 1.00, 1.00
184.00, 81.00, 72.00, 1.50, 0.00
185.00, 53.00, 55.00, 1.00, 1.00
185.00, 57.00, 58.00, 1.00, 1.00
185.00, 61.00, 60.00, 1.00, 1.00
185.50, 80.00, 71.00, 1.00, 0.00
186.00, 54.00, 56.00, 1.00, 1.00
186.00, 57.00, 58.00, 1.00, 1.00
186.00, 61.00, 60.00, 1.00, 1.00
186.50, 69.00, 65.00, 0.50, 0.00
187.00, 54.00, 56.00, 1.00, 1.00
187.00, 57.00, 58.00, 1.00, 1.00
187.00, 62.00, 61.00, 1.00, 1.00
187.00, 74.00, 68.00, 0.50, 0.00
187.50, 76.00, 69.00, 0.50, 0.00
188.00, 56.00, 57.00, 1.00, 1.00
188.00, 59.00, 59.00, 1.00, 1.00
188.00, 62.00, 61.00, 1.00, 1.00
188.00, 80.00, 71.00, 0.75, 0.00
188.75, 78.00, 70.00, 0.25, 0.00
189.00, 57.00, 58.00, 1.00, 1.00
189.00, 61.00, 60.00, 1.00, 1.00
189.00, 78.00, 70.00, 0.50, 0.00
189.50, 76.00, 69.00, 0.50, 0.00
190.00, 58.00, 58.00, 1.00, 1.00
190.00, 67.00, 63.00, 2.00, 1.00
190.00, 75.00, 68.00, 0.50, 0.00
190.50, 73.00, 67.00, 0.50, 0.00
191.00, 59.00, 59.00, 0.50, 1.00
191.00, 75.00, 68.00, 0.50, 0.00
191.50, 61.00, 60.00, 1.50, 1.00
191.50, 76.00, 69.00, 0.50, 0.00
192.00, 63.00, 61.00, 1.00, 1.00
192.00, 69.00, 65.00, 1.00, 1.00
192.00, 70.00, 65.00, 0.75, 0.00
192.75, 71.00, 66.00, 0.25, 0.00
193.00, 59.00, 59.00, 1.00, 1.00
193.00, 63.00, 61.00, 1.00, 1.00
193.00, 68.00, 64.00, 1.00, 1.00
193.00, 75.00, 68.00, 0.50, 0.00
193.50, 70.00, 65.00, 0.50, 0.00
194.00, 57.00, 58.00, 1.00, 1.00
194.00, 66.00, 63.00, 1.00, 1.00
194.00, 73.00, 67.00, 0.50, 0.00
194.50, 71.00, 66.00, 0.50, 0.00
195.00, 56.00, 57.00, 1.00, 1.00
195.00, 59.00, 59.00, 1.00, 1.00
195.00, 64.00, 62.00, 1.00, 1.00
195.00, 76.00, 69.00, 0.75, 0.00
195.75, 70.00, 65.00, 0.25, 0.00
196.00, 47.00, 52.00, 1.00, 1.00
196.00, 73.00, 67.00, 0.50, 0.00
196.50, 71.00, 66.00, 0.50, 0.00
197.00, 77.00, 69.00, 0.50, 0.00
197.50, 70.00, 65.00, 0.50, 0.00
198.00, 35.00, 45.00, 1.00, 1.00
198.00, 73.00, 67.00, 0.50, 0.00
198.50, 71.00, 66.00, 0.50, 0.00
199.00, 59.00, 59.00, 1.00, 1.00
199.00, 63.00, 61.00, 1.00, 1.00
199.00, 69.00, 65.00, 1.00, 1.00
199.00, 85.00, 74.00, 0.50, 0.00
199.75, 83.00, 73.00, 0.25, 0.00
200.00, 82.00, 72.00, 0.50, 0.00
200.50, 81.00, 72.00, 0.50, 0.00
201.00, 52.00, 55.00, 1.00, 1.00
201.00, 80.00, 71.00, 0.50, 0.00
201.50, 78.00, 70.00, 0.50, 0.00
202.00, 59.00, 59.00, 1.00, 0.00
202.00, 64.00, 62.00, 1.00, 0.00
202.00, 68.00, 64.00, 1.00, 0.00
202.00, 77.00, 70.00, 0.33, 0.00
202.33, 76.00, 69.00, 0.33, 0.00
202.67, 75.00, 68.00, 0.33, 0.00
203.00, 74.00, 68.00, 0.33, 0.00
203.33, 73.00, 67.00, 0.33, 0.00
203.67, 72.00, 67.00, 0.33, 0.00
204.00, 64.00, 62.00, 0.50, 1.00
204.00, 64.00, 62.00, 1.00, 0.00
204.00, 67.00, 64.00, 1.00, 0.00
204.00, 71.00, 66.00, 0.75, 0.00
204.50, 62.00, 61.00, 0.50, 1.00
204.75, 72.00, 67.00, 0.25, 0.00
205.00, 60.00, 60.00, 0.50, 1.00
205.00, 64.00, 62.00, 2.00, 0.00
205.00, 67.00, 64.00, 1.50, 0.00
205.50, 59.00, 59.00, 0.50, 1.00
206.00, 57.00, 58.00, 0.50, 1.00
206.50, 55.00, 57.00, 0.50, 1.00
206.50, 69.00, 65.00, 0.50, 0.00
207.00, 54.00, 56.00, 0.50, 1.00
207.00, 62.00, 61.00, 1.00, 0.00
207.00, 71.00, 66.00, 0.75, 0.00
207.50, 53.00, 55.00, 0.50, 1.00
207.75, 71.00, 66.00, 0.25, 0.00
208.00, 55.00, 57.00, 0.50, 1.00
208.00, 59.00, 59.00, 2.00, 0.00
208.00, 62.00, 61.00, 1.50, 0.00
208.50, 54.00, 56.00, 0.50, 1.00
209.00, 50.00, 54.00, 0.50, 1.00
209.50, 47.00, 52.00, 0.50, 1.00
209.50, 67.00, 64.00, 0.50, 0.00
210.00, 42.00, 49.00, 1.00, 1.00
210.00, 57.00, 58.00, 1.00, 0.00
210.00, 64.00, 62.00, 1.00, 0.00
210.00, 65.00, 62.00, 0.50, 0.00
210.50, 66.00, 63.00, 0.50, 0.00
211.00, 54.00, 56.00, 1.00, 1.00
211.00, 58.00, 58.00, 1.00, 1.00
211.00, 64.00, 62.00, 1.00, 1.00
211.00, 79.00, 71.00, 0.50, 0.00
211.75, 78.00, 70.00, 0.25, 0.00
212.00, 54.00, 56.00, 1.00, 1.00
212.00, 58.00, 58.00, 1.00, 1.00
212.00, 64.00, 62.00, 1.00, 1.00
212.00, 77.00, 69.00, 0.50, 0.00
212.50, 76.00, 69.00, 0.50, 0.00
213.00, 47.00, 52.00, 1.00, 1.00
213.00, 75.00, 68.00, 0.50, 0.00
213.50, 74.00, 68.00, 0.50, 0.00
214.00, 54.00, 56.00, 1.00, 1.00
214.00, 62.00, 61.00, 1.00, 1.00
214.00, 73.00, 67.00, 0.33, 0.00
214.33, 72.00, 67.00, 0.33, 0.00
214.67, 71.00, 66.00, 0.33, 0.00
215.00, 69.00, 65.00, 0.33, 0.00
215.33, 67.00, 64.00, 0.33, 0.00
215.67, 66.00, 63.00, 0.33, 0.00
216.00, 64.00, 62.00, 0.50, 1.00
216.00, 64.00, 62.00, 1.00, 0.00
216.00, 68.00, 64.00, 1.00, 0.00
216.00, 71.00, 66.00, 0.75, 0.00
216.50, 62.00, 61.00, 0.50, 1.00
216.75, 72.00, 67.00, 0.25, 0.00
217.00, 60.00, 60.00, 0.50, 1.00
217.00, 64.00, 62.00, 2.00, 0.00
217.00, 68.00, 64.00, 1.50, 0.00
217.50, 59.00, 59.00, 0.50, 1.00
218.00, 57.00, 58.00, 0.50, 1.00
218.50, 55.00, 57.00, 0.50, 1.00
218.50, 69.00, 65.00, 0.50, 0.00
219.00, 50.00, 54.00, 0.50, 1.00
219.00, 62.00, 61.00, 1.00, 0.00
219.00, 67.00, 64.00, 1.00, 0.00
219.00, 71.00, 66.00, 0.75, 0.00
219.50, 49.00, 53.00, 0.50, 1.00
219.75, 71.00, 66.00, 0.25, 0.00
220.00, 52.00, 55.00, 0.50, 1.00
220.00, 59.00, 59.00, 2.00, 0.00
220.00, 62.00, 61.00, 1.50, 0.00
220.50, 50.00, 54.00, 0.50, 1.00
221.00, 47.00, 52.00, 0.50, 1.00
221.50, 43.00, 50.00, 0.50, 1.00
221.50, 64.00, 62.00, 0.50, 0.00
222.00, 38.00, 47.00, 1.00, 1.00
222.00, 54.00, 56.00, 0.50, 0.00
222.00, 60.00, 60.00, 0.50, 0.00
222.00, 65.00, 62.00, 0.50, 0.00
222.50, 66.00, 63.00, 0.50, 0.00
223.00, 50.00, 54.00, 1.00, 1.00
223.00, 57.00, 58.00, 1.00, 1.00
223.00, 60.00, 60.00, 1.00, 1.00
223.00, 76.00, 69.00, 0.50, 0.00
223.75, 75.00, 68.00, 0.25, 0.00
224.00, 50.00, 54.00, 1.00, 1.00
224.00, 54.00, 56.00, 1.00, 1.00
224.00, 60.00, 60.00, 1.00, 1.00
224.00, 74.00, 68.00, 0.50, 0.00
224.50, 73.00, 67.00, 0.50, 0.00
225.00, 44.00, 50.00, 1.00, 1.00
225.00, 72.00, 67.00, 0.50, 0.00
225.50, 71.00, 66.00, 0.50, 0.00
226.00, 50.00, 54.00, 1.00, 1.00
226.00, 59.00, 59.00, 1.00, 1.00
226.00, 70.00, 65.00, 0.33, 0.00
226.33, 69.00, 65.00, 0.33, 0.00
226.67, 68.00, 64.00, 0.33, 0.00
227.00, 67.00, 64.00, 0.33, 0.00
227.33, 66.00, 63.00, 0.33, 0.00
227.67, 65.00, 63.00, 0.33, 0.00
228.00, 64.00, 62.00, 0.50, 1.00
228.00, 64.00, 62.00, 1.00, 0.00
228.00, 67.00, 64.00, 1.00, 0.00
228.00, 71.00, 66.00, 0.75, 0.00
228.50, 62.00, 61.00, 0.50, 1.00
228.75, 72.00, 67.00, 0.25, 0.00
229.00, 60.00, 60.00, 0.50, 1.00
229.00, 64.00, 62.00, 2.00, 0.00
229.00, 67.00, 64.00, 1.50, 0.00
229.50, 59.00, 59.00, 0.50, 1.00
230.00, 57.00, 58.00, 0.50, 1.00
230.50, 55.00, 57.00, 0.50, 1.00
230.50, 69.00, 65.00, 0.50, 0.00
231.00, 54.00, 56.00, 0.50, 1.00
231.00, 62.00, 61.00, 1.00, 0.00
231.00, 71.00, 66.00, 0.75, 0.00
231.50, 53.00, 55.00, 0.50, 1.00
231.75, 71.00, 66.00, 0.25, 0.00
232.00, 55.00, 57.00, 0.50, 1.00
232.00, 59.00, 59.00, 2.00, 0.00
232.00, 62.00, 61.00, 1.50, 0.00
232.50, 54.00, 56.00, 0.50, 1.00
233.00, 50.00, 54.00, 0.50, 1.00
233.50, 47.00, 52.00, 0.50, 1.00
233.50, 67.00, 64.00, 0.50, 0.00
234.00, 42.00, 49.00, 1.00, 1.00
234.00, 57.00, 58.00, 1.00, 0.00
234.00, 64.00, 62.00, 1.00, 0.00
234.00, 65.00, 62.00, 0.50, 0.00
234.50, 66.00, 63.00, 0.50, 0.00
235.00, 54.00, 56.00, 1.00, 1.00
235.00, 58.00, 58.00, 1.00, 1.00
235.00, 64.00, 62.00, 1.00, 1.00
235.00, 79.00, 71.00, 0.50, 0.00
235.75, 78.00, 70.00, 0.25, 0.00
236.00, 54.00, 56.00, 1.00, 1.00
236.00, 58.00, 58.00, 1.00, 1.00
236.00, 64.00, 62.00, 1.00, 1.00
236.00, 77.00, 69.00, 0.50, 0.00
236.50, 76.00, 69.00, 0.50, 0.00
237.00, 47.00, 52.00, 1.00, 1.00
237.00, 75.00, 68.00, 0.50, 0.00
237.50, 74.00, 68.00, 0.50, 0.00
238.00, 54.00, 56.00, 1.00, 1.00
238.00, 62.00, 61.00, 1.00, 1.00
238.00, 73.00, 67.00, 0.25, 0.00
238.25, 72.00, 67.00, 0.25, 0.00
238.50, 71.00, 66.00, 0.25, 0.00
238.75, 70.00, 65.00, 0.25, 0.00
239.00, 69.00, 65.00, 0.20, 0.00
239.20, 68.00, 64.00, 0.20, 0.00
239.40, 67.00, 64.00, 0.20, 0.00
239.60, 66.00, 63.00, 0.20, 0.00
239.80, 65.00, 63.00, 0.20, 0.00
240.00, 64.00, 62.00, 0.50, 1.00
240.00, 64.00, 62.00, 1.00, 0.00
240.00, 67.00, 64.00, 1.00, 0.00
240.00, 71.00, 66.00, 0.75, 0.00
240.50, 62.00, 61.00, 0.50, 1.00
240.75, 72.00, 67.00, 0.25, 0.00
241.00, 60.00, 60.00, 0.50, 1.00
241.00, 64.00, 62.00, 2.00, 0.00
241.00, 67.00, 64.00, 1.50, 0.00
241.50, 59.00, 59.00, 0.50, 1.00
242.00, 57.00, 58.00, 0.50, 1.00
242.50, 55.00, 57.00, 0.50, 1.00
242.50, 69.00, 65.00, 0.50, 0.00
243.00, 54.00, 56.00, 0.50, 1.00
243.00, 63.00, 61.00, 1.00, 0.00
243.00, 71.00, 66.00, 0.75, 0.00
243.50, 53.00, 55.00, 0.50, 1.00
243.75, 71.00, 66.00, 0.25, 0.00
244.00, 56.00, 57.00, 0.50, 1.00
244.00, 59.00, 59.00, 2.00, 0.00
244.00, 63.00, 61.00, 1.00, 0.00
244.50, 54.00, 56.00, 0.50, 1.00
245.00, 51.00, 54.00, 0.50, 1.00
245.00, 68.00, 64.00, 1.00, 0.00
245.50, 47.00, 52.00, 0.50, 1.00
246.00, 42.00, 49.00, 1.00, 1.00
246.00, 58.00, 58.00, 0.75, 0.00
246.00, 64.00, 62.00, 0.75, 0.00
246.00, 66.00, 63.00, 0.75, 0.00
246.75, 76.00, 69.00, 0.25, 0.00
247.00, 54.00, 56.00, 1.00, 1.00
247.00, 61.00, 60.00, 1.00, 1.00
247.00, 64.00, 62.00, 1.00, 0.00
247.00, 70.00, 65.00, 1.00, 0.00
247.00, 75.00, 68.00, 1.50, 0.00
248.00, 54.00, 56.00, 1.00, 1.00
248.00, 64.00, 62.00, 1.00, 0.00
248.00, 70.00, 65.00, 1.00, 0.00
248.50, 73.00, 67.00, 0.50, 0.00
249.00, 56.00, 57.00, 0.50, 1.00
249.00, 63.00, 61.00, 0.50, 0.00
249.00, 71.00, 66.00, 0.50, 0.00
249.50, 54.00, 56.00, 0.50, 1.00
249.75, 66.00, 63.00, 0.25, 0.00
249.75, 75.00, 68.00, 0.25, 0.00
250.00, 52.00, 55.00, 0.33, 1.00
250.00, 71.00, 66.00, 1.00, 0.00
250.00, 78.00, 70.00, 1.00, 0.00
250.33, 51.00, 54.00, 0.33, 1.00
250.67, 49.00, 53.00, 0.33, 1.00
251.00, 47.00, 52.00, 0.33, 1.00
251.00, 75.00, 68.00, 1.00, 0.00
251.00, 83.00, 73.00, 1.00, 0.00
251.33, 46.00, 51.00, 0.33, 1.00
251.67, 44.00, 50.00, 0.33, 1.00
252.00, 42.00, 49.00, 1.00, 1.00
252.00, 58.00, 58.00, 0.75, 0.00
252.00, 64.00, 62.00, 0.75, 0.00
252.00, 66.00, 63.00, 0.75, 0.00
252.75, 76.00, 69.00, 0.25, 0.00
253.00, 54.00, 56.00, 1.00, 1.00
253.00, 61.00, 60.00, 1.00, 1.00
253.00, 64.00, 62.00, 1.00, 0.00
253.00, 70.00, 65.00, 1.00, 0.00
253.00, 75.00, 68.00, 1.50, 0.00
254.00, 54.00, 56.00, 1.00, 1.00
254.00, 64.00, 62.00, 1.00, 0.00
254.00, 70.00, 65.00, 1.00, 0.00
254.50, 73.00, 67.00, 0.50, 0.00
255.00, 56.00, 57.00, 0.50, 1.00
255.00, 63.00, 61.00, 0.50, 0.00
255.00, 71.00, 66.00, 0.50, 0.00
255.50, 54.00, 56.00, 0.50, 1.00
255.75, 66.00, 63.00, 0.25, 0.00
255.75, 75.00, 68.00, 0.25, 0.00
256.00, 52.00, 55.00, 0.33, 1.00
256.00, 71.00, 66.00, 1.00, 0.00
256.00, 78.00, 70.00, 1.00, 0.00
256.33, 51.00, 54.00, 0.33, 1.00
256.67, 49.00, 53.00, 0.33, 1.00
257.00, 47.00, 52.00, 0.33, 1.00
257.00, 75.00, 68.00, 1.00, 0.00
257.00, 83.00, 73.00, 1.00, 0.00
257.33, 44.00, 50.00, 0.33, 1.00
257.67, 42.00, 49.00, 0.33, 1.00
258.00, 35.00, 45.00, 1.00, 1.00
258.00, 63.00, 61.00, 0.50, 0.00
258.00, 71.00, 66.00, 0.50, 0.00
258.75, 66.00, 63.00, 0.25, 0.00
258.75, 75.00, 68.00, 0.25, 0.00
259.00, 54.00, 56.00, 1.00, 1.00
259.00, 63.00, 61.00, 1.00, 1.00
259.00, 71.00, 66.00, 1.00, 0.00
259.00, 78.00, 70.00, 1.00, 0.00
260.00, 75.00, 68.00, 1.00, 0.00
260.00, 83.00, 73.00, 1.00, 0.00
261.00, 47.00, 52.00, 1.00, 1.00
261.00, 63.00, 61.00, 0.50, 0.00
261.00, 71.00, 66.00, 0.50, 0.00
261.50, 67.00, 63.00, 0.50, 0.00
261.50, 75.00, 68.00, 0.50, 0.00
262.00, 55.00, 56.00, 1.00, 1.00
262.00, 59.00, 59.00, 1.00, 1.00
262.00, 63.00, 61.00, 1.00, 1.00
262.00, 71.00, 66.00, 0.50, 0.00
262.00, 79.00, 70.00, 0.50, 0.00
262.50, 75.00, 68.00, 0.50, 0.00
262.50, 83.00, 73.00, 0.50, 0.00
263.00, 87.00, 75.00, 0.50, 0.00
263.00, 95.00, 80.00, 0.50, 0.00
264.00, 71.00, 66.00, 0.50, 0.00
264.50, 67.00, 63.00, 0.50, 0.00
265.00, 62.00, 60.00, 0.50, 0.00
265.50, 63.00, 61.00, 0.50, 0.00
266.00, 66.00, 63.00, 0.50, 0.00
266.50, 67.00, 63.00, 0.50, 0.00
267.00, 71.00, 66.00, 0.50, 0.00
267.50, 67.00, 63.00, 0.50, 0.00
268.00, 71.00, 66.00, 0.50, 0.00
268.50, 75.00, 68.00, 0.50, 0.00
269.00, 78.00, 70.00, 0.50, 0.00
269.50, 76.00, 69.00, 0.50, 0.00
270.00, 75.00, 68.00, 0.50, 0.00
270.50, 70.00, 65.00, 0.50, 0.00
271.00, 56.00, 57.00, 1.00, 1.00
271.00, 59.00, 59.00, 1.00, 1.00
271.00, 63.00, 61.00, 1.00, 1.00
271.00, 71.00, 66.00, 1.00, 0.00
272.00, 52.00, 55.00, 1.00, 1.00
272.00, 56.00, 57.00, 1.00, 1.00
272.00, 62.00, 60.00, 1.00, 1.00
272.00, 68.00, 64.00, 1.00, 0.00
273.00, 70.00, 65.00, 0.50, 0.00
273.50, 67.00, 63.00, 0.50, 0.00
274.00, 51.00, 54.00, 1.00, 1.00
274.00, 58.00, 58.00, 1.00, 1.00
274.00, 61.00, 60.00, 1.00, 1.00
274.00, 63.00, 61.00, 2.00, 0.00
275.00, 51.00, 54.00, 1.00, 1.00
275.00, 55.00, 56.00, 1.00, 1.00
275.00, 61.00, 60.00, 1.00, 1.00
276.00, 65.00, 62.00, 0.50, 0.00
276.50, 67.00, 63.00, 0.50, 0.00
277.00, 51.00, 54.00, 1.00, 1.00
277.00, 53.00, 55.00, 1.00, 1.00
277.00, 61.00, 60.00, 1.00, 1.00
277.00, 68.00, 64.00, 1.00, 0.00
278.00, 51.00, 54.00, 1.00, 1.00
278.00, 55.00, 56.00, 1.00, 1.00
278.00, 61.00, 60.00, 1.00, 1.00
278.00, 70.00, 65.00, 1.00, 0.00
279.00, 44.00, 50.00, 1.00, 1.00
279.00, 71.00, 66.00, 0.50, 0.00
279.50, 76.00, 69.00, 0.50, 0.00
280.00, 51.00, 54.00, 1.00, 1.00
280.00, 59.00, 59.00, 1.00, 1.00
280.00, 75.00, 68.00, 2.00, 0.00
281.00, 43.00, 50.00, 1.00, 1.00
282.00, 42.00, 49.00, 1.00, 1.00
282.00, 78.00, 70.00, 0.50, 0.00
282.50, 73.00, 67.00, 0.50, 0.00
283.00, 54.00, 56.00, 1.00, 1.00
283.00, 59.00, 59.00, 1.00, 1.00
283.00, 63.00, 61.00, 1.00, 1.00
283.00, 75.00, 68.00, 1.00, 0.00
284.00, 59.00, 59.00, 1.00, 1.00
284.00, 63.00, 61.00, 1.00, 1.00
284.00, 68.00, 64.00, 1.00, 1.00
284.00, 71.00, 66.00, 1.00, 0.00
285.00, 73.00, 67.00, 0.50, 0.00
285.50, 70.00, 65.00, 0.50, 0.00
286.00, 54.00, 56.00, 1.00, 1.00
286.00, 61.00, 60.00, 1.00, 1.00
286.00, 64.00, 62.00, 1.00, 0.00
286.00, 66.00, 63.00, 2.00, 0.00
287.00, 54.00, 56.00, 1.00, 1.00
287.00, 58.00, 58.00, 1.00, 1.00
287.00, 64.00, 62.00, 1.00, 1.00
288.00, 68.00, 64.00, 0.50, 0.00
288.50, 70.00, 65.00, 0.50, 0.00
289.00, 54.00, 56.00, 1.00, 1.00
289.00, 56.00, 57.00, 1.00, 1.00
289.00, 64.00, 62.00, 1.00, 1.00
289.00, 71.00, 66.00, 1.00, 0.00
290.00, 54.00, 56.00, 1.00, 1.00
290.00, 58.00, 58.00, 1.00, 1.00
290.00, 64.00, 62.00, 1.00, 1.00
290.00, 73.00, 67.00, 1.00, 0.00
291.00, 47.00, 52.00, 1.00, 1.00
291.00, 75.00, 68.00, 0.75, 0.00
291.75, 77.00, 69.00, 0.25, 0.00
292.00, 53.00, 55.00, 1.00, 1.00
292.00, 57.00, 57.00, 1.00, 1.00
292.00, 63.00, 61.00, 1.00, 1.00
292.00, 77.00, 69.00, 2.00, 0.00
293.00, 47.00, 52.00, 1.00, 1.00
294.00, 46.00, 51.00, 1.00, 1.00
294.00, 79.00, 70.00, 0.50, 0.00
294.50, 70.00, 65.00, 0.50, 0.00
295.00, 55.00, 56.00, 1.00, 1.00
295.00, 58.00, 58.00, 1.00, 1.00
295.00, 63.00, 61.00, 1.00, 1.00
295.00, 79.00, 70.00, 1.00, 0.00
296.00, 56.00, 57.00, 1.00, 1.00
296.00, 58.00, 58.00, 1.00, 1.00
296.00, 62.00, 60.00, 1.00, 1.00
296.00, 77.00, 69.00, 0.50, 0.00
296.50, 79.00, 70.00, 0.50, 0.00
297.00, 51.00, 54.00, 1.00, 1.00
297.00, 75.00, 68.00, 0.50, 0.00
297.75, 70.00, 65.00, 0.25, 0.00
298.00, 55.00, 56.00, 1.00, 1.00
298.00, 58.00, 58.00, 1.00, 1.00
298.00, 63.00, 61.00, 1.00, 1.00
298.00, 67.00, 63.00, 1.00, 1.00
298.00, 75.00, 68.00, 2.00, 0.00
299.00, 56.00, 57.00, 1.00, 1.00
299.00, 60.00, 59.00, 1.00, 1.00
299.00, 66.00, 63.00, 1.00, 1.00
300.00, 49.00, 53.00, 1.00, 1.00
300.00, 76.00, 69.00, 0.50, 0.00
300.50, 68.00, 64.00, 0.50, 0.00
301.00, 56.00, 57.00, 1.00, 1.00
301.00, 58.00, 58.00, 1.00, 1.00
301.00, 64.00, 62.00, 1.00, 1.00
301.00, 73.00, 67.00, 1.00, 0.00
302.00, 51.00, 54.00, 1.00, 1.00
302.00, 55.00, 56.00, 1.00, 1.00
302.00, 61.00, 60.00, 1.00, 1.00
302.00, 70.00, 65.00, 0.75, 0.00
302.75, 71.00, 66.00, 0.25, 0.00
303.00, 44.00, 50.00, 1.00, 1.00
303.00, 68.00, 64.00, 0.50, 0.00
303.75, 67.00, 63.00, 0.25, 0.00
304.00, 51.00, 54.00, 1.00, 1.00
304.00, 59.00, 59.00, 1.00, 1.00
304.00, 68.00, 64.00, 3.00, 0.00
305.00, 56.00, 57.00, 1.00, 1.00
305.00, 59.00, 59.00, 1.00, 1.00
306.00, 46.00, 52.00, 1.00, 1.00
307.00, 56.00, 58.00, 1.00, 1.00
307.00, 58.00, 59.00, 1.00, 1.00
307.00, 62.00, 61.00, 1.00, 1.00
307.00, 65.00, 63.00, 0.50, 0.00
307.50, 67.00, 64.00, 0.50, 0.00
308.00, 56.00, 58.00, 1.00, 1.00
308.00, 58.00, 59.00, 1.00, 1.00
308.00, 62.00, 61.00, 1.00, 1.00
308.00, 68.00, 65.00, 0.50, 0.00
308.50, 77.00, 70.00, 0.50, 0.00
309.00, 51.00, 55.00, 1.00, 1.00
309.00, 75.00, 69.00, 0.50, 0.00
309.50, 68.00, 65.00, 0.50, 0.00
310.00, 55.00, 57.00, 1.00, 1.00
310.00, 58.00, 59.00, 1.00, 1.00
310.00, 63.00, 62.00, 1.00, 1.00
310.00, 67.00, 64.00, 1.00, 0.00
311.00, 55.00, 57.00, 1.00, 1.00
311.00, 58.00, 59.00, 1.00, 1.00
311.00, 63.00, 62.00, 1.00, 1.00
311.00, 72.00, 67.00, 0.75, 0.00
311.75, 70.00, 66.00, 0.25, 0.00
312.00, 46.00, 52.00, 1.00, 1.00
312.00, 68.00, 65.00, 0.33, 0.00
312.33, 70.00, 66.00, 0.33, 0.00
312.67, 68.00, 65.00, 0.33, 0.00
313.00, 56.00, 58.00, 1.00, 1.00
313.00, 58.00, 59.00, 1.00, 1.00
313.00, 62.00, 61.00, 1.00, 1.00
313.00, 65.00, 63.00, 0.50, 0.00
313.50, 67.00, 64.00, 0.50, 0.00
314.00, 56.00, 58.00, 1.00, 1.00
314.00, 58.00, 59.00, 1.00, 1.00
314.00, 62.00, 61.00, 1.00, 1.00
314.00, 68.00, 65.00, 0.50, 0.00
314.50, 77.00, 70.00, 0.50, 0.00
315.00, 39.00, 48.00, 1.00, 1.00
315.00, 75.00, 69.00, 0.50, 0.00
315.50, 68.00, 65.00, 0.50, 0.00
316.00, 55.00, 57.00, 1.00, 1.00
316.00, 58.00, 59.00, 1.00, 1.00
316.00, 63.00, 62.00, 1.00, 1.00
316.00, 67.00, 64.00, 1.50, 0.00
317.00, 55.00, 57.00, 1.00, 1.00
317.00, 58.00, 59.00, 1.00, 1.00
317.00, 63.00, 62.00, 1.00, 1.00
317.50, 66.00, 63.00, 0.50, 0.00
318.00, 45.00, 51.00, 1.00, 1.00
318.00, 67.00, 64.00, 1.00, 0.00
319.00, 55.00, 57.00, 1.00, 1.00
319.00, 57.00, 58.00, 1.00, 1.00
319.00, 61.00, 60.00, 1.00, 1.00
319.00, 64.00, 62.00, 0.50, 0.00
319.50, 66.00, 63.00, 0.50, 0.00
320.00, 55.00, 57.00, 1.00, 1.00
320.00, 57.00, 58.00, 1.00, 1.00
320.00, 61.00, 60.00, 1.00, 1.00
320.00, 67.00, 64.00, 0.50, 0.00
320.50, 76.00, 69.00, 0.50, 0.00
321.00, 45.00, 51.00, 1.00, 1.00
321.00, 74.00, 68.00, 0.50, 0.00
321.50, 67.00, 64.00, 0.50, 0.00
322.00, 54.00, 56.00, 1.00, 1.00
322.00, 57.00, 58.00, 1.00, 1.00
322.00, 62.00, 61.00, 1.00, 1.00
322.00, 66.00, 63.00, 0.50, 0.00
322.50, 67.00, 64.00, 0.50, 0.00
323.00, 53.00, 56.00, 1.00, 1.00
323.00, 59.00, 59.00, 1.00, 1.00
323.00, 62.00, 61.00, 1.00, 1.00
323.00, 68.00, 64.00, 0.50, 0.00
323.50, 71.00, 66.00, 0.50, 0.00
324.00, 45.00, 51.00, 1.00, 1.00
324.00, 69.00, 65.00, 0.75, 0.00
324.75, 63.00, 61.00, 0.25, 0.00
325.00, 55.00, 57.00, 1.00, 1.00
325.00, 61.00, 60.00, 1.00, 1.00
325.00, 66.00, 63.00, 0.75, 0.00
325.75, 64.00, 62.00, 0.25, 0.00
326.00, 55.00, 57.00, 1.00, 1.00
326.00, 61.00, 60.00, 1.00, 1.00
326.00, 67.00, 64.00, 0.75, 0.00
326.75, 59.00, 59.00, 0.25, 0.00
327.00, 33.00, 44.00, 1.00, 1.00
327.00, 57.00, 58.00, 0.75, 0.00
327.75, 64.00, 62.00, 0.25, 0.00
328.00, 54.00, 56.00, 1.00, 1.00
328.00, 57.00, 58.00, 1.00, 1.00
328.00, 62.00, 61.00, 0.75, 0.00
328.75, 67.00, 64.00, 0.25, 0.00
329.00, 54.00, 56.00, 1.00, 1.00
329.00, 57.00, 58.00, 1.00, 1.00
329.00, 62.00, 61.00, 1.00, 1.00
329.00, 66.00, 63.00, 0.75, 0.00
329.75, 71.00, 66.00, 0.25, 0.00
330.00, 45.00, 51.00, 1.00, 1.00
330.00, 69.00, 65.00, 0.33, 0.00
330.33, 71.00, 66.00, 0.33, 0.00
330.67, 69.00, 65.00, 0.33, 0.00
331.00, 52.00, 55.00, 1.00, 1.00
331.00, 61.00, 60.00, 1.00, 1.00
331.00, 68.00, 64.00, 0.75, 0.00
331.75, 67.00, 64.00, 0.25, 0.00
332.00, 57.00, 58.00, 1.00, 1.00
332.00, 61.00, 60.00, 1.00, 1.00
332.00, 67.00, 64.00, 1.00, 1.00
332.00, 69.00, 65.00, 0.75, 0.00
332.75, 76.00, 69.00, 0.25, 0.00
333.00, 38.00, 47.00, 1.00, 1.00
333.00, 74.00, 68.00, 0.75, 0.00
333.75, 67.00, 64.00, 0.25, 0.00
334.00, 50.00, 54.00, 1.00, 1.00
334.00, 57.00, 58.00, 1.00, 1.00
334.00, 60.00, 60.00, 1.00, 1.00
334.00, 66.00, 63.00, 0.75, 0.00
334.75, 67.00, 64.00, 0.25, 0.00
335.00, 50.00, 54.00, 2.00, 1.00
335.00, 54.00, 56.00, 2.00, 1.00
335.00, 60.00, 60.00, 2.00, 1.00
335.00, 68.00, 64.00, 0.75, 0.00
335.75, 71.00, 66.00, 0.25, 0.00
336.00, 69.00, 65.00, 0.75, 0.00
336.75, 65.00, 62.00, 0.25, 0.00
337.00, 51.00, 54.00, 1.00, 1.00
337.00, 57.00, 58.00, 1.00, 1.00
337.00, 60.00, 60.00, 1.00, 1.00
337.00, 66.00, 63.00, 0.75, 0.00
337.75, 67.00, 64.00, 0.25, 0.00
338.00, 51.00, 54.00, 1.00, 1.00
338.00, 54.00, 56.00, 2.00, 1.00
338.00, 60.00, 60.00, 1.00, 1.00
338.00, 68.00, 64.00, 0.75, 0.00
338.75, 71.00, 66.00, 0.25, 0.00
339.00, 50.00, 54.00, 2.00, 1.00
339.00, 60.00, 60.00, 2.00, 1.00
339.00, 69.00, 65.00, 0.33, 0.00
339.33, 71.00, 66.00, 0.33, 0.00
339.67, 69.00, 65.00, 0.33, 0.00
340.00, 57.00, 58.00, 1.00, 1.00
340.00, 66.00, 63.00, 0.75, 0.00
340.75, 67.00, 64.00, 0.25, 0.00
341.00, 68.00, 64.00, 0.75, 0.00
341.75, 71.00, 66.00, 0.25, 0.00
342.00, 64.00, 62.00, 0.50, 1.00
342.00, 69.00, 65.00, 0.75, 0.00
342.50, 59.00, 59.00, 0.50, 1.00
342.75, 67.00, 64.00, 0.25, 0.00
343.00, 60.00, 60.00, 1.00, 1.00
343.00, 67.00, 64.00, 0.75, 0.00
343.75, 65.00, 63.00, 0.25, 0.00
344.00, 57.00, 58.00, 1.00, 1.00
344.00, 65.00, 63.00, 0.75, 0.00
344.75, 63.00, 61.00, 0.25, 0.00
345.00, 59.00, 59.00, 0.50, 1.00
345.00, 63.00, 61.00, 0.75, 0.00
345.50, 56.00, 57.00, 0.50, 1.00
345.75, 64.00, 62.00, 0.25, 0.00
346.00, 52.00, 55.00, 1.00, 1.00
346.00, 64.00, 62.00, 2.00, 0.00
347.00, 40.00, 48.00, 1.00, 1.00
347.00, 47.00, 52.00, 1.00, 1.00
347.00, 56.00, 57.00, 1.00, 1.00
347.00, 62.00, 61.00, 1.00, 1.00
348.00, 40.00, 48.00, 1.00, 1.00
348.00, 47.00, 52.00, 1.00, 1.00
348.00, 56.00, 57.00, 1.00, 1.00
348.00, 62.00, 61.00, 1.00, 1.00
348.00, 66.00, 63.00, 0.75, 0.00
348.75, 68.00, 64.00, 0.25, 0.00
349.00, 69.00, 65.00, 1.00, 0.00
350.00, 52.00, 55.00, 1.00, 1.00
350.00, 56.00, 57.00, 1.00, 1.00
350.00, 62.00, 61.00, 1.00, 1.00
350.00, 71.00, 66.00, 1.00, 0.00
351.00, 45.00, 51.00, 1.00, 1.00
351.00, 72.00, 67.00, 0.50, 0.00
351.50, 77.00, 70.00, 0.50, 0.00
352.00, 52.00, 55.00, 1.00, 1.00
352.00, 60.00, 60.00, 1.00, 1.00
352.00, 76.00, 69.00, 0.50, 0.00
352.50, 72.00, 67.00, 0.50, 0.00
353.00, 44.00, 51.00, 1.00, 1.00
353.00, 76.00, 69.00, 0.50, 0.00
353.50, 78.00, 70.00, 0.50, 0.00
354.00, 43.00, 50.00, 1.00, 1.00
354.00, 79.00, 71.00, 0.50, 0.00
354.50, 74.00, 68.00, 0.50, 0.00
355.00, 55.00, 57.00, 1.00, 1.00
355.00, 60.00, 60.00, 1.00, 1.00
355.00, 64.00, 62.00, 1.00, 1.00
355.00, 76.00, 69.00, 0.50, 0.00
355.50, 71.00, 66.00, 0.50, 0.00
356.00, 60.00, 60.00, 1.00, 1.00
356.00, 64.00, 62.00, 1.00, 1.00
356.00, 69.00, 65.00, 1.00, 1.00
356.00, 72.00, 67.00, 0.50, 0.00
356.50, 69.00, 65.00, 0.50, 0.00
357.00, 74.00, 68.00, 0.50, 0.00
357.50, 71.00, 66.00, 0.50, 0.00
358.00, 55.00, 57.00, 1.00, 1.00
358.00, 62.00, 61.00, 1.00, 1.00
358.00, 65.00, 63.00, 1.00, 0.00
358.00, 67.00, 64.00, 2.00, 0.00
359.00, 55.00, 57.00, 1.00, 1.00
359.00, 59.00, 59.00, 1.00, 1.00
359.00, 65.00, 63.00, 1.00, 0.00
360.00, 69.00, 65.00, 0.50, 0.00
360.50, 71.00, 66.00, 0.50, 0.00
361.00, 55.00, 57.00, 1.00, 1.00
361.00, 57.00, 58.00, 1.00, 1.00
361.00, 65.00, 63.00, 1.00, 1.00
361.00, 72.00, 67.00, 1.00, 0.00
362.00, 55.00, 57.00, 1.00, 1.00
362.00, 59.00, 59.00, 1.00, 1.00
362.00, 65.00, 63.00, 1.00, 1.00
362.00, 74.00, 68.00, 1.00, 0.00
363.00, 48.00, 53.00, 1.00, 1.00
363.00, 76.00, 69.00, 0.75, 0.00
363.75, 78.00, 70.00, 0.25, 0.00
364.00, 54.00, 56.00, 1.00, 1.00
364.00, 58.00, 58.00, 1.00, 1.00
364.00, 64.00, 62.00, 1.00, 1.00
364.00, 78.00, 70.00, 2.00, 0.00
365.00, 48.00, 53.00, 1.00, 1.00
366.00, 47.00, 52.00, 1.00, 1.00
366.00, 80.00, 71.00, 0.50, 0.00
366.50, 71.00, 66.00, 0.50, 0.00
367.00, 56.00, 57.00, 1.00, 1.00
367.00, 59.00, 59.00, 1.00, 1.00
367.00, 64.00, 62.00, 1.00, 1.00
367.00, 80.00, 71.00, 1.00, 0.00
368.00, 57.00, 58.00, 1.00, 1.00
368.00, 59.00, 59.00, 1.00, 1.00
368.00, 63.00, 61.00, 1.00, 1.00
368.00, 78.00, 70.00, 0.50, 0.00
368.50, 80.00, 71.00, 0.50, 0.00
369.00, 52.00, 55.00, 1.00, 1.00
369.00, 76.00, 69.00, 0.50, 0.00
369.75, 71.00, 66.00, 0.25, 0.00
370.00, 56.00, 57.00, 1.00, 1.00
370.00, 59.00, 59.00, 1.00, 1.00
370.00, 64.00, 62.00, 1.00, 1.00
370.00, 68.00, 64.00, 1.00, 1.00
370.00, 76.00, 69.00, 2.00, 0.00
371.00, 57.00, 58.00, 1.00, 1.00
371.00, 61.00, 60.00, 1.00, 1.00
371.00, 67.00, 64.00, 1.00, 1.00
372.00, 50.00, 54.00, 1.00, 1.00
372.00, 77.00, 70.00, 0.50, 0.00
372.50, 69.00, 65.00, 0.50, 0.00
373.00, 57.00, 58.00, 1.00, 1.00
373.00, 59.00, 59.00, 1.00, 1.00
373.00, 65.00, 63.00, 1.00, 1.00
373.00, 74.00, 68.00, 1.00, 0.00
374.00, 52.00, 55.00, 1.00, 1.00
374.00, 56.00, 57.00, 1.00, 1.00
374.00, 62.00, 61.00, 1.00, 1.00
374.00, 71.00, 66.00, 0.75, 0.00
374.75, 72.00, 67.00, 0.25, 0.00
375.00, 51.00, 54.00, 3.00, 1.00
375.00, 69.00, 65.00, 0.50, 0.00
375.75, 68.00, 64.00, 0.25, 0.00
376.00, 60.00, 60.00, 1.00, 1.00
376.00, 66.00, 63.00, 1.00, 1.00
376.00, 69.00, 65.00, 8.00, 0.00
377.00, 60.00, 60.00, 1.00, 1.00
377.00, 66.00, 63.00, 1.00, 1.00
378.00, 39.00, 47.00, 1.00, 1.00
379.00, 60.00, 60.00, 1.00, 1.00
379.00, 66.00, 63.00, 1.00, 1.00
380.00, 60.00, 60.00, 1.00, 1.00
380.00, 66.00, 63.00, 1.00, 1.00
381.00, 51.00, 54.00, 1.00, 1.00
382.00, 60.00, 60.00, 1.00, 1.00
382.00, 66.00, 63.00, 1.00, 1.00
383.00, 60.00, 60.00, 1.00, 1.00
383.00, 66.00, 63.00, 1.00, 1.00
384.00, 39.00, 47.00, 1.00, 1.00
385.00, 57.00, 58.00, 0.50, 0.00
385.50, 60.00, 60.00, 0.50, 0.00
386.00, 72.00, 67.00, 0.75, 0.00
386.75, 71.00, 66.00, 0.25, 0.00
387.00, 51.00, 54.00, 1.00, 1.00
387.00, 71.00, 66.00, 0.75, 0.00
387.00, 78.00, 70.00, 1.00, 0.00
387.75, 69.00, 65.00, 0.25, 0.00
388.00, 57.00, 58.00, 1.00, 1.00
388.00, 60.00, 60.00, 1.00, 1.00
388.00, 66.00, 63.00, 1.00, 1.00
388.00, 69.00, 65.00, 1.00, 0.00
388.00, 84.00, 74.00, 1.00, 0.00
389.00, 57.00, 58.00, 1.00, 1.00
389.00, 60.00, 60.00, 1.00, 1.00
389.00, 66.00, 63.00, 1.00, 1.00
390.00, 39.00, 47.00, 1.00, 1.00
391.00, 57.00, 58.00, 1.00, 1.00
391.00, 60.00, 60.00, 1.00, 1.00
391.00, 65.00, 63.00, 1.00, 1.00
392.00, 57.00, 58.00, 1.00, 1.00
392.00, 60.00, 60.00, 1.00, 1.00
392.00, 65.00, 63.00, 1.00, 1.00
393.00, 51.00, 54.00, 1.00, 1.00
394.00, 57.00, 58.00, 1.00, 1.00
394.00, 60.00, 60.00, 1.00, 1.00
394.00, 65.00, 63.00, 1.00, 1.00
395.00, 57.00, 58.00, 1.00, 1.00
395.00, 60.00, 60.00, 1.00, 1.00
395.00, 65.00, 63.00, 1.00, 1.00
396.00, 39.00, 47.00, 1.00, 1.00
396.50, 57.00, 58.00, 0.50, 0.00
397.00, 60.00, 60.00, 0.50, 0.00
397.50, 65.00, 63.00, 0.50, 0.00
398.00, 72.00, 67.00, 0.75, 0.00
398.75, 71.00, 66.00, 0.25, 0.00
399.00, 51.00, 54.00, 1.00, 1.00
399.00, 71.00, 66.00, 0.75, 0.00
399.00, 77.00, 70.00, 1.00, 0.00
399.75, 69.00, 65.00, 0.25, 0.00
400.00, 57.00, 58.00, 1.00, 1.00
400.00, 60.00, 60.00, 1.00, 1.00
400.00, 65.00, 63.00, 1.00, 1.00
400.00, 69.00, 65.00, 1.00, 0.00
400.00, 84.00, 74.00, 1.00, 0.00
401.00, 57.00, 58.00, 1.00, 1.00
401.00, 60.00, 60.00, 1.00, 1.00
401.00, 65.00, 63.00, 1.00, 1.00
402.00, 64.00, 62.00, 0.50, 1.00
402.50, 59.00, 59.00, 0.50, 1.00
402.75, 67.00, 64.00, 0.25, 0.00
403.00, 60.00, 60.00, 1.00, 1.00
403.00, 67.00, 64.00, 0.75, 0.00
403.75, 65.00, 63.00, 0.25, 0.00
404.00, 57.00, 58.00, 1.00, 1.00
404.00, 65.00, 63.00, 0.75, 0.00
404.75, 63.00, 61.00, 0.25, 0.00
405.00, 59.00, 59.00, 0.50, 1.00
405.00, 63.00, 61.00, 0.75, 0.00
405.50, 56.00, 57.00, 0.50, 1.00
405.75, 64.00, 62.00, 0.25, 0.00
406.00, 52.00, 55.00, 1.00, 1.00
406.00, 64.00, 62.00, 5.00, 0.00
407.00, 40.00, 48.00, 1.00, 1.00
407.00, 47.00, 52.00, 1.00, 1.00
407.00, 56.00, 57.00, 1.00, 1.00
407.00, 62.00, 61.00, 1.00, 1.00
409.00, 40.00, 48.00, 1.00, 1.00
409.00, 47.00, 52.00, 1.00, 1.00
409.00, 56.00, 57.00, 1.00, 1.00
409.00, 62.00, 61.00, 1.00, 1.00
410.00, 40.00, 48.00, 1.00, 1.00
410.00, 47.00, 52.00, 1.00, 1.00
410.00, 56.00, 57.00, 1.00, 1.00
410.00, 62.00, 61.00, 1.00, 1.00
411.00, 52.00, 55.00, 2.00, 1.00
411.00, 59.00, 59.00, 0.50, 1.00
411.00, 63.00, 61.00, 0.75, 0.00
411.50, 56.00, 57.00, 0.50, 1.00
411.75, 64.00, 62.00, 0.25, 0.00
412.00, 64.00, 62.00, 2.00, 0.00
413.00, 40.00, 48.00, 1.00, 1.00
413.00, 47.00, 52.00, 1.00, 1.00
413.00, 56.00, 57.00, 1.00, 1.00
413.00, 62.00, 61.00, 1.00, 1.00
414.00, 52.00, 55.00, 2.00, 1.00
414.00, 59.00, 59.00, 0.50, 1.00
414.00, 63.00, 61.00, 0.75, 0.00
414.50, 56.00, 57.00, 0.50, 1.00
414.75, 64.00, 62.00, 0.25, 0.00
415.00, 64.00, 62.00, 5.00, 0.00
416.00, 40.00, 48.00, 1.00, 1.00
416.00, 47.00, 52.00, 1.00, 1.00
416.00, 56.00, 57.00, 1.00, 1.00
416.00, 62.00, 61.00, 1.00, 1.00
417.00, 40.00, 48.00, 1.00, 1.00
417.00, 47.00, 52.00, 1.00, 1.00
417.00, 56.00, 57.00, 1.00, 1.00
417.00, 62.00, 61.00, 1.00, 1.00
418.00, 40.00, 48.00, 1.00, 1.00
418.00, 47.00, 52.00, 1.00, 1.00
418.00, 56.00, 57.00, 1.00, 1.00
418.00, 62.00, 61.00, 1.00, 1.00
419.00, 40.00, 48.00, 1.00, 1.00
419.00, 47.00, 52.00, 1.00, 1.00
419.00, 56.00, 57.00, 1.00, 1.00
419.00, 62.00, 61.00, 1.00, 1.00
420.00, 28.00, 41.00, 1.00, 1.00
420.00, 56.00, 57.00, 1.00, 0.00
420.00, 62.00, 61.00, 1.00, 0.00
420.00, 65.00, 63.00, 0.50, 0.00
420.50, 66.00, 63.00, 0.50, 0.00
421.00, 67.00, 64.00, 0.50, 0.00
421.50, 68.00, 64.00, 0.50, 0.00
422.00, 52.00, 55.00, 1.00, 1.00
422.00, 62.00, 61.00, 1.00, 1.00
422.00, 77.00, 70.00, 0.50, 0.00
422.50, 68.00, 64.00, 0.50, 0.00
423.00, 45.00, 51.00, 2.00, 1.00
423.00, 71.00, 66.00, 0.50, 0.00
423.50, 69.00, 65.00, 0.50, 0.00
424.00, 52.00, 55.00, 1.00, 1.00
424.00, 60.00, 60.00, 1.00, 1.00
424.00, 81.00, 72.00, 1.00, 0.00
