ontime, MNN, MPN, duration, channel
-1.00, 64.00, 62.00, 0.50, 0.00
-0.50, 69.00, 65.00, 0.50, 0.00
0.00, 49.00, 53.00, 1.00, 1.00
0.00, 68.00, 64.00, 1.00, 0.00
1.00, 56.00, 57.00, 1.00, 1.00
1.00, 61.00, 60.00, 1.00, 1.00
1.00, 64.00, 62.00, 1.00, 1.00
1.00, 73.00, 67.00, 1.50, 0.00
2.00, 56.00, 57.00, 1.00, 1.00
2.00, 61.00, 60.00, 1.00, 1.00
2.00, 64.00, 62.00, 1.00, 1.00
2.50, 75.00, 68.00, 0.50, 0.00
3.00, 51.00, 54.00, 1.00, 1.00
3.00, 73.00, 67.00, 0.50, 0.00
3.50, 72.00, 66.00, 0.50, 0.00
4.00, 56.00, 57.00, 1.00, 1.00
4.00, 60.00, 59.00, 1.00, 1.00
4.00, 66.00, 63.00, 1.00, 1.00
4.00, 75.00, 68.00, 1.00, 0.00
5.00, 56.00, 57.00, 1.00, 1.00
5.00, 60.00, 59.00, 1.00, 1.00
5.00, 66.00, 63.00, 1.00, 1.00
6.00, 48.00, 52.00, 1.00, 1.00
7.00, 56.00, 57.00, 1.00, 1.00
7.00, 63.00, 61.00, 1.00, 1.00
7.00, 66.00, 63.00, 1.00, 1.00
7.00, 75.00, 68.00, 1.50, 0.00
8.00, 56.00, 57.00, 1.00, 1.00
8.00, 63.00, 61.00, 1.00, 1.00
8.00, 66.00, 63.00, 1.00, 1.00
8.50, 76.00, 69.00, 0.50, 0.00
9.00, 49.00, 53.00, 1.00, 1.00
9.00, 75.00, 68.00, 0.50, 0.00
9.50, 73.00, 67.00, 0.50, 0.00
10.00, 56.00, 57.00, 1.00, 1.00
10.00, 61.00, 60.00, 1.00, 1.00
10.00, 64.00, 62.00, 1.00, 1.00
10.00, 76.00, 69.00, 1.00, 0.00
11.00, 56.00, 57.00, 1.00, 1.00
11.00, 61.00, 60.00, 1.00, 1.00
11.00, 64.00, 62.00, 1.00, 1.00
12.00, 52.00, 55.00, 1.00, 1.00
13.00, 56.00, 57.00, 1.00, 1.00
13.00, 61.00, 60.00, 1.00, 1.00
13.00, 68.00, 64.00, 1.00, 1.00
13.00, 80.00, 71.00, 1.50, 0.00
14.00, 56.00, 57.00, 1.00, 1.00
14.00, 61.00, 60.00, 1.00, 1.00
14.00, 68.00, 64.00, 1.00, 1.00
14.50, 81.00, 72.00, 0.50, 0.00
15.00, 51.00, 54.00, 1.00, 1.00
15.00, 80.00, 71.00, 0.50, 0.00
15.50, 79.00, 70.00, 0.50, 0.00
16.00, 58.00, 58.00, 1.00, 1.00
16.00, 61.00, 60.00, 1.00, 1.00
16.00, 67.00, 63.00, 1.00, 1.00
16.00, 75.00, 68.00, 1.50, 0.00
17.00, 58.00, 58.00, 1.00, 1.00
17.00, 61.00, 60.00, 1.00, 1.00
17.00, 67.00, 63.00, 1.00, 1.00
17.50, 76.00, 69.00, 0.50, 0.00
18.00, 44.00, 50.00, 1.00, 1.00
18.00, 78.00, 70.00, 1.00, 0.00
19.00, 56.00, 57.00, 1.00, 1.00
19.00, 60.00, 59.00, 1.00, 1.00
19.00, 66.00, 63.00, 1.00, 1.00
19.00, 80.00, 71.00, 1.50, 0.00
20.00, 56.00, 57.00, 1.00, 1.00
20.00, 60.00, 59.00, 1.00, 1.00
20.00, 66.00, 63.00, 1.00, 1.00
20.50, 78.00, 70.00, 0.50, 0.00
21.00, 49.00, 53.00, 1.00, 1.00
21.00, 76.00, 69.00, 0.50, 0.00
21.50, 75.00, 68.00, 0.50, 0.00
22.00, 56.00, 57.00, 1.00, 1.00
22.00, 61.00, 60.00, 1.00, 1.00
22.00, 64.00, 62.00, 1.00, 1.00
22.00, 73.00, 67.00, 1.00, 0.00
23.00, 55.00, 56.00, 1.00, 1.00
23.00, 61.00, 60.00, 1.00, 1.00
23.00, 64.00, 62.00, 1.00, 1.00
23.00, 71.00, 66.00, 0.50, 0.00
23.50, 69.00, 65.00, 0.50, 0.00
24.00, 49.00, 53.00, 1.00, 1.00
24.00, 68.00, 64.00, 1.00, 0.00
25.00, 56.00, 57.00, 1.00, 1.00
25.00, 61.00, 60.00, 1.00, 1.00
25.00, 64.00, 62.00, 1.00, 1.00
25.00, 73.00, 67.00, 1.50, 0.00
26.00, 56.00, 57.00, 1.00, 1.00
26.00, 61.00, 60.00, 1.00, 1.00
26.00, 64.00, 62.00, 1.00, 1.00
26.50, 75.00, 68.00, 0.50, 0.00
27.00, 51.00, 54.00, 1.00, 1.00
27.00, 73.00, 67.00, 0.50, 0.00
27.50, 72.00, 66.00, 0.50, 0.00
28.00, 56.00, 57.00, 1.00, 1.00
28.00, 60.00, 59.00, 1.00, 1.00
28.00, 66.00, 63.00, 1.00, 1.00
28.00, 75.00, 68.00, 1.00, 0.00
29.00, 56.00, 57.00, 1.00, 1.00
29.00, 60.00, 59.00, 1.00, 1.00
29.00, 66.00, 63.00, 1.00, 1.00
30.00, 48.00, 52.00, 1.00, 1.00
31.00, 56.00, 57.00, 1.00, 1.00
31.00, 63.00, 61.00, 1.00, 1.00
31.00, 66.00, 63.00, 1.00, 1.00
31.00, 75.00, 68.00, 1.50, 0.00
32.00, 56.00, 57.00, 1.00, 1.00
32.00, 63.00, 61.00, 1.00, 1.00
32.00, 66.00, 63.00, 1.00, 1.00
32.50, 76.00, 69.00, 0.50, 0.00
33.00, 49.00, 53.00, 1.00, 1.00
33.00, 75.00, 68.00, 0.50, 0.00
33.50, 73.00, 67.00, 0.50, 0.00
34.00, 56.00, 57.00, 1.00, 1.00
34.00, 64.00, 62.00, 1.00, 1.00
34.00, 76.00, 69.00, 2.00, 0.00
35.00, 54.00, 56.00, 1.00, 1.00
35.00, 58.00, 58.00, 1.00, 1.00
35.00, 64.00, 62.00, 1.00, 1.00
36.00, 47.00, 52.00, 1.00, 1.00
36.00, 71.00, 66.00, 1.00, 0.00
37.00, 56.00, 57.00, 1.00, 1.00
37.00, 59.00, 59.00, 1.00, 1.00
37.00, 64.00, 62.00, 1.00, 1.00
37.00, 83.00, 73.00, 1.50, 0.00
38.00, 56.00, 57.00, 1.00, 1.00
38.00, 59.00, 59.00, 1.00, 1.00
38.00, 64.00, 62.00, 1.00, 1.00
38.50, 85.00, 74.00, 0.50, 0.00
39.00, 47.00, 52.00, 1.00, 1.00
39.00, 83.00, 73.00, 0.50, 0.00
39.50, 82.00, 72.00, 0.50, 0.00
40.00, 54.00, 56.00, 1.00, 1.00
40.00, 61.00, 60.00, 1.00, 1.00
40.00, 64.00, 62.00, 1.00, 1.00
40.00, 78.00, 70.00, 1.50, 0.00
41.00, 54.00, 56.00, 1.00, 1.00
41.00, 61.00, 60.00, 1.00, 1.00
41.00, 64.00, 62.00, 1.00, 1.00
41.50, 80.00, 71.00, 0.50, 0.00
42.00, 35.00, 45.00, 1.00, 1.00
42.00, 81.00, 72.00, 1.00, 0.00
43.00, 54.00, 56.00, 1.00, 1.00
43.00, 59.00, 59.00, 1.00, 1.00
43.00, 63.00, 61.00, 1.00, 1.00
43.00, 83.00, 73.00, 1.50, 0.00
44.00, 54.00, 56.00, 1.00, 1.00
44.00, 59.00, 59.00, 1.00, 1.00
44.00, 63.00, 61.00, 1.00, 1.00
44.50, 81.00, 72.00, 0.50, 0.00
45.00, 40.00, 48.00, 1.00, 1.00
45.00, 80.00, 71.00, 0.50, 0.00
45.50, 75.00, 68.00, 0.50, 0.00
46.00, 56.00, 57.00, 1.00, 1.00
46.00, 59.00, 59.00, 1.00, 1.00
46.00, 64.00, 62.00, 1.00, 1.00
46.00, 76.00, 69.00, 0.50, 0.00
46.50, 75.00, 68.00, 0.50, 0.00
47.00, 76.00, 69.00, 0.50, 0.00
47.50, 78.00, 70.00, 0.50, 0.00
48.00, 48.00, 52.00, 1.00, 1.00
48.00, 80.00, 71.00, 1.50, 0.00
49.00, 56.00, 57.00, 1.00, 1.00
49.00, 63.00, 61.00, 1.00, 1.00
49.00, 66.00, 63.00, 1.00, 1.00
49.50, 75.00, 68.00, 0.50, 0.00
50.00, 80.00, 71.00, 0.50, 0.00
50.50, 78.00, 70.00, 0.50, 0.00
51.00, 49.00, 53.00, 1.00, 1.00
51.00, 76.00, 69.00, 1.00, 0.00
52.00, 56.00, 57.00, 1.00, 1.00
52.00, 61.00, 60.00, 1.00, 1.00
52.00, 64.00, 62.00, 1.00, 1.00
52.00, 72.00, 66.00, 0.50, 0.00
52.50, 75.00, 68.00, 0.50, 0.00
53.00, 73.00, 67.00, 0.50, 0.00
53.50, 71.00, 66.00, 0.50, 0.00
54.00, 37.00, 46.00, 1.00, 1.00
54.00, 69.00, 65.00, 0.50, 0.00
54.75, 69.00, 65.00, 0.25, 0.00
55.00, 55.00, 56.00, 1.00, 1.00
55.00, 61.00, 60.00, 1.00, 1.00
55.00, 64.00, 62.00, 1.00, 1.00
55.00, 69.00, 65.00, 1.00, 0.00
56.00, 55.00, 56.00, 1.00, 1.00
56.00, 61.00, 60.00, 1.00, 1.00
56.00, 64.00, 62.00, 1.00, 1.00
56.00, 69.00, 65.00, 1.00, 0.00
57.00, 49.00, 53.00, 1.00, 1.00
57.00, 68.00, 64.00, 0.50, 0.00
57.50, 73.00, 67.00, 0.50, 0.00
58.00, 56.00, 57.00, 1.00, 1.00
58.00, 61.00, 60.00, 1.00, 1.00
58.00, 64.00, 62.00, 1.00, 1.00
58.00, 75.00, 68.00, 0.50, 0.00
58.50, 76.00, 69.00, 0.50, 0.00
59.00, 80.00, 71.00, 0.50, 0.00
59.50, 85.00, 74.00, 0.50, 0.00
60.00, 48.00, 52.00, 1.00, 1.00
60.00, 80.00, 71.00, 1.50, 0.00
61.00, 56.00, 57.00, 1.00, 1.00
61.00, 63.00, 61.00, 1.00, 1.00
61.50, 75.00, 68.00, 0.50, 0.00
62.00, 80.00, 71.00, 0.50, 0.00
62.50, 78.00, 70.00, 0.50, 0.00
63.00, 37.00, 46.00, 1.00, 1.00
63.00, 76.00, 69.00, 1.00, 0.00
64.00, 56.00, 57.00, 1.00, 1.00
64.00, 64.00, 62.00, 1.00, 1.00
64.00, 72.00, 66.00, 0.50, 0.00
64.50, 75.00, 68.00, 0.50, 0.00
65.00, 56.00, 57.00, 1.00, 1.00
65.00, 58.00, 58.00, 1.00, 1.00
65.00, 64.00, 62.00, 1.00, 1.00
65.00, 73.00, 67.00, 0.50, 0.00
65.50, 70.00, 65.00, 0.50, 0.00
66.00, 39.00, 47.00, 1.00, 1.00
66.00, 63.00, 61.00, 0.50, 0.00
66.50, 64.00, 62.00, 0.50, 0.00
67.00, 51.00, 54.00, 1.00, 1.00
67.00, 59.00, 59.00, 1.00, 1.00
67.00, 63.00, 61.00, 0.50, 0.00
67.50, 62.00, 60.00, 0.50, 0.00
68.00, 51.00, 54.00, 1.00, 1.00
68.00, 55.00, 56.00, 1.00, 1.00
68.00, 61.00, 60.00, 1.00, 1.00
68.00, 63.00, 61.00, 0.50, 0.00
68.50, 71.00, 66.00, 0.50, 0.00
69.00, 44.00, 50.00, 1.00, 1.00
69.00, 68.00, 64.00, 0.50, 0.00
69.50, 56.00, 57.00, 0.50, 0.00
70.00, 50.00, 53.00, 0.50, 1.00
70.00, 59.00, 59.00, 1.00, 1.00
70.00, 68.00, 64.00, 2.00, 0.00
70.50, 52.00, 55.00, 0.50, 1.00
71.00, 51.00, 54.00, 0.50, 1.00
71.50, 47.00, 52.00, 0.50, 1.00
72.00, 44.00, 50.00, 1.00, 1.00
72.00, 80.00, 71.00, 1.50, 0.00
73.00, 51.00, 54.00, 1.00, 1.00
73.00, 60.00, 59.00, 1.00, 1.00
73.00, 66.00, 63.00, 1.00, 1.00
73.50, 75.00, 68.00, 0.50, 0.00
74.00, 80.00, 71.00, 0.50, 0.00
74.50, 78.00, 70.00, 0.50, 0.00
75.00, 49.00, 53.00, 1.00, 1.00
75.00, 76.00, 69.00, 1.00, 0.00
76.00, 56.00, 57.00, 1.00, 1.00
76.00, 61.00, 60.00, 1.00, 1.00
76.00, 64.00, 62.00, 1.00, 1.00
76.00, 72.00, 66.00, 0.50, 0.00
76.50, 75.00, 68.00, 0.50, 0.00
77.00, 73.00, 67.00, 0.50, 0.00
77.50, 71.00, 66.00, 0.50, 0.00
78.00, 37.00, 46.00, 1.00, 1.00
78.00, 69.00, 65.00, 0.50, 0.00
78.75, 69.00, 65.00, 0.25, 0.00
79.00, 55.00, 56.00, 1.00, 1.00
79.00, 64.00, 62.00, 1.00, 1.00
79.00, 69.00, 65.00, 1.00, 0.00
80.00, 55.00, 56.00, 1.00, 1.00
80.00, 64.00, 62.00, 1.00, 1.00
80.00, 69.00, 65.00, 1.00, 0.00
81.00, 49.00, 53.00, 1.00, 1.00
81.00, 68.00, 64.00, 0.50, 0.00
81.50, 73.00, 67.00, 0.50, 0.00
82.00, 56.00, 57.00, 1.00, 1.00
82.00, 64.00, 62.00, 1.00, 1.00
82.00, 75.00, 68.00, 0.50, 0.00
82.50, 76.00, 69.00, 0.50, 0.00
83.00, 49.00, 53.00, 1.00, 1.00
83.00, 80.00, 71.00, 0.50, 0.00
83.50, 85.00, 74.00, 0.50, 0.00
84.00, 48.00, 52.00, 1.00, 1.00
84.00, 80.00, 71.00, 1.50, 0.00
85.00, 51.00, 54.00, 1.00, 1.00
85.00, 56.00, 57.00, 1.00, 1.00
85.00, 63.00, 61.00, 1.00, 1.00
85.50, 75.00, 68.00, 0.50, 0.00
86.00, 47.00, 52.00, 1.00, 1.00
86.00, 80.00, 71.00, 0.50, 0.00
86.50, 79.00, 71.00, 0.50, 0.00
87.00, 46.00, 51.00, 1.00, 1.00
87.00, 78.00, 70.00, 0.50, 0.00
87.50, 76.00, 69.00, 0.50, 0.00
88.00, 52.00, 55.00, 1.00, 1.00
88.00, 61.00, 60.00, 1.00, 1.00
88.00, 72.00, 66.00, 0.50, 0.00
88.50, 75.00, 68.00, 0.50, 0.00
89.00, 45.00, 51.00, 1.00, 1.00
89.00, 73.00, 67.00, 0.50, 0.00
89.50, 67.00, 63.00, 0.50, 0.00
90.00, 44.00, 50.00, 1.00, 1.00
90.00, 68.00, 64.00, 0.50, 0.00
90.50, 69.00, 65.00, 0.50, 0.00
91.00, 56.00, 57.00, 1.00, 1.00
91.00, 64.00, 62.00, 1.00, 1.00
91.00, 68.00, 64.00, 0.50, 0.00
91.50, 67.00, 63.00, 0.50, 0.00
92.00, 56.00, 57.00, 1.00, 1.00
92.00, 60.00, 59.00, 1.00, 1.00
92.00, 66.00, 63.00, 1.00, 1.00
92.00, 68.00, 64.00, 0.50, 0.00
92.50, 76.00, 69.00, 0.50, 0.00
93.00, 49.00, 53.00, 1.00, 1.00
93.00, 73.00, 67.00, 0.50, 0.00
93.50, 61.00, 60.00, 2.50, 0.00
94.00, 56.00, 57.00, 1.00, 1.00
94.00, 64.00, 62.00, 1.00, 1.00
94.00, 73.00, 67.00, 2.00, 0.00
95.00, 59.00, 59.00, 0.50, 1.00
95.50, 57.00, 58.00, 0.50, 1.00
96.00, 56.00, 58.00, 0.50, 1.00
96.00, 61.00, 61.00, 1.00, 0.00
96.00, 63.00, 62.00, 0.75, 0.00
96.50, 55.00, 57.00, 0.50, 1.00
96.75, 63.00, 62.00, 0.25, 0.00
97.00, 54.00, 57.00, 1.00, 1.00
97.00, 60.00, 60.00, 1.00, 0.00
97.00, 63.00, 62.00, 1.00, 0.00
98.00, 53.00, 56.00, 1.00, 1.00
98.00, 56.00, 58.00, 1.00, 1.00
98.00, 61.00, 61.00, 1.00, 0.00
98.00, 65.00, 63.00, 1.00, 0.00
99.00, 51.00, 55.00, 2.00, 1.00
99.00, 56.00, 58.00, 2.00, 1.00
99.00, 60.00, 60.00, 2.00, 0.00
99.50, 68.00, 65.00, 0.50, 0.00
100.00, 44.00, 51.00, 1.00, 1.00
100.00, 66.00, 64.00, 1.00, 0.00
101.00, 49.00, 54.00, 1.00, 1.00
101.00, 56.00, 58.00, 2.00, 1.00
101.00, 61.00, 61.00, 1.00, 0.00
101.00, 65.00, 63.00, 1.00, 0.00
102.00, 42.00, 50.00, 2.00, 1.00
102.00, 58.00, 59.00, 2.00, 0.00
102.00, 63.00, 62.00, 0.75, 0.00
102.75, 63.00, 62.00, 0.25, 0.00
103.00, 54.00, 57.00, 2.00, 1.00
103.00, 63.00, 62.00, 1.00, 0.00
104.00, 44.00, 51.00, 1.00, 1.00
104.00, 60.00, 60.00, 1.00, 0.00
104.00, 65.00, 63.00, 1.00, 0.00
105.00, 46.00, 52.00, 1.00, 1.00
105.00, 54.00, 57.00, 2.00, 1.00
105.00, 63.00, 62.00, 0.75, 0.00
105.75, 62.00, 61.00, 0.25, 0.00
106.00, 48.00, 53.00, 1.00, 1.00
106.00, 56.00, 58.00, 3.00, 1.00
106.00, 63.00, 62.00, 1.00, 0.00
107.00, 49.00, 54.00, 1.00, 1.00
107.00, 53.00, 56.00, 1.00, 1.00
107.00, 61.00, 61.00, 2.00, 0.00
108.00, 32.00, 44.00, 1.00, 1.00
108.00, 44.00, 51.00, 1.00, 1.00
108.00, 51.00, 55.00, 1.00, 1.00
108.00, 63.00, 62.00, 0.75, 0.00
108.75, 63.00, 62.00, 0.25, 0.00
109.00, 54.00, 57.00, 1.00, 1.00
109.00, 56.00, 58.00, 1.00, 1.00
109.00, 60.00, 60.00, 1.00, 0.00
109.00, 63.00, 62.00, 1.00, 0.00
110.00, 53.00, 56.00, 1.00, 1.00
110.00, 56.00, 58.00, 1.00, 1.00
110.00, 61.00, 61.00, 1.00, 0.00
110.00, 65.00, 63.00, 1.00, 0.00
111.00, 51.00, 55.00, 1.00, 1.00
111.00, 56.00, 58.00, 2.00, 1.00
111.00, 60.00, 60.00, 2.00, 0.00
111.00, 68.00, 65.00, 0.50, 0.00
111.50, 70.00, 66.00, 0.50, 0.00
112.00, 44.00, 51.00, 1.00, 1.00
112.00, 66.00, 64.00, 1.00, 0.00
113.00, 49.00, 54.00, 1.00, 1.00
113.00, 56.00, 58.00, 2.00, 1.00
113.00, 61.00, 61.00, 1.00, 0.00
113.00, 65.00, 63.00, 1.00, 0.00
114.00, 42.00, 50.00, 2.00, 1.00
114.00, 58.00, 59.00, 2.00, 0.00
114.00, 63.00, 62.00, 0.75, 0.00
114.75, 73.00, 68.00, 0.25, 0.00
115.00, 54.00, 57.00, 1.00, 1.00
115.00, 63.00, 62.00, 1.00, 0.00
116.00, 44.00, 51.00, 1.00, 1.00
116.00, 53.00, 56.00, 1.00, 1.00
116.00, 60.00, 60.00, 1.00, 0.00
116.00, 65.00, 63.00, 1.00, 0.00
117.00, 46.00, 52.00, 1.00, 1.00
117.00, 54.00, 57.00, 0.75, 0.00
117.00, 54.00, 57.00, 2.00, 1.00
117.00, 61.00, 61.00, 0.75, 0.00
117.75, 62.00, 61.00, 0.25, 0.00
118.00, 48.00, 53.00, 1.00, 1.00
118.00, 56.00, 58.00, 1.00, 0.00
118.00, 56.00, 58.00, 2.00, 1.00
118.00, 63.00, 62.00, 1.00, 0.00
119.00, 49.00, 54.00, 1.00, 1.00
119.00, 53.00, 56.00, 1.00, 0.00
119.00, 53.00, 56.00, 1.00, 1.00
119.00, 61.00, 61.00, 1.00, 0.00
120.00, 37.00, 47.00, 1.00, 1.00
120.00, 68.00, 65.00, 0.50, 0.00
120.75, 68.00, 65.00, 0.25, 0.00
121.00, 59.00, 60.00, 1.00, 1.00
121.00, 63.00, 62.00, 1.00, 1.00
121.00, 65.00, 63.00, 1.00, 0.00
121.00, 68.00, 65.00, 1.00, 0.00
122.00, 58.00, 59.00, 1.00, 1.00
122.00, 61.00, 61.00, 1.00, 1.00
122.00, 66.00, 64.00, 1.00, 0.00
122.00, 70.00, 66.00, 1.00, 0.00
123.00, 49.00, 54.00, 3.00, 1.00
123.00, 73.00, 68.00, 0.75, 0.00
123.75, 71.00, 67.00, 0.25, 0.00
124.00, 56.00, 58.00, 1.00, 0.00
124.00, 63.00, 62.00, 1.00, 0.00
124.00, 65.00, 63.00, 1.00, 0.00
124.00, 71.00, 67.00, 1.00, 0.00
125.00, 58.00, 59.00, 1.00, 0.00
125.00, 61.00, 61.00, 1.00, 0.00
125.00, 66.00, 64.00, 2.00, 0.00
125.00, 70.00, 66.00, 1.00, 0.00
126.00, 49.00, 54.00, 4.00, 1.00
126.00, 68.00, 65.00, 0.75, 0.00
126.75, 75.00, 69.00, 0.25, 0.00
127.00, 59.00, 60.00, 1.00, 0.00
127.00, 63.00, 62.00, 1.00, 0.00
127.00, 65.00, 63.00, 1.00, 0.00
127.00, 68.00, 65.00, 1.00, 0.00
128.00, 58.00, 59.00, 1.00, 0.00
128.00, 61.00, 61.00, 1.00, 0.00
128.00, 66.00, 64.00, 1.00, 0.00
128.00, 70.00, 66.00, 1.00, 0.00
129.00, 54.00, 57.00, 1.00, 1.00
129.00, 59.00, 60.00, 1.00, 1.00
129.00, 63.00, 62.00, 1.00, 0.00
129.00, 68.00, 65.00, 0.75, 0.00
129.75, 67.00, 64.00, 0.25, 0.00
130.00, 49.00, 54.00, 1.00, 1.00
130.00, 53.00, 56.00, 1.00, 1.00
130.00, 59.00, 60.00, 1.00, 0.00
130.00, 61.00, 61.00, 1.00, 0.00
130.00, 68.00, 65.00, 1.00, 0.00
131.00, 42.00, 50.00, 1.00, 1.00
131.00, 54.00, 57.00, 1.00, 1.00
131.00, 58.00, 59.00, 1.00, 0.00
131.00, 66.00, 64.00, 1.00, 0.00
132.00, 37.00, 47.00, 1.00, 1.00
132.75, 68.00, 65.00, 0.25, 0.00
133.00, 59.00, 60.00, 1.00, 1.00
133.00, 63.00, 62.00, 1.00, 1.00
133.00, 65.00, 63.00, 1.00, 0.00
133.00, 68.00, 65.00, 1.00, 0.00
134.00, 58.00, 59.00, 1.00, 1.00
134.00, 61.00, 61.00, 1.00, 1.00
134.00, 66.00, 64.00, 1.00, 0.00
134.00, 70.00, 66.00, 1.00, 0.00
135.00, 49.00, 54.00, 1.00, 1.00
135.00, 73.00, 68.00, 0.75, 0.00
135.75, 71.00, 67.00, 0.25, 0.00
136.00, 56.00, 58.00, 1.00, 1.00
136.00, 61.00, 61.00, 1.00, 1.00
136.00, 65.00, 63.00, 1.00, 0.00
136.00, 71.00, 67.00, 1.00, 0.00
137.00, 54.00, 57.00, 1.00, 1.00
137.00, 66.00, 64.00, 2.00, 0.00
137.00, 70.00, 66.00, 1.00, 0.00
138.00, 51.00, 55.00, 1.00, 1.00
138.00, 75.00, 69.00, 0.75, 0.00
138.75, 73.00, 68.00, 0.25, 0.00
139.00, 58.00, 59.00, 1.00, 1.00
139.00, 63.00, 62.00, 1.00, 1.00
139.00, 67.00, 64.00, 1.00, 0.00
139.00, 73.00, 68.00, 1.00, 0.00
140.00, 56.00, 58.00, 1.00, 1.00
140.00, 68.00, 65.00, 1.00, 0.00
140.00, 71.00, 67.00, 1.00, 0.00
141.00, 52.00, 55.00, 3.00, 1.00
141.00, 68.00, 64.00, 1.00, 0.00
141.00, 75.00, 69.00, 0.75, 0.00
141.75, 74.00, 68.00, 0.25, 0.00
142.00, 59.00, 59.00, 1.00, 1.00
142.00, 64.00, 62.00, 1.00, 1.00
142.00, 68.00, 64.00, 1.00, 0.00
142.00, 74.00, 68.00, 3.00, 0.00
143.00, 59.00, 59.00, 1.00, 1.00
143.00, 64.00, 62.00, 1.00, 1.00
143.00, 68.00, 64.00, 1.00, 0.00
144.00, 45.00, 51.00, 1.00, 1.00
144.00, 67.00, 64.00, 1.00, 0.00
145.00, 57.00, 58.00, 1.00, 1.00
145.00, 64.00, 62.00, 1.00, 0.00
145.00, 67.00, 64.00, 1.00, 0.00
145.00, 73.00, 67.00, 1.50, 0.00
146.00, 57.00, 58.00, 1.00, 1.00
146.00, 63.00, 61.00, 1.00, 0.00
146.00, 67.00, 64.00, 1.00, 0.00
146.50, 75.00, 68.00, 0.50, 0.00
147.00, 44.00, 50.00, 1.00, 1.00
147.00, 73.00, 67.00, 0.75, 0.00
147.75, 72.00, 66.00, 0.25, 0.00
148.00, 56.00, 57.00, 1.00, 1.00
148.00, 63.00, 61.00, 1.00, 1.00
148.00, 66.00, 63.00, 1.00, 1.00
148.00, 75.00, 68.00, 1.00, 0.00
149.00, 56.00, 57.00, 1.00, 1.00
149.00, 61.00, 60.00, 1.00, 1.00
149.00, 66.00, 63.00, 1.00, 1.00
149.00, 71.00, 66.00, 0.50, 0.00
149.50, 69.00, 65.00, 0.50, 0.00
150.00, 68.00, 64.00, 1.00, 0.00
151.00, 56.00, 57.00, 1.00, 1.00
151.00, 60.00, 59.00, 1.00, 1.00
151.00, 66.00, 63.00, 1.00, 1.00
151.00, 75.00, 68.00, 1.50, 0.00
152.00, 56.00, 57.00, 1.00, 1.00
152.00, 60.00, 59.00, 1.00, 1.00
152.00, 66.00, 63.00, 1.00, 1.00
152.50, 76.00, 69.00, 0.50, 0.00
153.00, 49.00, 53.00, 1.00, 1.00
153.00, 75.00, 68.00, 0.75, 0.00
153.75, 73.00, 67.00, 0.25, 0.00
154.00, 56.00, 57.00, 1.00, 1.00
154.00, 61.00, 60.00, 1.00, 1.00
154.00, 64.00, 62.00, 1.00, 1.00
154.00, 76.00, 69.00, 1.00, 0.00
155.00, 71.00, 66.00, 0.50, 0.00
155.50, 69.00, 65.00, 0.50, 0.00
156.00, 40.00, 48.00, 1.00, 1.00
156.00, 68.00, 64.00, 1.00, 0.00
157.00, 49.00, 53.00, 1.00, 1.00
157.00, 56.00, 57.00, 1.00, 1.00
157.00, 61.00, 60.00, 1.00, 1.00
157.00, 80.00, 71.00, 1.50, 0.00
158.00, 49.00, 53.00, 1.00, 1.00
158.00, 56.00, 57.00, 1.00, 1.00
158.00, 61.00, 60.00, 1.00, 1.00
158.50, 81.00, 72.00, 0.50, 0.00
159.00, 39.00, 47.00, 1.00, 1.00
159.00, 80.00, 71.00, 0.50, 0.00
159.50, 79.00, 70.00, 0.50, 0.00
160.00, 51.00, 54.00, 1.00, 1.00
160.00, 58.00, 58.00, 1.00, 1.00
160.00, 61.00, 60.00, 1.00, 1.00
160.00, 75.00, 68.00, 1.50, 0.00
161.00, 51.00, 54.00, 1.00, 1.00
161.00, 55.00, 56.00, 1.00, 1.00
161.00, 61.00, 60.00, 1.00, 1.00
161.50, 76.00, 69.00, 0.50, 0.00
162.00, 44.00, 50.00, 1.00, 1.00
162.00, 78.00, 70.00, 1.00, 0.00
163.00, 51.00, 54.00, 1.00, 1.00
163.00, 56.00, 57.00, 1.00, 1.00
163.00, 60.00, 59.00, 1.00, 1.00
163.00, 80.00, 71.00, 1.50, 0.00
164.00, 56.00, 57.00, 1.00, 1.00
164.00, 60.00, 59.00, 1.00, 1.00
164.00, 66.00, 63.00, 1.00, 1.00
164.50, 78.00, 70.00, 0.50, 0.00
165.00, 37.00, 46.00, 1.00, 1.00
165.00, 76.00, 69.00, 0.50, 0.00
165.50, 75.00, 68.00, 0.50, 0.00
166.00, 56.00, 57.00, 1.00, 1.00
166.00, 61.00, 60.00, 1.00, 1.00
166.00, 64.00, 62.00, 1.00, 1.00
166.00, 73.00, 67.00, 1.00, 0.00
167.00, 55.00, 56.00, 1.00, 1.00
167.00, 61.00, 60.00, 1.00, 1.00
167.00, 64.00, 62.00, 1.00, 1.00
167.00, 71.00, 66.00, 0.50, 0.00
167.50, 69.00, 65.00, 0.50, 0.00
168.00, 49.00, 53.00, 1.00, 1.00
168.00, 68.00, 64.00, 1.00, 0.00
169.00, 56.00, 57.00, 1.00, 1.00
169.00, 61.00, 60.00, 1.00, 1.00
169.00, 64.00, 62.00, 1.00, 1.00
169.00, 73.00, 67.00, 1.50, 0.00
170.00, 56.00, 57.00, 1.00, 1.00
170.00, 61.00, 60.00, 1.00, 1.00
170.00, 64.00, 62.00, 1.00, 1.00
170.50, 75.00, 68.00, 0.50, 0.00
171.00, 51.00, 54.00, 1.00, 1.00
171.00, 73.00, 67.00, 0.50, 0.00
171.50, 72.00, 66.00, 0.50, 0.00
172.00, 56.00, 57.00, 1.00, 1.00
172.00, 60.00, 59.00, 1.00, 1.00
172.00, 66.00, 63.00, 1.00, 1.00
172.00, 75.00, 68.00, 1.00, 0.00
173.00, 56.00, 57.00, 1.00, 1.00
173.00, 60.00, 59.00, 1.00, 1.00
173.00, 66.00, 63.00, 1.00, 1.00
173.00, 71.00, 66.00, 0.50, 0.00
173.50, 69.00, 65.00, 0.50, 0.00
174.00, 48.00, 52.00, 1.00, 1.00
174.00, 68.00, 64.00, 1.00, 0.00
175.00, 56.00, 57.00, 1.00, 1.00
175.00, 63.00, 61.00, 1.00, 1.00
175.00, 66.00, 63.00, 1.00, 1.00
175.00, 75.00, 68.00, 1.50, 0.00
176.00, 56.00, 57.00, 1.00, 1.00
176.00, 63.00, 61.00, 1.00, 1.00
176.00, 66.00, 63.00, 1.00, 1.00
176.50, 76.00, 69.00, 0.50, 0.00
177.00, 47.00, 52.00, 1.00, 1.00
177.00, 75.00, 68.00, 0.75, 0.00
177.75, 73.00, 67.00, 0.25, 0.00
178.00, 56.00, 57.00, 1.00, 1.00
178.00, 61.00, 60.00, 1.00, 1.00
178.00, 68.00, 64.00, 1.00, 1.00
178.00, 77.00, 69.00, 2.00, 0.00
179.00, 56.00, 57.00, 1.00, 1.00
179.00, 61.00, 60.00, 1.00, 1.00
180.00, 46.00, 51.00, 1.00, 1.00
180.00, 75.00, 68.00, 0.50, 0.00
180.50, 73.00, 67.00, 0.50, 0.00
181.00, 54.00, 56.00, 1.00, 1.00
181.00, 61.00, 60.00, 1.00, 1.00
181.00, 66.00, 63.00, 1.00, 1.00
181.00, 78.00, 70.00, 1.00, 0.00
182.00, 45.00, 51.00, 1.00, 1.00
182.00, 75.00, 68.00, 0.50, 0.00
182.50, 73.00, 67.00, 0.50, 0.00
183.00, 52.00, 55.00, 1.00, 1.00
183.00, 57.00, 58.00, 1.00, 1.00
183.00, 61.00, 60.00, 1.00, 1.00
183.00, 67.00, 63.00, 1.00, 1.00
183.00, 79.00, 70.00, 1.00, 0.00
184.00, 75.00, 68.00, 0.50, 0.00
184.50, 73.00, 67.00, 0.50, 0.00
185.00, 85.00, 74.00, 0.50, 0.00
186.00, 44.00, 50.00, 1.00, 1.00
186.00, 68.00, 64.00, 0.50, 0.00
186.50, 69.00, 65.00, 0.50, 0.00
187.00, 56.00, 57.00, 1.00, 1.00
187.00, 61.00, 60.00, 1.00, 1.00
187.00, 64.00, 62.00, 1.00, 1.00
187.00, 68.00, 64.00, 0.50, 0.00
187.50, 67.00, 63.00, 0.50, 0.00
188.00, 54.00, 56.00, 1.00, 1.00
188.00, 56.00, 57.00, 1.00, 1.00
188.00, 60.00, 59.00, 1.00, 1.00
188.00, 68.00, 64.00, 0.50, 0.00
188.50, 76.00, 69.00, 0.50, 0.00
189.00, 37.00, 46.00, 1.00, 1.00
189.00, 73.00, 67.00, 0.50, 0.00
189.50, 61.00, 60.00, 0.50, 0.00
190.00, 56.00, 57.00, 1.00, 1.00
190.00, 64.00, 62.00, 1.00, 1.00
190.00, 73.00, 67.00, 2.00, 0.00
191.00, 56.00, 57.00, 1.00, 1.00
191.00, 64.00, 62.00, 1.00, 1.00
192.00, 52.00, 55.00, 1.00, 1.00
193.00, 56.00, 57.00, 1.00, 1.00
193.00, 61.00, 60.00, 1.00, 1.00
193.00, 68.00, 64.00, 1.00, 1.00
193.00, 80.00, 71.00, 1.50, 0.00
194.00, 56.00, 57.00, 1.00, 1.00
194.00, 61.00, 60.00, 1.00, 1.00
194.00, 68.00, 64.00, 1.00, 1.00
194.50, 81.00, 72.00, 0.50, 0.00
195.00, 51.00, 54.00, 1.00, 1.00
195.00, 80.00, 71.00, 0.50, 0.00
195.50, 79.00, 70.00, 0.50, 0.00
196.00, 58.00, 58.00, 1.00, 1.00
196.00, 61.00, 60.00, 1.00, 1.00
196.00, 68.00, 64.00, 0.50, 0.00
196.00, 75.00, 68.00, 2.00, 0.00
196.50, 67.00, 63.00, 0.50, 0.00
197.00, 58.00, 58.00, 1.00, 1.00
197.00, 61.00, 60.00, 1.00, 1.00
197.00, 63.00, 61.00, 1.00, 0.00
198.00, 44.00, 50.00, 1.00, 1.00
198.00, 78.00, 70.00, 1.00, 0.00
199.00, 51.00, 54.00, 1.00, 1.00
199.00, 56.00, 57.00, 1.00, 1.00
199.00, 60.00, 59.00, 1.00, 1.00
199.00, 66.00, 63.00, 1.00, 0.00
199.00, 80.00, 71.00, 1.50, 0.00
200.00, 51.00, 54.00, 1.00, 1.00
200.00, 56.00, 57.00, 1.00, 1.00
200.00, 60.00, 59.00, 1.00, 1.00
200.00, 68.00, 64.00, 1.50, 0.00
200.50, 78.00, 70.00, 0.50, 0.00
201.00, 49.00, 53.00, 1.00, 1.00
201.00, 76.00, 69.00, 0.50, 0.00
201.50, 66.00, 63.00, 0.50, 0.00
201.50, 75.00, 68.00, 0.50, 0.00
202.00, 56.00, 57.00, 1.00, 1.00
202.00, 64.00, 62.00, 0.50, 0.00
202.00, 73.00, 67.00, 1.00, 0.00
202.50, 63.00, 61.00, 0.50, 0.00
203.00, 55.00, 56.00, 1.00, 1.00
203.00, 61.00, 60.00, 1.00, 0.00
203.00, 64.00, 62.00, 1.00, 1.00
203.00, 71.00, 66.00, 0.50, 0.00
203.50, 69.00, 65.00, 0.50, 0.00
204.00, 37.00, 46.00, 1.00, 1.00
204.00, 59.00, 59.00, 0.50, 0.00
204.00, 68.00, 64.00, 1.00, 0.00
204.50, 57.00, 58.00, 0.50, 0.00
205.00, 56.00, 57.00, 1.00, 0.00
205.00, 64.00, 62.00, 1.00, 1.00
205.00, 73.00, 67.00, 1.50, 0.00
206.00, 56.00, 57.00, 1.00, 1.00
206.00, 61.00, 60.00, 1.50, 0.00
206.00, 64.00, 62.00, 1.00, 1.00
206.50, 75.00, 68.00, 0.50, 0.00
207.00, 51.00, 54.00, 1.00, 1.00
207.00, 73.00, 67.00, 0.50, 0.00
207.50, 63.00, 61.00, 0.50, 0.00
207.50, 72.00, 66.00, 0.50, 0.00
208.00, 56.00, 57.00, 1.00, 1.00
208.00, 61.00, 60.00, 0.50, 0.00
208.00, 66.00, 63.00, 1.00, 1.00
208.00, 75.00, 68.00, 1.00, 0.00
208.50, 60.00, 59.00, 0.50, 0.00
209.00, 56.00, 57.00, 1.00, 1.00
209.00, 63.00, 61.00, 1.00, 0.00
209.00, 66.00, 63.00, 1.00, 1.00
209.00, 71.00, 66.00, 0.50, 0.00
209.50, 69.00, 65.00, 0.50, 0.00
210.00, 48.00, 52.00, 1.00, 1.00
210.00, 59.00, 59.00, 0.50, 0.00
210.00, 68.00, 64.00, 1.00, 0.00
210.50, 57.00, 58.00, 0.50, 0.00
211.00, 56.00, 57.00, 1.00, 0.00
211.00, 56.00, 57.00, 1.00, 1.00
211.00, 66.00, 63.00, 1.00, 1.00
211.00, 75.00, 68.00, 1.50, 0.00
212.00, 56.00, 57.00, 1.00, 1.00
212.00, 66.00, 63.00, 1.00, 1.00
212.50, 76.00, 69.00, 0.50, 0.00
213.00, 47.00, 52.00, 1.00, 1.00
213.00, 75.00, 68.00, 0.50, 0.00
213.50, 73.00, 67.00, 0.50, 0.00
214.00, 56.00, 57.00, 1.00, 1.00
214.00, 61.00, 60.00, 1.00, 1.00
214.00, 68.00, 64.00, 1.00, 1.00
214.00, 77.00, 69.00, 2.00, 0.00
214.00, 87.00, 75.00, 0.50, 0.00
214.50, 85.00, 74.00, 0.50, 0.00
215.00, 89.00, 76.00, 1.00, 0.00
216.00, 34.00, 44.00, 1.00, 1.00
216.00, 46.00, 51.00, 1.00, 1.00
216.00, 75.00, 68.00, 0.50, 0.00
216.50, 73.00, 67.00, 0.50, 0.00
217.00, 54.00, 56.00, 1.00, 1.00
217.00, 61.00, 60.00, 1.00, 1.00
217.00, 66.00, 63.00, 1.00, 1.00
217.00, 78.00, 70.00, 1.00, 0.00
217.00, 87.00, 75.00, 0.50, 0.00
217.50, 85.00, 74.00, 0.50, 0.00
218.00, 33.00, 44.00, 1.00, 1.00
218.00, 45.00, 51.00, 1.00, 1.00
218.00, 75.00, 68.00, 0.50, 0.00
218.00, 90.00, 77.00, 1.00, 0.00
218.50, 73.00, 67.00, 0.50, 0.00
219.00, 57.00, 58.00, 1.00, 1.00
219.00, 61.00, 60.00, 1.00, 1.00
219.00, 67.00, 63.00, 1.00, 1.00
219.00, 79.00, 70.00, 1.00, 0.00
219.00, 87.00, 75.00, 0.50, 0.00
219.50, 85.00, 74.00, 0.50, 0.00
220.00, 75.00, 68.00, 0.50, 0.00
220.00, 91.00, 77.00, 1.00, 0.00
220.50, 73.00, 67.00, 0.50, 0.00
221.00, 97.00, 81.00, 0.50, 0.00
222.00, 32.00, 43.00, 1.00, 1.00
222.00, 44.00, 50.00, 1.00, 1.00
222.00, 56.00, 57.00, 0.50, 1.00
222.50, 57.00, 58.00, 0.50, 1.00
223.00, 52.00, 55.00, 1.00, 1.00
223.00, 56.00, 57.00, 0.50, 1.00
223.00, 61.00, 60.00, 1.00, 1.00
223.50, 55.00, 56.00, 0.50, 1.00
224.00, 54.00, 56.00, 1.00, 1.00
224.00, 56.00, 57.00, 0.50, 1.00
224.00, 60.00, 59.00, 1.00, 1.00
224.50, 64.00, 62.00, 0.50, 1.00
225.00, 37.00, 46.00, 1.00, 1.00
225.00, 61.00, 60.00, 0.75, 1.00
225.75, 49.00, 53.00, 0.25, 1.00
226.00, 61.00, 60.00, 2.00, 0.00
226.00, 64.00, 62.00, 1.00, 1.00
226.00, 73.00, 67.00, 1.00, 1.00
