ontime, MNN, MPN, duration, channel
0.00, 41.00, 49.00, 0.50, 1.00
0.00, 48.00, 53.00, 4.00, 1.00
0.50, 40.00, 48.00, 0.50, 1.00
1.00, 36.00, 46.00, 2.00, 1.00
3.00, 41.00, 49.00, 3.50, 1.00
4.00, 49.00, 54.00, 1.00, 1.00
5.00, 47.00, 52.00, 1.00, 1.00
6.00, 48.00, 53.00, 4.00, 1.00
6.50, 40.00, 48.00, 0.50, 1.00
7.00, 36.00, 46.00, 2.00, 1.00
9.00, 41.00, 49.00, 3.50, 1.00
10.00, 49.00, 54.00, 1.00, 1.00
11.00, 47.00, 52.00, 1.00, 1.00
12.00, 48.00, 53.00, 12.00, 1.00
12.50, 40.00, 48.00, 0.50, 1.00
13.00, 36.00, 46.00, 2.00, 1.00
15.00, 41.00, 49.00, 1.00, 1.00
15.00, 48.00, 53.00, 3.00, 1.00
16.00, 41.00, 49.00, 0.50, 1.00
16.50, 40.00, 48.00, 0.50, 1.00
17.00, 36.00, 46.00, 1.00, 1.00
18.00, 41.00, 49.00, 0.50, 1.00
18.00, 48.00, 53.00, 3.00, 1.00
18.50, 40.00, 48.00, 0.50, 1.00
19.00, 36.00, 46.00, 1.00, 1.00
20.00, 36.00, 46.00, 1.00, 1.00
21.00, 41.00, 49.00, 0.50, 1.00
21.50, 40.00, 48.00, 0.50, 1.00
22.00, 41.00, 49.00, 0.50, 1.00
22.50, 40.00, 48.00, 0.50, 1.00
23.00, 36.00, 46.00, 0.50, 1.00
23.50, 36.00, 46.00, 0.50, 1.00
24.00, 41.00, 49.00, 1.00, 1.00
24.00, 65.00, 63.00, 0.50, 0.00
24.75, 67.00, 64.00, 0.25, 0.00
25.00, 41.00, 49.00, 1.00, 1.00
25.00, 48.00, 53.00, 1.00, 1.00
25.00, 56.00, 58.00, 1.00, 1.00
25.00, 68.00, 65.00, 0.50, 0.00
25.50, 70.00, 66.00, 0.50, 0.00
26.00, 41.00, 49.00, 1.00, 1.00
26.00, 48.00, 53.00, 1.00, 1.00
26.00, 56.00, 58.00, 1.00, 1.00
26.00, 72.00, 67.00, 0.50, 0.00
26.50, 68.00, 65.00, 0.50, 0.00
27.00, 67.00, 64.00, 0.33, 0.00
27.33, 68.00, 65.00, 0.33, 0.00
27.67, 67.00, 64.00, 0.33, 0.00
28.00, 41.00, 49.00, 1.00, 1.00
28.00, 48.00, 53.00, 1.00, 1.00
28.00, 56.00, 58.00, 1.00, 1.00
28.00, 65.00, 63.00, 1.00, 0.00
29.00, 41.00, 49.00, 1.00, 1.00
29.00, 48.00, 53.00, 1.00, 1.00
29.00, 56.00, 58.00, 1.00, 1.00
29.00, 77.00, 70.00, 1.00, 0.00
30.00, 70.00, 66.00, 0.50, 0.00
30.75, 72.00, 67.00, 0.25, 0.00
31.00, 46.00, 52.00, 1.00, 1.00
31.00, 53.00, 56.00, 1.00, 1.00
31.00, 61.00, 61.00, 1.00, 1.00
31.00, 73.00, 68.00, 0.50, 0.00
31.50, 75.00, 69.00, 0.50, 0.00
32.00, 46.00, 52.00, 1.00, 1.00
32.00, 53.00, 56.00, 1.00, 1.00
32.00, 61.00, 61.00, 1.00, 1.00
32.00, 77.00, 70.00, 0.50, 0.00
32.50, 73.00, 68.00, 0.50, 0.00
33.00, 73.00, 68.00, 0.33, 0.00
33.33, 75.00, 69.00, 0.33, 0.00
33.67, 73.00, 68.00, 0.33, 0.00
34.00, 41.00, 49.00, 1.00, 1.00
34.00, 48.00, 53.00, 1.00, 1.00
34.00, 56.00, 58.00, 1.00, 1.00
34.00, 72.00, 67.00, 1.00, 0.00
35.00, 41.00, 49.00, 1.00, 1.00
35.00, 48.00, 53.00, 1.00, 1.00
35.00, 56.00, 58.00, 1.00, 1.00
35.00, 68.00, 65.00, 1.00, 0.00
36.00, 65.00, 63.00, 0.50, 0.00
36.75, 67.00, 64.00, 0.25, 0.00
37.00, 41.00, 49.00, 1.00, 1.00
37.00, 48.00, 53.00, 1.00, 1.00
37.00, 56.00, 58.00, 1.00, 1.00
37.00, 68.00, 65.00, 0.50, 0.00
37.50, 70.00, 66.00, 0.50, 0.00
38.00, 41.00, 49.00, 1.00, 1.00
38.00, 48.00, 53.00, 1.00, 1.00
38.00, 56.00, 58.00, 1.00, 1.00
38.00, 72.00, 67.00, 0.50, 0.00
38.50, 68.00, 65.00, 0.50, 0.00
39.00, 67.00, 64.00, 0.33, 0.00
39.33, 68.00, 65.00, 0.33, 0.00
39.67, 67.00, 64.00, 0.33, 0.00
40.00, 41.00, 49.00, 1.00, 1.00
40.00, 48.00, 53.00, 1.00, 1.00
40.00, 56.00, 58.00, 1.00, 1.00
40.00, 65.00, 63.00, 1.00, 0.00
41.00, 41.00, 49.00, 1.00, 1.00
41.00, 48.00, 53.00, 1.00, 1.00
41.00, 56.00, 58.00, 1.00, 1.00
41.00, 72.00, 67.00, 1.00, 0.00
42.00, 60.00, 60.00, 0.50, 0.00
42.75, 62.00, 61.00, 0.25, 0.00
43.00, 43.00, 50.00, 1.00, 1.00
43.00, 51.00, 55.00, 1.00, 1.00
43.00, 55.00, 57.00, 1.00, 1.00
43.00, 63.00, 62.00, 0.50, 0.00
43.50, 65.00, 63.00, 0.50, 0.00
44.00, 43.00, 50.00, 1.00, 1.00
44.00, 50.00, 54.00, 1.00, 1.00
44.00, 55.00, 57.00, 1.00, 1.00
44.00, 67.00, 64.00, 0.50, 0.00
44.50, 59.00, 59.00, 0.50, 0.00
45.00, 60.00, 60.00, 1.50, 0.00
46.00, 48.00, 53.00, 1.00, 1.00
46.00, 55.00, 57.00, 1.00, 1.00
46.00, 64.00, 62.00, 1.00, 1.00
46.50, 60.00, 60.00, 0.50, 0.00
47.00, 48.00, 53.00, 1.00, 1.00
47.00, 58.00, 59.00, 1.00, 1.00
47.00, 61.00, 61.00, 0.50, 0.00
47.00, 64.00, 62.00, 1.00, 1.00
47.75, 60.00, 60.00, 0.25, 0.00
48.00, 65.00, 63.00, 0.50, 0.00
48.75, 67.00, 64.00, 0.25, 0.00
49.00, 41.00, 49.00, 1.00, 1.00
49.00, 48.00, 53.00, 1.00, 1.00
49.00, 56.00, 58.00, 1.00, 1.00
49.00, 68.00, 65.00, 0.50, 0.00
49.50, 70.00, 66.00, 0.50, 0.00
50.00, 41.00, 49.00, 1.00, 1.00
50.00, 48.00, 53.00, 1.00, 1.00
50.00, 56.00, 58.00, 1.00, 1.00
50.00, 72.00, 67.00, 0.50, 0.00
50.50, 68.00, 65.00, 0.50, 0.00
51.00, 67.00, 64.00, 0.33, 0.00
51.33, 68.00, 65.00, 0.33, 0.00
51.67, 67.00, 64.00, 0.33, 0.00
52.00, 41.00, 49.00, 1.00, 1.00
52.00, 48.00, 53.00, 1.00, 1.00
52.00, 56.00, 58.00, 1.00, 1.00
52.00, 65.00, 63.00, 1.00, 0.00
53.00, 41.00, 49.00, 1.00, 1.00
53.00, 48.00, 53.00, 1.00, 1.00
53.00, 56.00, 58.00, 1.00, 1.00
53.00, 77.00, 70.00, 1.00, 0.00
54.00, 70.00, 66.00, 0.50, 0.00
54.75, 72.00, 67.00, 0.25, 0.00
55.00, 46.00, 52.00, 1.00, 1.00
55.00, 53.00, 56.00, 1.00, 1.00
55.00, 61.00, 61.00, 1.00, 1.00
55.00, 73.00, 68.00, 0.50, 0.00
55.50, 75.00, 69.00, 0.50, 0.00
56.00, 46.00, 52.00, 1.00, 1.00
56.00, 53.00, 56.00, 1.00, 1.00
56.00, 61.00, 61.00, 1.00, 1.00
56.00, 77.00, 70.00, 0.50, 0.00
56.50, 73.00, 68.00, 0.50, 0.00
57.00, 73.00, 68.00, 0.33, 0.00
57.33, 75.00, 69.00, 0.33, 0.00
57.67, 73.00, 68.00, 0.33, 0.00
58.00, 41.00, 49.00, 1.00, 1.00
58.00, 48.00, 53.00, 1.00, 1.00
58.00, 56.00, 58.00, 1.00, 1.00
58.00, 72.00, 67.00, 1.00, 0.00
59.00, 41.00, 49.00, 1.00, 1.00
59.00, 48.00, 53.00, 1.00, 1.00
59.00, 56.00, 58.00, 1.00, 1.00
59.00, 68.00, 65.00, 1.00, 0.00
60.00, 65.00, 63.00, 0.50, 0.00
60.75, 67.00, 64.00, 0.25, 0.00
61.00, 41.00, 49.00, 1.00, 1.00
61.00, 48.00, 53.00, 1.00, 1.00
61.00, 56.00, 58.00, 1.00, 1.00
61.00, 68.00, 65.00, 0.50, 0.00
61.50, 70.00, 66.00, 0.50, 0.00
62.00, 41.00, 49.00, 1.00, 1.00
62.00, 48.00, 53.00, 1.00, 1.00
62.00, 56.00, 58.00, 1.00, 1.00
62.00, 72.00, 67.00, 0.50, 0.00
62.50, 68.00, 65.00, 0.50, 0.00
63.00, 67.00, 64.00, 0.33, 0.00
63.33, 68.00, 65.00, 0.33, 0.00
63.67, 67.00, 64.00, 0.33, 0.00
64.00, 41.00, 49.00, 1.00, 1.00
64.00, 48.00, 53.00, 1.00, 1.00
64.00, 56.00, 58.00, 1.00, 1.00
64.00, 65.00, 63.00, 1.00, 0.00
65.00, 41.00, 49.00, 1.00, 1.00
65.00, 48.00, 53.00, 1.00, 1.00
65.00, 56.00, 58.00, 1.00, 1.00
65.00, 72.00, 67.00, 1.00, 0.00
66.00, 60.00, 60.00, 0.50, 0.00
66.75, 62.00, 61.00, 0.25, 0.00
67.00, 43.00, 50.00, 1.00, 1.00
67.00, 51.00, 55.00, 1.00, 1.00
67.00, 55.00, 57.00, 1.00, 1.00
67.00, 63.00, 62.00, 0.50, 0.00
67.50, 65.00, 63.00, 0.50, 0.00
68.00, 43.00, 50.00, 1.00, 1.00
68.00, 50.00, 54.00, 1.00, 1.00
68.00, 55.00, 57.00, 1.00, 1.00
68.00, 67.00, 64.00, 0.50, 0.00
68.50, 59.00, 59.00, 0.50, 0.00
69.00, 60.00, 60.00, 2.00, 0.00
70.00, 48.00, 53.00, 3.00, 1.00
71.00, 72.00, 67.00, 1.00, 0.00
72.00, 70.00, 66.00, 0.50, 0.00
72.50, 68.00, 65.00, 0.50, 0.00
73.00, 60.00, 60.00, 1.00, 1.00
73.00, 67.00, 64.00, 1.00, 0.00
74.00, 60.00, 60.00, 1.00, 1.00
74.00, 67.00, 64.00, 0.50, 0.00
74.50, 68.00, 65.00, 0.50, 0.00
75.00, 53.00, 56.00, 1.00, 1.00
75.00, 56.00, 58.00, 1.00, 1.00
75.00, 60.00, 60.00, 1.00, 1.00
75.00, 65.00, 63.00, 0.50, 0.00
75.50, 67.00, 64.00, 0.50, 0.00
76.00, 53.00, 56.00, 1.00, 1.00
76.00, 56.00, 58.00, 1.00, 1.00
76.00, 60.00, 60.00, 1.00, 1.00
76.00, 68.00, 65.00, 1.00, 0.00
77.00, 53.00, 56.00, 1.00, 1.00
77.00, 56.00, 58.00, 1.00, 1.00
77.00, 60.00, 60.00, 1.00, 1.00
77.00, 68.00, 65.00, 0.50, 0.00
77.50, 72.00, 67.00, 0.50, 0.00
78.00, 53.00, 56.00, 1.00, 1.00
78.00, 55.00, 57.00, 1.00, 1.00
78.00, 60.00, 60.00, 1.00, 1.00
78.00, 70.00, 66.00, 0.50, 0.00
78.50, 68.00, 65.00, 0.50, 0.00
79.00, 53.00, 56.00, 1.00, 1.00
79.00, 58.00, 59.00, 1.00, 1.00
79.00, 60.00, 60.00, 1.00, 1.00
79.00, 67.00, 64.00, 0.50, 0.00
79.50, 65.00, 63.00, 0.50, 0.00
80.00, 53.00, 56.00, 1.00, 1.00
80.00, 58.00, 59.00, 1.00, 1.00
80.00, 60.00, 60.00, 1.00, 1.00
80.00, 67.00, 64.00, 0.50, 0.00
80.50, 68.00, 65.00, 0.50, 0.00
81.00, 53.00, 56.00, 1.00, 1.00
81.00, 56.00, 58.00, 1.00, 1.00
81.00, 60.00, 60.00, 1.00, 1.00
81.00, 65.00, 63.00, 0.50, 0.00
81.75, 67.00, 64.00, 0.25, 0.00
82.00, 53.00, 56.00, 1.00, 1.00
82.00, 56.00, 58.00, 1.00, 1.00
82.00, 60.00, 60.00, 1.00, 1.00
82.00, 68.00, 65.00, 0.50, 0.00
82.50, 70.00, 66.00, 0.50, 0.00
83.00, 53.00, 56.00, 1.00, 1.00
83.00, 56.00, 58.00, 1.00, 1.00
83.00, 58.00, 59.00, 1.00, 1.00
83.00, 72.00, 67.00, 0.50, 0.00
83.50, 73.00, 68.00, 0.50, 0.00
84.00, 39.00, 48.00, 1.00, 1.00
84.00, 77.00, 70.00, 0.75, 0.00
84.75, 75.00, 69.00, 0.25, 0.00
85.00, 51.00, 55.00, 1.00, 1.00
85.00, 55.00, 57.00, 1.00, 1.00
85.00, 61.00, 61.00, 1.00, 1.00
85.00, 73.00, 68.00, 1.00, 0.00
86.00, 51.00, 55.00, 1.00, 1.00
86.00, 55.00, 57.00, 1.00, 1.00
86.00, 61.00, 61.00, 1.00, 1.00
86.00, 72.00, 67.00, 0.50, 0.00
86.50, 70.00, 66.00, 0.50, 0.00
87.00, 44.00, 51.00, 1.00, 1.00
87.00, 68.00, 65.00, 0.50, 0.00
87.50, 70.00, 66.00, 0.50, 0.00
88.00, 51.00, 55.00, 1.00, 1.00
88.00, 56.00, 58.00, 1.00, 1.00
88.00, 60.00, 60.00, 1.00, 1.00
88.00, 72.00, 67.00, 1.00, 0.00
89.00, 51.00, 55.00, 1.00, 1.00
89.00, 56.00, 58.00, 1.00, 1.00
89.00, 60.00, 60.00, 1.00, 1.00
89.00, 72.00, 67.00, 0.50, 0.00
89.50, 73.00, 68.00, 0.50, 0.00
90.00, 39.00, 48.00, 1.00, 1.00
90.00, 77.00, 70.00, 0.50, 0.00
90.75, 75.00, 69.00, 0.25, 0.00
91.00, 51.00, 55.00, 1.00, 1.00
91.00, 55.00, 57.00, 1.00, 1.00
91.00, 61.00, 61.00, 1.00, 1.00
91.00, 73.00, 68.00, 1.00, 0.00
92.00, 51.00, 55.00, 1.00, 1.00
92.00, 55.00, 57.00, 1.00, 1.00
92.00, 61.00, 61.00, 1.00, 1.00
92.00, 72.00, 67.00, 0.50, 0.00
92.50, 70.00, 66.00, 0.50, 0.00
93.00, 44.00, 51.00, 1.00, 1.00
93.00, 68.00, 65.00, 0.50, 0.00
93.50, 70.00, 66.00, 0.50, 0.00
94.00, 51.00, 55.00, 0.50, 1.00
94.00, 56.00, 58.00, 1.00, 1.00
94.00, 60.00, 60.00, 1.00, 1.00
94.00, 72.00, 67.00, 2.00, 0.00
94.50, 52.00, 55.00, 0.50, 1.00
95.00, 53.00, 56.00, 1.00, 1.00
95.00, 56.00, 58.00, 1.00, 1.00
95.00, 60.00, 60.00, 1.00, 1.00
96.00, 53.00, 56.00, 1.00, 1.00
96.00, 55.00, 57.00, 1.00, 1.00
96.00, 60.00, 60.00, 1.00, 1.00
96.00, 70.00, 66.00, 0.50, 0.00
96.50, 68.00, 65.00, 0.50, 0.00
97.00, 53.00, 56.00, 1.00, 1.00
97.00, 58.00, 59.00, 1.00, 1.00
97.00, 60.00, 60.00, 1.00, 1.00
97.00, 67.00, 64.00, 1.00, 0.00
98.00, 53.00, 56.00, 1.00, 1.00
98.00, 58.00, 59.00, 1.00, 1.00
98.00, 60.00, 60.00, 1.00, 1.00
98.00, 67.00, 64.00, 0.50, 0.00
98.50, 68.00, 65.00, 0.50, 0.00
99.00, 53.00, 56.00, 1.00, 1.00
99.00, 56.00, 58.00, 1.00, 1.00
99.00, 60.00, 60.00, 1.00, 1.00
99.00, 65.00, 63.00, 0.50, 0.00
99.50, 67.00, 64.00, 0.50, 0.00
100.00, 53.00, 56.00, 1.00, 1.00
100.00, 56.00, 58.00, 1.00, 1.00
100.00, 60.00, 60.00, 1.00, 1.00
100.00, 68.00, 65.00, 1.00, 0.00
101.00, 53.00, 56.00, 1.00, 1.00
101.00, 56.00, 58.00, 1.00, 1.00
101.00, 60.00, 60.00, 1.00, 1.00
101.00, 68.00, 65.00, 0.50, 0.00
101.50, 72.00, 67.00, 0.50, 0.00
102.00, 53.00, 56.00, 1.00, 1.00
102.00, 55.00, 57.00, 1.00, 1.00
102.00, 60.00, 60.00, 1.00, 1.00
102.00, 70.00, 66.00, 0.50, 0.00
102.50, 68.00, 65.00, 0.50, 0.00
103.00, 53.00, 56.00, 1.00, 1.00
103.00, 58.00, 59.00, 1.00, 1.00
103.00, 60.00, 60.00, 1.00, 1.00
103.00, 67.00, 64.00, 0.50, 0.00
103.50, 65.00, 63.00, 0.50, 0.00
104.00, 53.00, 56.00, 1.00, 1.00
104.00, 58.00, 59.00, 1.00, 1.00
104.00, 60.00, 60.00, 1.00, 1.00
104.00, 67.00, 64.00, 0.50, 0.00
104.50, 68.00, 65.00, 0.50, 0.00
105.00, 53.00, 56.00, 1.00, 1.00
105.00, 56.00, 58.00, 1.00, 1.00
105.00, 60.00, 60.00, 1.00, 1.00
105.00, 65.00, 63.00, 0.50, 0.00
105.75, 67.00, 64.00, 0.25, 0.00
106.00, 53.00, 56.00, 1.00, 1.00
106.00, 56.00, 58.00, 1.00, 1.00
106.00, 60.00, 60.00, 1.00, 1.00
106.00, 68.00, 65.00, 0.50, 0.00
106.50, 70.00, 66.00, 0.50, 0.00
107.00, 53.00, 56.00, 1.00, 1.00
107.00, 56.00, 58.00, 1.00, 1.00
107.00, 58.00, 59.00, 1.00, 1.00
107.00, 72.00, 67.00, 0.50, 0.00
107.50, 73.00, 68.00, 0.50, 0.00
108.00, 39.00, 48.00, 1.00, 1.00
108.00, 77.00, 70.00, 0.75, 0.00
108.75, 75.00, 69.00, 0.25, 0.00
109.00, 51.00, 55.00, 1.00, 1.00
109.00, 55.00, 57.00, 1.00, 1.00
109.00, 61.00, 61.00, 1.00, 1.00
109.00, 73.00, 68.00, 1.00, 0.00
110.00, 51.00, 55.00, 1.00, 1.00
110.00, 55.00, 57.00, 1.00, 1.00
110.00, 61.00, 61.00, 1.00, 1.00
110.00, 72.00, 67.00, 0.50, 0.00
110.50, 70.00, 66.00, 0.50, 0.00
111.00, 44.00, 51.00, 1.00, 1.00
111.00, 68.00, 65.00, 0.50, 0.00
111.50, 70.00, 66.00, 0.50, 0.00
112.00, 51.00, 55.00, 1.00, 1.00
112.00, 56.00, 58.00, 1.00, 1.00
112.00, 60.00, 60.00, 1.00, 1.00
112.00, 72.00, 67.00, 1.00, 0.00
113.00, 51.00, 55.00, 1.00, 1.00
113.00, 56.00, 58.00, 1.00, 1.00
113.00, 60.00, 60.00, 1.00, 1.00
113.00, 72.00, 67.00, 0.50, 0.00
113.50, 73.00, 68.00, 0.50, 0.00
114.00, 39.00, 48.00, 1.00, 1.00
114.00, 77.00, 70.00, 0.50, 0.00
114.75, 75.00, 69.00, 0.25, 0.00
115.00, 51.00, 55.00, 1.00, 1.00
115.00, 55.00, 57.00, 1.00, 1.00
115.00, 61.00, 61.00, 1.00, 1.00
115.00, 73.00, 68.00, 1.00, 0.00
116.00, 51.00, 55.00, 1.00, 1.00
116.00, 55.00, 57.00, 1.00, 1.00
116.00, 61.00, 61.00, 1.00, 1.00
116.00, 72.00, 67.00, 0.50, 0.00
116.50, 70.00, 66.00, 0.50, 0.00
117.00, 44.00, 51.00, 1.00, 1.00
117.00, 68.00, 65.00, 0.50, 0.00
117.75, 70.00, 66.00, 0.25, 0.00
118.00, 51.00, 55.00, 1.00, 1.00
118.00, 60.00, 60.00, 1.00, 1.00
118.00, 72.00, 67.00, 1.00, 0.00
119.00, 44.00, 51.00, 1.00, 1.00
119.00, 68.00, 65.00, 0.50, 0.00
119.50, 72.00, 67.00, 0.50, 0.00
120.00, 44.00, 51.00, 3.00, 1.00
120.00, 51.00, 55.00, 1.00, 1.00
120.00, 56.00, 58.00, 1.00, 1.00
120.00, 60.00, 60.00, 1.00, 1.00
120.00, 66.00, 64.00, 0.75, 0.00
120.00, 68.00, 65.00, 0.75, 0.00
120.00, 75.00, 69.00, 0.75, 0.00
120.75, 66.00, 64.00, 0.25, 0.00
120.75, 68.00, 65.00, 0.25, 0.00
120.75, 75.00, 69.00, 0.25, 0.00
121.00, 51.00, 55.00, 1.00, 1.00
121.00, 56.00, 58.00, 1.00, 1.00
121.00, 60.00, 60.00, 1.00, 1.00
121.00, 66.00, 64.00, 1.00, 0.00
121.00, 68.00, 65.00, 1.00, 0.00
121.00, 77.00, 70.00, 1.00, 0.00
122.00, 51.00, 55.00, 1.00, 1.00
122.00, 56.00, 58.00, 1.00, 1.00
122.00, 60.00, 60.00, 1.00, 1.00
122.00, 66.00, 64.00, 1.00, 0.00
122.00, 68.00, 65.00, 1.00, 0.00
122.00, 75.00, 69.00, 1.00, 0.00
123.00, 49.00, 54.00, 1.00, 1.00
123.00, 56.00, 58.00, 1.00, 1.00
123.00, 61.00, 61.00, 1.00, 1.00
123.00, 65.00, 63.00, 0.50, 0.00
123.00, 68.00, 65.00, 0.50, 0.00
123.00, 73.00, 68.00, 0.50, 0.00
123.75, 65.00, 63.00, 0.25, 0.00
123.75, 68.00, 65.00, 0.25, 0.00
123.75, 77.00, 70.00, 0.25, 0.00
124.00, 49.00, 54.00, 2.00, 1.00
124.00, 56.00, 58.00, 2.00, 1.00
124.00, 65.00, 63.00, 2.00, 1.00
124.00, 68.00, 65.00, 2.00, 0.00
124.00, 73.00, 68.00, 2.00, 0.00
124.00, 80.00, 72.00, 2.00, 0.00
126.00, 54.00, 57.00, 0.50, 1.00
126.00, 58.00, 59.00, 0.50, 1.00
126.00, 61.00, 61.00, 0.50, 1.00
126.00, 66.00, 64.00, 0.50, 0.00
126.00, 70.00, 66.00, 0.50, 0.00
126.75, 54.00, 57.00, 0.25, 1.00
126.75, 58.00, 59.00, 0.25, 1.00
126.75, 61.00, 61.00, 1.25, 1.00
126.75, 66.00, 64.00, 0.25, 0.00
126.75, 72.00, 67.00, 0.25, 0.00
127.00, 49.00, 54.00, 1.00, 1.00
127.00, 56.00, 58.00, 1.00, 1.00
127.00, 65.00, 63.00, 2.00, 0.00
127.00, 73.00, 68.00, 1.00, 0.00
128.00, 37.00, 47.00, 1.00, 1.00
128.00, 68.00, 65.00, 1.00, 0.00
129.00, 54.00, 57.00, 0.50, 1.00
129.00, 58.00, 59.00, 0.50, 1.00
129.00, 61.00, 61.00, 0.50, 1.00
129.00, 66.00, 64.00, 0.50, 0.00
129.00, 70.00, 66.00, 0.50, 0.00
129.75, 54.00, 57.00, 0.25, 1.00
129.75, 58.00, 59.00, 0.25, 1.00
129.75, 61.00, 61.00, 1.25, 1.00
129.75, 66.00, 64.00, 0.25, 0.00
129.75, 72.00, 67.00, 0.25, 0.00
130.00, 49.00, 54.00, 1.00, 1.00
130.00, 56.00, 58.00, 1.00, 1.00
130.00, 65.00, 63.00, 2.00, 0.00
130.00, 73.00, 68.00, 1.00, 0.00
131.00, 37.00, 47.00, 1.00, 1.00
131.00, 68.00, 65.00, 1.00, 0.00
132.00, 44.00, 51.00, 1.00, 1.00
132.00, 51.00, 55.00, 1.00, 1.00
132.00, 60.00, 60.00, 1.00, 1.00
132.00, 66.00, 64.00, 0.50, 0.00
132.00, 68.00, 65.00, 0.50, 0.00
132.00, 75.00, 69.00, 0.50, 0.00
132.75, 66.00, 64.00, 0.25, 0.00
132.75, 68.00, 65.00, 0.25, 0.00
132.75, 75.00, 69.00, 0.25, 0.00
133.00, 44.00, 51.00, 2.00, 1.00
133.00, 51.00, 55.00, 1.00, 1.00
133.00, 56.00, 58.00, 1.00, 1.00
133.00, 60.00, 60.00, 1.00, 1.00
133.00, 66.00, 64.00, 1.00, 0.00
133.00, 68.00, 65.00, 1.00, 0.00
133.00, 77.00, 70.00, 1.00, 0.00
134.00, 51.00, 55.00, 1.00, 1.00
134.00, 56.00, 58.00, 1.00, 1.00
134.00, 60.00, 60.00, 1.00, 1.00
134.00, 66.00, 64.00, 1.00, 0.00
134.00, 68.00, 65.00, 1.00, 0.00
134.00, 75.00, 69.00, 1.00, 0.00
135.00, 49.00, 54.00, 1.00, 1.00
135.00, 56.00, 58.00, 1.00, 1.00
135.00, 61.00, 61.00, 1.00, 1.00
135.00, 65.00, 63.00, 0.50, 0.00
135.00, 68.00, 65.00, 0.50, 0.00
135.00, 73.00, 68.00, 0.50, 0.00
135.75, 65.00, 63.00, 0.25, 0.00
135.75, 68.00, 65.00, 0.25, 0.00
135.75, 77.00, 70.00, 0.25, 0.00
136.00, 49.00, 54.00, 2.00, 1.00
136.00, 56.00, 58.00, 2.00, 1.00
136.00, 65.00, 63.00, 2.00, 1.00
136.00, 68.00, 65.00, 2.00, 0.00
136.00, 73.00, 68.00, 2.00, 0.00
136.00, 80.00, 72.00, 2.00, 0.00
138.00, 39.00, 48.00, 1.00, 1.00
138.00, 51.00, 55.00, 0.50, 1.00
138.00, 63.00, 62.00, 0.50, 0.00
138.00, 67.00, 64.00, 0.50, 0.00
138.00, 72.00, 67.00, 0.50, 0.00
138.75, 51.00, 55.00, 1.25, 1.00
138.75, 61.00, 61.00, 0.25, 0.00
138.75, 67.00, 64.00, 0.25, 0.00
138.75, 70.00, 66.00, 0.25, 0.00
139.00, 44.00, 51.00, 2.00, 1.00
139.00, 63.00, 62.00, 2.00, 0.00
139.00, 72.00, 67.00, 1.00, 0.00
140.00, 51.00, 55.00, 1.50, 1.00
140.00, 60.00, 60.00, 1.00, 0.00
140.00, 68.00, 65.00, 1.00, 0.00
141.00, 39.00, 48.00, 1.00, 1.00
141.00, 63.00, 62.00, 0.50, 0.00
141.00, 67.00, 64.00, 0.50, 0.00
141.00, 72.00, 67.00, 0.50, 0.00
141.75, 51.00, 55.00, 1.25, 1.00
141.75, 61.00, 61.00, 0.25, 0.00
141.75, 67.00, 64.00, 0.25, 0.00
141.75, 70.00, 66.00, 0.25, 0.00
142.00, 44.00, 51.00, 2.00, 1.00
142.00, 63.00, 62.00, 2.00, 0.00
142.00, 72.00, 67.00, 1.00, 0.00
143.00, 51.00, 55.00, 1.00, 1.00
143.00, 60.00, 60.00, 1.00, 0.00
143.00, 68.00, 65.00, 1.00, 0.00
144.00, 44.00, 51.00, 1.00, 1.00
144.00, 51.00, 55.00, 1.00, 1.00
144.00, 60.00, 60.00, 1.00, 1.00
144.00, 66.00, 64.00, 0.75, 0.00
144.00, 68.00, 65.00, 0.75, 0.00
144.00, 75.00, 69.00, 0.75, 0.00
144.75, 66.00, 64.00, 0.25, 0.00
144.75, 68.00, 65.00, 0.25, 0.00
144.75, 75.00, 69.00, 0.25, 0.00
145.00, 44.00, 51.00, 2.00, 1.00
145.00, 51.00, 55.00, 1.00, 1.00
145.00, 56.00, 58.00, 1.00, 1.00
145.00, 60.00, 60.00, 1.00, 1.00
145.00, 66.00, 64.00, 1.00, 0.00
145.00, 68.00, 65.00, 1.00, 0.00
145.00, 77.00, 70.00, 1.00, 0.00
146.00, 51.00, 55.00, 1.00, 1.00
146.00, 56.00, 58.00, 1.00, 1.00
146.00, 60.00, 60.00, 1.00, 1.00
146.00, 66.00, 64.00, 1.00, 0.00
146.00, 68.00, 65.00, 1.00, 0.00
146.00, 75.00, 69.00, 1.00, 0.00
147.00, 49.00, 54.00, 1.00, 1.00
147.00, 56.00, 58.00, 1.00, 1.00
147.00, 61.00, 61.00, 1.00, 1.00
147.00, 65.00, 63.00, 0.50, 0.00
147.00, 68.00, 65.00, 0.50, 0.00
147.00, 73.00, 68.00, 0.50, 0.00
147.75, 65.00, 63.00, 0.25, 0.00
147.75, 68.00, 65.00, 0.25, 0.00
147.75, 77.00, 70.00, 0.25, 0.00
148.00, 49.00, 54.00, 2.00, 1.00
148.00, 56.00, 58.00, 2.00, 1.00
148.00, 65.00, 63.00, 2.00, 1.00
148.00, 68.00, 65.00, 2.00, 0.00
148.00, 73.00, 68.00, 2.00, 0.00
148.00, 80.00, 72.00, 2.00, 0.00
150.00, 54.00, 57.00, 0.50, 1.00
150.00, 58.00, 59.00, 0.50, 1.00
150.00, 61.00, 61.00, 0.50, 1.00
150.00, 66.00, 64.00, 0.50, 0.00
150.00, 70.00, 66.00, 0.50, 0.00
150.75, 54.00, 57.00, 0.25, 1.00
150.75, 58.00, 59.00, 0.25, 1.00
150.75, 61.00, 61.00, 1.25, 1.00
150.75, 66.00, 64.00, 0.25, 0.00
150.75, 72.00, 67.00, 0.25, 0.00
151.00, 49.00, 54.00, 1.00, 1.00
151.00, 56.00, 58.00, 1.00, 1.00
151.00, 65.00, 63.00, 2.00, 0.00
151.00, 73.00, 68.00, 1.00, 0.00
152.00, 37.00, 47.00, 1.00, 1.00
152.00, 68.00, 65.00, 1.00, 0.00
153.00, 54.00, 57.00, 0.50, 1.00
153.00, 58.00, 59.00, 0.50, 1.00
153.00, 61.00, 61.00, 0.50, 1.00
153.00, 66.00, 64.00, 0.50, 0.00
153.00, 70.00, 66.00, 0.50, 0.00
153.75, 54.00, 57.00, 0.25, 1.00
153.75, 58.00, 59.00, 0.25, 1.00
153.75, 61.00, 61.00, 1.25, 1.00
153.75, 66.00, 64.00, 0.25, 0.00
153.75, 72.00, 67.00, 0.25, 0.00
154.00, 49.00, 54.00, 1.00, 1.00
154.00, 56.00, 58.00, 1.00, 1.00
154.00, 65.00, 63.00, 2.00, 0.00
154.00, 73.00, 68.00, 1.00, 0.00
155.00, 37.00, 47.00, 1.00, 1.00
155.00, 68.00, 65.00, 1.00, 0.00
156.00, 44.00, 51.00, 3.00, 1.00
156.00, 51.00, 55.00, 1.00, 1.00
156.00, 60.00, 60.00, 1.00, 1.00
156.00, 66.00, 64.00, 0.75, 0.00
156.00, 68.00, 65.00, 0.75, 0.00
156.00, 75.00, 69.00, 0.75, 0.00
156.75, 66.00, 64.00, 0.25, 0.00
156.75, 68.00, 65.00, 0.25, 0.00
156.75, 75.00, 69.00, 0.25, 0.00
157.00, 51.00, 55.00, 1.00, 1.00
157.00, 56.00, 58.00, 1.00, 1.00
157.00, 60.00, 60.00, 1.00, 1.00
157.00, 66.00, 64.00, 1.00, 0.00
157.00, 68.00, 65.00, 1.00, 0.00
157.00, 77.00, 70.00, 1.00, 0.00
158.00, 51.00, 55.00, 1.00, 1.00
158.00, 56.00, 58.00, 1.00, 1.00
158.00, 60.00, 60.00, 1.00, 1.00
158.00, 66.00, 64.00, 1.00, 0.00
158.00, 68.00, 65.00, 1.00, 0.00
158.00, 75.00, 69.00, 1.00, 0.00
159.00, 49.00, 54.00, 1.00, 1.00
159.00, 56.00, 58.00, 1.00, 1.00
159.00, 61.00, 61.00, 1.00, 1.00
159.00, 65.00, 63.00, 0.50, 0.00
159.00, 68.00, 65.00, 0.50, 0.00
159.00, 73.00, 68.00, 0.50, 0.00
159.75, 65.00, 63.00, 0.25, 0.00
159.75, 68.00, 65.00, 0.25, 0.00
159.75, 77.00, 70.00, 0.25, 0.00
160.00, 49.00, 54.00, 2.00, 1.00
160.00, 56.00, 58.00, 2.00, 1.00
160.00, 65.00, 63.00, 2.00, 1.00
160.00, 68.00, 65.00, 2.00, 0.00
160.00, 73.00, 68.00, 2.00, 0.00
160.00, 80.00, 72.00, 2.00, 0.00
162.00, 39.00, 48.00, 1.00, 1.00
162.00, 51.00, 55.00, 0.50, 1.00
162.00, 63.00, 62.00, 0.50, 0.00
162.00, 67.00, 64.00, 0.50, 0.00
162.00, 72.00, 67.00, 0.50, 0.00
162.75, 51.00, 55.00, 1.25, 1.00
162.75, 61.00, 61.00, 0.25, 0.00
162.75, 67.00, 64.00, 0.25, 0.00
162.75, 70.00, 66.00, 0.25, 0.00
163.00, 44.00, 51.00, 2.00, 1.00
163.00, 63.00, 62.00, 2.00, 0.00
163.00, 72.00, 67.00, 1.00, 0.00
164.00, 51.00, 55.00, 1.50, 1.00
164.00, 60.00, 60.00, 1.00, 0.00
164.00, 68.00, 65.00, 1.00, 0.00
165.00, 39.00, 48.00, 1.00, 1.00
165.00, 63.00, 62.00, 0.50, 0.00
165.00, 67.00, 64.00, 0.50, 0.00
165.00, 72.00, 67.00, 0.50, 0.00
165.75, 51.00, 55.00, 1.25, 1.00
165.75, 61.00, 61.00, 0.25, 0.00
165.75, 67.00, 64.00, 0.25, 0.00
165.75, 70.00, 66.00, 0.25, 0.00
166.00, 44.00, 51.00, 1.00, 1.00
166.00, 63.00, 62.00, 2.00, 0.00
166.00, 72.00, 67.00, 1.00, 0.00
167.00, 56.00, 58.00, 0.50, 1.00
167.00, 60.00, 60.00, 1.00, 0.00
167.00, 68.00, 65.00, 1.00, 0.00
167.50, 54.00, 57.00, 0.50, 1.00
168.00, 53.00, 56.00, 1.50, 1.00
168.00, 62.00, 61.00, 1.00, 0.00
168.00, 68.00, 65.00, 1.00, 0.00
168.00, 70.00, 66.00, 1.00, 0.00
169.00, 62.00, 61.00, 1.00, 0.00
169.00, 68.00, 65.00, 1.00, 0.00
169.00, 70.00, 66.00, 1.00, 0.00
169.50, 46.00, 52.00, 0.50, 1.00
170.00, 48.00, 53.00, 0.50, 1.00
170.00, 65.00, 63.00, 1.00, 0.00
170.00, 68.00, 65.00, 1.00, 0.00
170.00, 70.00, 66.00, 1.00, 0.00
170.50, 50.00, 54.00, 0.50, 1.00
171.00, 51.00, 55.00, 0.50, 1.00
171.00, 63.00, 62.00, 1.00, 0.00
171.00, 66.00, 64.00, 1.00, 0.00
171.00, 70.00, 66.00, 1.00, 0.00
171.50, 53.00, 56.00, 0.50, 1.00
172.00, 54.00, 57.00, 1.50, 1.00
172.00, 63.00, 62.00, 1.00, 0.00
172.00, 70.00, 66.00, 1.00, 0.00
173.00, 63.00, 62.00, 1.00, 0.00
173.00, 70.00, 66.00, 1.00, 0.00
173.50, 56.00, 58.00, 0.50, 1.00
174.00, 53.00, 56.00, 0.75, 1.00
174.00, 62.00, 61.00, 1.00, 0.00
174.00, 68.00, 65.00, 1.00, 0.00
174.00, 70.00, 66.00, 1.00, 0.00
174.75, 52.00, 55.00, 0.25, 1.00
175.00, 53.00, 56.00, 1.00, 1.00
175.00, 62.00, 61.00, 1.00, 0.00
175.00, 68.00, 65.00, 1.00, 0.00
175.00, 70.00, 66.00, 1.00, 0.00
176.00, 46.00, 52.00, 1.00, 1.00
176.00, 62.00, 61.00, 1.00, 0.00
176.00, 68.00, 65.00, 1.00, 0.00
176.00, 70.00, 66.00, 1.00, 0.00
177.00, 51.00, 55.00, 0.75, 1.00
177.00, 63.00, 62.00, 1.00, 0.00
177.00, 66.00, 64.00, 1.00, 0.00
177.00, 70.00, 66.00, 1.00, 0.00
177.75, 53.00, 56.00, 0.25, 1.00
178.00, 54.00, 57.00, 3.50, 1.00
178.00, 63.00, 62.00, 1.00, 0.00
178.00, 70.00, 66.00, 1.00, 0.00
179.00, 61.00, 61.00, 1.00, 0.00
179.00, 63.00, 62.00, 1.00, 0.00
179.00, 69.00, 66.00, 1.00, 0.00
180.00, 60.00, 60.00, 1.00, 0.00
180.00, 63.00, 62.00, 1.00, 0.00
180.00, 68.00, 65.00, 1.00, 0.00
181.00, 60.00, 60.00, 1.00, 0.00
181.00, 63.00, 62.00, 1.00, 0.00
181.00, 68.00, 65.00, 1.00, 0.00
181.50, 44.00, 51.00, 0.50, 1.00
182.00, 46.00, 52.00, 0.50, 1.00
182.00, 63.00, 62.00, 1.00, 0.00
182.00, 66.00, 64.00, 1.00, 0.00
182.00, 68.00, 65.00, 1.00, 0.00
182.50, 48.00, 53.00, 0.50, 1.00
183.00, 49.00, 54.00, 0.50, 1.00
183.00, 61.00, 61.00, 1.00, 0.00
183.00, 65.00, 63.00, 1.00, 0.00
183.00, 68.00, 65.00, 1.00, 0.00
183.50, 51.00, 55.00, 0.50, 1.00
184.00, 53.00, 56.00, 1.00, 1.00
184.00, 61.00, 61.00, 1.00, 0.00
184.00, 68.00, 65.00, 1.00, 0.00
185.00, 54.00, 57.00, 0.50, 1.00
185.00, 61.00, 61.00, 1.00, 0.00
185.00, 68.00, 65.00, 1.00, 0.00
185.50, 53.00, 56.00, 0.50, 1.00
186.00, 51.00, 55.00, 0.75, 1.00
186.00, 60.00, 60.00, 1.00, 0.00
186.00, 66.00, 64.00, 1.00, 0.00
186.00, 68.00, 65.00, 1.00, 0.00
186.75, 50.00, 54.00, 0.25, 1.00
187.00, 51.00, 55.00, 1.00, 1.00
187.00, 60.00, 60.00, 1.00, 0.00
187.00, 66.00, 64.00, 1.00, 0.00
187.00, 68.00, 65.00, 1.00, 0.00
188.00, 44.00, 51.00, 1.00, 1.00
188.00, 60.00, 60.00, 1.00, 0.00
188.00, 66.00, 64.00, 1.00, 0.00
188.00, 68.00, 65.00, 1.00, 0.00
189.00, 53.00, 56.00, 0.50, 1.00
189.00, 61.00, 61.00, 1.00, 0.00
189.00, 65.00, 63.00, 1.00, 0.00
189.00, 68.00, 65.00, 1.00, 0.00
189.50, 51.00, 55.00, 0.50, 1.00
190.00, 49.00, 54.00, 1.00, 1.00
190.00, 61.00, 61.00, 1.00, 0.00
190.00, 65.00, 63.00, 1.00, 0.00
190.00, 68.00, 65.00, 1.00, 0.00
191.00, 48.00, 53.00, 0.50, 1.00
191.00, 63.00, 62.00, 1.00, 0.00
191.00, 65.00, 63.00, 1.00, 0.00
191.00, 69.00, 65.00, 1.00, 0.00
191.50, 47.00, 53.00, 0.50, 1.00
192.00, 46.00, 52.00, 1.50, 1.00
192.00, 63.00, 62.00, 1.00, 0.00
192.00, 65.00, 63.00, 1.00, 0.00
192.00, 70.00, 66.00, 1.00, 0.00
193.00, 62.00, 61.00, 1.00, 0.00
193.00, 65.00, 63.00, 1.00, 0.00
193.00, 70.00, 66.00, 1.00, 0.00
193.50, 46.00, 52.00, 0.50, 1.00
194.00, 48.00, 53.00, 0.50, 1.00
194.00, 65.00, 63.00, 1.00, 0.00
194.00, 68.00, 65.00, 1.00, 0.00
194.00, 70.00, 66.00, 1.00, 0.00
194.50, 50.00, 54.00, 0.50, 1.00
195.00, 51.00, 55.00, 0.50, 1.00
195.00, 65.00, 63.00, 1.00, 0.00
195.00, 66.00, 64.00, 1.00, 0.00
195.00, 70.00, 66.00, 1.00, 0.00
195.50, 53.00, 56.00, 0.50, 1.00
196.00, 54.00, 57.00, 1.00, 1.00
196.00, 63.00, 62.00, 1.00, 0.00
196.00, 66.00, 64.00, 1.00, 0.00
196.00, 70.00, 66.00, 1.00, 0.00
197.00, 56.00, 58.00, 0.50, 1.00
197.00, 63.00, 62.00, 1.00, 0.00
197.00, 70.00, 66.00, 1.00, 0.00
197.50, 54.00, 57.00, 0.50, 1.00
198.00, 53.00, 56.00, 0.75, 1.00
198.00, 63.00, 62.00, 1.00, 0.00
198.00, 68.00, 65.00, 1.00, 0.00
198.00, 70.00, 66.00, 1.00, 0.00
198.75, 52.00, 55.00, 0.25, 1.00
199.00, 53.00, 56.00, 1.00, 1.00
199.00, 62.00, 61.00, 1.00, 0.00
199.00, 68.00, 65.00, 1.00, 0.00
199.00, 70.00, 66.00, 1.00, 0.00
200.00, 46.00, 52.00, 1.00, 1.00
200.00, 62.00, 61.00, 1.00, 0.00
200.00, 68.00, 65.00, 1.00, 0.00
200.00, 70.00, 66.00, 1.00, 0.00
201.00, 51.00, 55.00, 0.75, 1.00
201.00, 63.00, 62.00, 1.00, 0.00
201.00, 66.00, 64.00, 1.00, 0.00
201.00, 70.00, 66.00, 1.00, 0.00
201.75, 53.00, 56.00, 0.25, 1.00
202.00, 54.00, 57.00, 3.50, 1.00
202.00, 63.00, 62.00, 1.00, 0.00
202.00, 70.00, 66.00, 1.00, 0.00
203.00, 61.00, 61.00, 1.00, 0.00
203.00, 63.00, 62.00, 1.00, 0.00
203.00, 69.00, 66.00, 1.00, 0.00
204.00, 61.00, 61.00, 1.00, 0.00
204.00, 63.00, 62.00, 1.00, 0.00
204.00, 68.00, 65.00, 1.00, 0.00
205.00, 60.00, 60.00, 1.00, 0.00
205.00, 63.00, 62.00, 1.00, 0.00
205.00, 68.00, 65.00, 1.00, 0.00
205.50, 44.00, 51.00, 0.50, 1.00
206.00, 46.00, 52.00, 0.50, 1.00
206.00, 63.00, 62.00, 1.00, 0.00
206.00, 66.00, 64.00, 1.00, 0.00
206.00, 68.00, 65.00, 1.00, 0.00
206.50, 48.00, 53.00, 0.50, 1.00
207.00, 49.00, 54.00, 0.50, 1.00
207.00, 63.00, 62.00, 1.00, 0.00
207.00, 65.00, 63.00, 1.00, 0.00
207.00, 68.00, 65.00, 1.00, 0.00
207.50, 51.00, 55.00, 0.50, 1.00
208.00, 53.00, 56.00, 1.00, 1.00
208.00, 61.00, 61.00, 1.00, 0.00
208.00, 65.00, 63.00, 1.00, 0.00
208.00, 68.00, 65.00, 1.00, 0.00
209.00, 54.00, 57.00, 0.50, 1.00
209.00, 61.00, 61.00, 1.00, 0.00
209.00, 68.00, 65.00, 1.00, 0.00
209.50, 53.00, 56.00, 0.50, 1.00
210.00, 51.00, 55.00, 0.75, 1.00
210.00, 61.00, 61.00, 1.00, 0.00
210.00, 66.00, 64.00, 1.00, 0.00
210.00, 68.00, 65.00, 1.00, 0.00
210.75, 50.00, 54.00, 0.25, 1.00
211.00, 51.00, 55.00, 1.00, 1.00
211.00, 60.00, 60.00, 1.00, 0.00
211.00, 66.00, 64.00, 1.00, 0.00
211.00, 68.00, 65.00, 1.00, 0.00
212.00, 44.00, 51.00, 1.00, 1.00
212.00, 60.00, 60.00, 1.00, 0.00
212.00, 66.00, 64.00, 1.00, 0.00
212.00, 68.00, 65.00, 1.00, 0.00
213.00, 53.00, 56.00, 0.50, 1.00
213.00, 61.00, 61.00, 1.00, 0.00
213.00, 65.00, 63.00, 1.00, 0.00
213.00, 68.00, 65.00, 1.00, 0.00
213.50, 51.00, 55.00, 0.50, 1.00
214.00, 49.00, 54.00, 2.00, 1.00
214.00, 61.00, 61.00, 1.00, 0.00
214.00, 65.00, 63.00, 1.00, 0.00
214.00, 68.00, 65.00, 1.00, 0.00
215.00, 61.00, 61.00, 1.00, 0.00
215.00, 65.00, 63.00, 1.00, 0.00
215.00, 68.00, 65.00, 1.00, 0.00
216.00, 41.00, 49.00, 0.50, 1.00
216.00, 61.00, 61.00, 1.00, 0.00
216.00, 65.00, 63.00, 1.00, 0.00
216.00, 68.00, 65.00, 1.00, 0.00
216.50, 39.00, 48.00, 0.50, 1.00
217.00, 37.00, 47.00, 5.00, 1.00
217.00, 61.00, 61.00, 1.00, 0.00
217.00, 65.00, 63.00, 1.00, 0.00
217.00, 68.00, 65.00, 1.00, 0.00
218.00, 61.00, 61.00, 1.00, 0.00
218.00, 65.00, 63.00, 1.00, 0.00
218.00, 68.00, 65.00, 1.00, 0.00
219.00, 56.00, 58.00, 1.00, 0.00
219.00, 64.00, 63.00, 1.00, 0.00
219.00, 68.00, 65.00, 1.00, 0.00
220.00, 56.00, 58.00, 1.00, 0.00
220.00, 64.00, 63.00, 1.00, 0.00
220.00, 68.00, 65.00, 1.00, 0.00
221.00, 56.00, 58.00, 1.00, 0.00
221.00, 64.00, 63.00, 1.00, 0.00
221.00, 68.00, 65.00, 1.00, 0.00
222.00, 36.00, 46.00, 6.00, 1.00
222.00, 56.00, 58.00, 1.00, 0.00
222.00, 64.00, 62.00, 1.00, 0.00
222.00, 68.00, 65.00, 1.00, 0.00
223.00, 56.00, 58.00, 1.00, 0.00
223.00, 64.00, 62.00, 1.00, 0.00
223.00, 68.00, 65.00, 1.00, 0.00
224.00, 56.00, 58.00, 1.00, 0.00
224.00, 64.00, 62.00, 1.00, 0.00
224.00, 68.00, 65.00, 1.00, 0.00
225.00, 48.00, 53.00, 7.00, 1.00
225.00, 55.00, 57.00, 1.00, 0.00
225.00, 64.00, 62.00, 1.00, 0.00
225.00, 67.00, 64.00, 1.00, 0.00
226.00, 55.00, 57.00, 1.00, 0.00
226.00, 64.00, 62.00, 1.00, 0.00
226.00, 67.00, 64.00, 1.00, 0.00
227.00, 55.00, 57.00, 1.00, 0.00
227.00, 64.00, 62.00, 1.00, 0.00
227.00, 67.00, 64.00, 1.00, 0.00
228.00, 41.00, 49.00, 0.50, 1.00
228.00, 48.00, 53.00, 3.00, 1.00
228.00, 55.00, 57.00, 3.00, 0.00
228.00, 60.00, 60.00, 3.00, 0.00
228.50, 40.00, 48.00, 0.50, 1.00
229.00, 36.00, 46.00, 2.00, 1.00
231.00, 41.00, 49.00, 3.50, 1.00
231.00, 56.00, 58.00, 3.00, 0.00
231.00, 65.00, 63.00, 3.00, 0.00
232.00, 49.00, 54.00, 1.00, 1.00
233.00, 47.00, 52.00, 1.00, 1.00
234.00, 48.00, 53.00, 4.00, 1.00
234.00, 55.00, 57.00, 3.00, 0.00
234.00, 60.00, 60.00, 3.00, 0.00
234.50, 40.00, 48.00, 0.50, 1.00
235.00, 36.00, 46.00, 2.00, 1.00
237.00, 41.00, 49.00, 3.50, 1.00
237.00, 56.00, 58.00, 3.00, 0.00
237.00, 65.00, 63.00, 3.00, 0.00
238.00, 49.00, 54.00, 1.00, 1.00
239.00, 47.00, 52.00, 1.00, 1.00
240.00, 48.00, 53.00, 6.00, 1.00
240.00, 55.00, 57.00, 6.00, 0.00
240.00, 60.00, 60.00, 6.00, 0.00
240.50, 40.00, 48.00, 0.50, 1.00
241.00, 36.00, 46.00, 2.00, 1.00
243.00, 41.00, 49.00, 1.00, 1.00
244.00, 41.00, 49.00, 0.50, 1.00
244.50, 40.00, 48.00, 0.50, 1.00
245.00, 36.00, 46.00, 1.00, 1.00
246.00, 41.00, 49.00, 0.50, 1.00
246.00, 48.00, 53.00, 6.00, 1.00
246.00, 55.00, 57.00, 3.00, 0.00
246.00, 60.00, 60.00, 3.00, 0.00
246.50, 40.00, 48.00, 0.50, 1.00
247.00, 36.00, 46.00, 1.00, 1.00
248.00, 36.00, 46.00, 1.00, 1.00
249.00, 41.00, 49.00, 0.50, 1.00
249.50, 40.00, 48.00, 0.50, 1.00
250.00, 41.00, 49.00, 0.50, 1.00
250.50, 40.00, 48.00, 0.50, 1.00
251.00, 36.00, 46.00, 0.50, 1.00
251.50, 36.00, 46.00, 0.50, 1.00
252.00, 41.00, 49.00, 1.00, 1.00
252.00, 65.00, 63.00, 0.50, 0.00
252.75, 67.00, 64.00, 0.25, 0.00
253.00, 41.00, 49.00, 1.00, 1.00
253.00, 48.00, 53.00, 1.00, 1.00
253.00, 56.00, 58.00, 1.00, 1.00
253.00, 68.00, 65.00, 0.50, 0.00
253.50, 70.00, 66.00, 0.50, 0.00
254.00, 41.00, 49.00, 1.00, 1.00
254.00, 48.00, 53.00, 1.00, 1.00
254.00, 56.00, 58.00, 1.00, 1.00
254.00, 72.00, 67.00, 0.50, 0.00
254.50, 68.00, 65.00, 0.50, 0.00
255.00, 67.00, 64.00, 0.33, 0.00
255.33, 68.00, 65.00, 0.33, 0.00
255.67, 67.00, 64.00, 0.33, 0.00
256.00, 41.00, 49.00, 1.00, 1.00
256.00, 48.00, 53.00, 1.00, 1.00
256.00, 56.00, 58.00, 1.00, 1.00
256.00, 65.00, 63.00, 1.00, 0.00
257.00, 41.00, 49.00, 1.00, 1.00
257.00, 48.00, 53.00, 1.00, 1.00
257.00, 56.00, 58.00, 1.00, 1.00
257.00, 77.00, 70.00, 1.00, 0.00
258.00, 70.00, 66.00, 0.50, 0.00
258.75, 72.00, 67.00, 0.25, 0.00
259.00, 46.00, 52.00, 1.00, 1.00
259.00, 53.00, 56.00, 1.00, 1.00
259.00, 61.00, 61.00, 1.00, 1.00
259.00, 73.00, 68.00, 0.50, 0.00
259.50, 75.00, 69.00, 0.50, 0.00
260.00, 46.00, 52.00, 1.00, 1.00
260.00, 53.00, 56.00, 1.00, 1.00
260.00, 61.00, 61.00, 1.00, 1.00
260.00, 77.00, 70.00, 0.50, 0.00
260.50, 73.00, 68.00, 0.50, 0.00
261.00, 73.00, 68.00, 0.33, 0.00
261.33, 75.00, 69.00, 0.33, 0.00
261.67, 73.00, 68.00, 0.33, 0.00
262.00, 41.00, 49.00, 1.00, 1.00
262.00, 48.00, 53.00, 1.00, 1.00
262.00, 56.00, 58.00, 1.00, 1.00
262.00, 72.00, 67.00, 1.00, 0.00
263.00, 41.00, 49.00, 1.00, 1.00
263.00, 48.00, 53.00, 1.00, 1.00
263.00, 56.00, 58.00, 1.00, 1.00
263.00, 68.00, 65.00, 1.00, 0.00
264.00, 65.00, 63.00, 0.50, 0.00
264.75, 67.00, 64.00, 0.25, 0.00
265.00, 41.00, 49.00, 1.00, 1.00
265.00, 48.00, 53.00, 1.00, 1.00
265.00, 56.00, 58.00, 1.00, 1.00
265.00, 68.00, 65.00, 0.50, 0.00
265.50, 70.00, 66.00, 0.50, 0.00
266.00, 41.00, 49.00, 1.00, 1.00
266.00, 48.00, 53.00, 1.00, 1.00
266.00, 56.00, 58.00, 1.00, 1.00
266.00, 72.00, 67.00, 0.50, 0.00
266.50, 68.00, 65.00, 0.50, 0.00
267.00, 67.00, 64.00, 0.33, 0.00
267.33, 68.00, 65.00, 0.33, 0.00
267.67, 67.00, 64.00, 0.33, 0.00
268.00, 41.00, 49.00, 1.00, 1.00
268.00, 48.00, 53.00, 1.00, 1.00
268.00, 56.00, 58.00, 1.00, 1.00
268.00, 65.00, 63.00, 1.00, 0.00
269.00, 41.00, 49.00, 1.00, 1.00
269.00, 48.00, 53.00, 1.00, 1.00
269.00, 56.00, 58.00, 1.00, 1.00
269.00, 72.00, 67.00, 1.00, 0.00
270.00, 60.00, 60.00, 0.50, 0.00
270.75, 62.00, 61.00, 0.25, 0.00
271.00, 43.00, 50.00, 1.00, 1.00
271.00, 51.00, 55.00, 1.00, 1.00
271.00, 55.00, 57.00, 1.00, 1.00
271.00, 63.00, 62.00, 0.50, 0.00
271.50, 65.00, 63.00, 0.50, 0.00
272.00, 43.00, 50.00, 1.00, 1.00
272.00, 50.00, 54.00, 1.00, 1.00
272.00, 55.00, 57.00, 1.00, 1.00
272.00, 67.00, 64.00, 0.50, 0.00
272.50, 59.00, 59.00, 0.50, 0.00
273.00, 60.00, 60.00, 1.50, 0.00
274.00, 48.00, 53.00, 1.00, 1.00
274.00, 55.00, 57.00, 1.00, 1.00
274.00, 64.00, 62.00, 1.00, 1.00
274.50, 60.00, 60.00, 0.50, 0.00
275.00, 48.00, 53.00, 1.00, 1.00
275.00, 58.00, 59.00, 1.00, 1.00
275.00, 61.00, 61.00, 0.50, 0.00
275.00, 64.00, 62.00, 1.00, 1.00
275.75, 60.00, 60.00, 0.25, 0.00
276.00, 65.00, 63.00, 0.50, 0.00
276.75, 67.00, 64.00, 0.25, 0.00
277.00, 41.00, 49.00, 1.00, 1.00
277.00, 48.00, 53.00, 1.00, 1.00
277.00, 56.00, 58.00, 1.00, 1.00
277.00, 68.00, 65.00, 0.50, 0.00
277.50, 70.00, 66.00, 0.50, 0.00
278.00, 41.00, 49.00, 1.00, 1.00
278.00, 48.00, 53.00, 1.00, 1.00
278.00, 56.00, 58.00, 1.00, 1.00
278.00, 72.00, 67.00, 0.50, 0.00
278.50, 68.00, 65.00, 0.50, 0.00
279.00, 67.00, 64.00, 0.33, 0.00
279.33, 68.00, 65.00, 0.33, 0.00
279.67, 67.00, 64.00, 0.33, 0.00
280.00, 41.00, 49.00, 1.00, 1.00
280.00, 48.00, 53.00, 1.00, 1.00
280.00, 56.00, 58.00, 1.00, 1.00
280.00, 65.00, 63.00, 1.00, 0.00
281.00, 41.00, 49.00, 1.00, 1.00
281.00, 48.00, 53.00, 1.00, 1.00
281.00, 56.00, 58.00, 1.00, 1.00
281.00, 77.00, 70.00, 1.00, 0.00
282.00, 70.00, 66.00, 0.50, 0.00
282.75, 72.00, 67.00, 0.25, 0.00
283.00, 46.00, 52.00, 1.00, 1.00
283.00, 53.00, 56.00, 1.00, 1.00
283.00, 61.00, 61.00, 1.00, 1.00
283.00, 73.00, 68.00, 0.50, 0.00
283.50, 75.00, 69.00, 0.50, 0.00
284.00, 46.00, 52.00, 1.00, 1.00
284.00, 53.00, 56.00, 1.00, 1.00
284.00, 61.00, 61.00, 1.00, 1.00
284.00, 77.00, 70.00, 0.50, 0.00
284.50, 73.00, 68.00, 0.50, 0.00
285.00, 73.00, 68.00, 0.33, 0.00
285.33, 75.00, 69.00, 0.33, 0.00
285.67, 73.00, 68.00, 0.33, 0.00
286.00, 41.00, 49.00, 1.00, 1.00
286.00, 48.00, 53.00, 1.00, 1.00
286.00, 56.00, 58.00, 1.00, 1.00
286.00, 72.00, 67.00, 1.00, 0.00
287.00, 41.00, 49.00, 1.00, 1.00
287.00, 48.00, 53.00, 1.00, 1.00
287.00, 56.00, 58.00, 1.00, 1.00
287.00, 68.00, 65.00, 1.00, 0.00
288.00, 65.00, 63.00, 0.50, 0.00
288.50, 67.00, 64.00, 0.50, 0.00
289.00, 41.00, 49.00, 1.00, 1.00
289.00, 48.00, 53.00, 1.00, 1.00
289.00, 56.00, 58.00, 1.00, 1.00
289.00, 68.00, 65.00, 0.50, 0.00
289.50, 70.00, 66.00, 0.50, 0.00
290.00, 41.00, 49.00, 1.00, 1.00
290.00, 48.00, 53.00, 1.00, 1.00
290.00, 56.00, 58.00, 1.00, 1.00
290.00, 72.00, 67.00, 0.50, 0.00
290.50, 68.00, 65.00, 0.50, 0.00
291.00, 67.00, 64.00, 0.33, 0.00
291.33, 68.00, 65.00, 0.33, 0.00
291.67, 67.00, 64.00, 0.33, 0.00
292.00, 41.00, 49.00, 1.00, 1.00
292.00, 48.00, 53.00, 1.00, 1.00
292.00, 56.00, 58.00, 1.00, 1.00
292.00, 65.00, 63.00, 1.00, 0.00
293.00, 41.00, 49.00, 1.00, 1.00
293.00, 48.00, 53.00, 1.00, 1.00
293.00, 56.00, 58.00, 1.00, 1.00
293.00, 72.00, 67.00, 1.00, 0.00
294.00, 60.00, 60.00, 0.50, 0.00
294.75, 64.00, 62.00, 0.25, 0.00
295.00, 41.00, 49.00, 1.00, 1.00
295.00, 48.00, 53.00, 1.00, 1.00
295.00, 55.00, 57.00, 1.00, 1.00
295.00, 67.00, 64.00, 0.50, 0.00
295.50, 70.00, 66.00, 0.50, 0.00
296.00, 41.00, 49.00, 1.00, 1.00
296.00, 48.00, 53.00, 1.00, 1.00
296.00, 55.00, 57.00, 1.00, 1.00
296.00, 73.00, 68.00, 0.75, 0.00
296.75, 72.00, 67.00, 0.25, 0.00
297.00, 68.00, 65.00, 0.33, 0.00
297.33, 70.00, 66.00, 0.33, 0.00
297.67, 68.00, 65.00, 0.33, 0.00
298.00, 41.00, 49.00, 1.00, 1.00
298.00, 48.00, 53.00, 1.00, 1.00
298.00, 56.00, 58.00, 1.00, 1.00
298.00, 65.00, 63.00, 0.50, 0.00
299.00, 41.00, 49.00, 1.00, 1.00
299.00, 48.00, 53.00, 1.00, 1.00
299.00, 56.00, 58.00, 1.00, 1.00
299.00, 77.00, 70.00, 1.00, 0.00
300.00, 60.00, 60.00, 0.50, 0.00
300.75, 64.00, 62.00, 0.25, 0.00
301.00, 41.00, 49.00, 1.00, 1.00
301.00, 48.00, 53.00, 1.00, 1.00
301.00, 55.00, 57.00, 1.00, 1.00
301.00, 67.00, 64.00, 0.50, 0.00
301.50, 70.00, 66.00, 0.50, 0.00
302.00, 41.00, 49.00, 1.00, 1.00
302.00, 48.00, 53.00, 1.00, 1.00
302.00, 55.00, 57.00, 1.00, 1.00
302.00, 73.00, 68.00, 0.75, 0.00
302.75, 72.00, 67.00, 0.25, 0.00
303.00, 68.00, 65.00, 0.33, 0.00
303.33, 70.00, 66.00, 0.33, 0.00
303.67, 68.00, 65.00, 0.33, 0.00
304.00, 41.00, 49.00, 1.00, 1.00
304.00, 48.00, 53.00, 1.00, 1.00
304.00, 56.00, 58.00, 1.00, 1.00
304.00, 65.00, 63.00, 0.50, 0.00
305.00, 41.00, 49.00, 1.00, 1.00
305.00, 48.00, 53.00, 1.00, 1.00
305.00, 56.00, 58.00, 1.00, 1.00
305.00, 80.00, 72.00, 1.00, 0.00
306.00, 60.00, 60.00, 0.50, 0.00
306.75, 64.00, 62.00, 0.25, 0.00
307.00, 41.00, 49.00, 1.00, 1.00
307.00, 48.00, 53.00, 1.00, 1.00
307.00, 55.00, 57.00, 1.00, 1.00
307.00, 67.00, 64.00, 0.50, 0.00
307.50, 70.00, 66.00, 0.50, 0.00
308.00, 41.00, 49.00, 1.00, 1.00
308.00, 48.00, 53.00, 1.00, 1.00
308.00, 55.00, 57.00, 1.00, 1.00
308.00, 73.00, 68.00, 0.75, 0.00
308.75, 72.00, 67.00, 0.25, 0.00
309.00, 68.00, 65.00, 0.33, 0.00
309.33, 70.00, 66.00, 0.33, 0.00
309.67, 68.00, 65.00, 0.33, 0.00
310.00, 41.00, 49.00, 1.00, 1.00
310.00, 48.00, 53.00, 1.00, 1.00
310.00, 56.00, 58.00, 1.00, 1.00
310.00, 65.00, 63.00, 1.00, 0.00
311.00, 49.00, 54.00, 1.00, 1.00
311.00, 58.00, 59.00, 1.00, 1.00
311.00, 77.00, 70.00, 1.00, 0.00
312.00, 41.00, 49.00, 2.00, 1.00
312.00, 48.00, 53.00, 2.00, 1.00
312.00, 56.00, 58.00, 2.00, 1.00
312.00, 89.00, 77.00, 1.00, 0.00
313.00, 89.00, 77.00, 1.00, 0.00
