((2 (3 9 0)) (NIL NIL "C-6-1" ((333 54 56 3 1 336 0) (334 57 58 2 1 336 8) (334 66 63 2 0 336 9) (333 66 63 3 0 336 2))))
((2 (12 24 12)) (NIL NIL "C-6-3" ((292 40 48 1 1 293 6) (292 52 55 1 1 293 7) (292 76 69 1 0 293 8) (292 88 76 1 0 293 9))))
((3 NIL) (NIL NIL "C-6-4" ((119 63 62 1 0 120 9))))
((2 (7 9 8 12)) (NIL NIL "C-7-1" ((310 46 52 2 1 312 5) (310 53 56 2 1 312 6) (310 62 61 2 1 312 7) (310 70 66 2 0 312 8) (310 82 73 2 0 312 9))))
((2 (36)) (NIL NIL "C-7-2" ((358 33 44 1 1 359 9) (357 69 65 2 0 359 8))))
((2 (7 8 33)) (NIL NIL "C-7-3" ((312 41 49 2 1 314 5) (312 48 53 2 1 314 6) (312 56 58 2 1 314 7) (313 89 77 1 0 314 9))))
((15/4 (5 4 20)) (NIL NIL "C-7-5" ((107 50 54 1 1 108 5) (107 55 57 1 1 108 6) (107 59 59 1 1 108 7) (431/4 79 71 1/4 0 108 9))))
((3 (12 24 12)) (NIL NIL "C-17-1" ((299 34 45 1 1 300 6) (299 46 52 1 1 300 7) (299 70 66 1 0 300 8) (299 82 73 1 0 300 9))))
((2 (7 8 9)) (NIL NIL "C-17-2" ((201 52 55 3 1 204 3) (202 59 59 2 1 204 7) (202 67 64 2 1 204 8) (202 76 69 2 0 204 9))))
((2 (4 8)) (NIL NIL "C-17-3" ((501 56 58 2 1 503 2) (502 60 60 1 1 503 8) (502 68 65 1 0 503 9))))
((2 (3 5)) (NIL NIL "C-17-4" ((394 57 58 2 1 396 7) (394 60 60 2 1 396 8) (394 65 63 2 1 396 9))))
((2 (7 5 4)) (NIL NIL "C-24-2" ((358 48 53 2 1 360 6) (358 55 57 2 1 360 7) (358 60 60 2 0 360 8) (358 64 62 2 0 360 9))))
((1 NIL) (NIL NIL "C-24-3" ((234 72 67 3 0 237 9))))
((2 (12 12)) (NIL NIL "C-30-1" ((157 48 53 2 1 159 8) (157 60 60 2 0 159 9) (154 72 67 5 0 159 0))))
((2 (12 24 12)) (NIL NIL "C-30-2" ((190 42 49 1 1 191 6) (190 54 56 1 1 191 7) (190 78 70 1 0 191 8) (190 90 77 1 0 191 9))))
((1 (7 9)) (NIL NIL "C-30-3" ((330 49 54 3 1 333 7) (330 56 58 3 1 333 8) (330 65 63 3 0 333 9))))
((1 (7 8)) (NIL NIL "C-30-4" ((414 37 46 3 1 417 7) (414 44 50 3 1 417 8) (414 52 55 3 1 417 9))))
((2 (7 5 3 4 5)) (NIL NIL "C-33-1" ((141 44 50 3 1 144 4) (142 51 54 2 1 144 6) (142 56 57 2 1 144 7) (142 59 59 2 0 144 8) (142 63 61 2 0 144 9) (141 68 64 3 0 144 5))))
((1 (29)) (NIL NIL "C-33-2" ((422 69 65 7 1 429 0) (426 98 82 3 0 429 9))))
((2 (7 9 20)) (NIL NIL "C-33-3" ((141 48 53 2 1 143 3) (142 55 57 1 1 143 7) (142 64 62 1 1 143 8) (142 84 74 1 0 143 9))))
((1 (7 5 7)) (NIL NIL "C-41-1" ((414 37 46 2 1 416 6) (414 44 50 2 1 416 7) (414 49 53 2 1 416 8) (414 56 57 2 1 416 9))))
((2 (7 5 3 4 5)) (NIL NIL "C-41-2" ((202 40 48 2 1 204 6) (202 47 52 2 1 204 7) (201 52 55 3 1 204 4) (202 55 57 2 1 204 8) (202 59 59 2 1 204 9) (201 64 62 3 1 204 5))))
((2 (12 7 5 4)) (NIL NIL "C-41-3" ((232 35 45 1 1 233 5) (232 47 52 1 1 233 6) (232 54 56 1 1 233 7) (232 59 59 1 0 233 8) (232 63 61 1 0 233 9))))
((1 (7 5 4 8)) (NIL NIL "C-50-1" ((309 67 64 3 1 312 5) (309 74 68 3 1 312 6) (309 79 71 3 0 312 7) (309 83 73 3 0 312 8) (309 91 78 3 0 312 9))))
((2 (7 9 8)) (NIL NIL "C-50-2" ((378 44 51 2 1 380 4) (379 51 55 1 1 380 7) (379 60 60 1 1 380 8) (379 68 65 1 0 380 9))))
((2 (12 12)) (NIL NIL "C-50-3" ((622 37 46 1 1 623 7) (622 49 53 1 1 623 8) (622 61 60 1 0 623 9))))
((2 (7 5 4 3 9)) (NIL NIL "C-56-1" ((610 35 45 2 1 612 7) (2439/4 42 49 9/4 1 612 4) (609 47 52 3 1 612 1) (2439/4 51 54 9/4 1 612 5) (610 54 56 2 1 612 8) (610 63 61 2 0 612 9))))
((2 (7 9 8 12)) (NIL NIL "C-56-2" ((274 48 53 1 1 275 5) (274 55 57 1 1 275 6) (274 64 62 1 1 275 7) (274 72 67 1 0 275 8) (274 84 74 1 0 275 9))))
((2 (12 7 5 4)) (NIL NIL "C-56-3" ((658 36 46 1 1 659 5) (658 48 53 1 1 659 6) (658 55 57 1 1 659 7) (658 60 60 1 0 659 8) (658 64 62 1 0 659 9))))
((2 (7 8 21)) (NIL NIL "C-59-1" ((423 45 51 2 1 425 4) (424 52 55 1 1 425 7) (424 60 60 1 1 425 8) (424 81 72 1 0 425 9))))
((2 (12 7 5 4)) (NIL NIL "C-59-2" ((331 32 44 1 1 332 5) (331 44 51 1 1 332 6) (331 51 55 1 1 332 7) (331 56 58 1 1 332 8) (331 60 60 1 1 332 9))))
((2 (7 5 4 8)) (NIL NIL "C-63-1" ((304 71 66 1 1 305 5) (304 78 70 1 1 305 6) (304 83 73 1 0 305 7) (304 87 75 1 0 305 8) (304 95 80 1 0 305 9))))
((2 (7 8 9)) (NIL NIL "C-63-2" ((165 41 49 3 1 168 4) (166 48 53 2 1 168 7) (166 56 58 2 1 168 8) (166 65 63 2 0 168 9))))
((2 (7 8 9)) (NIL NIL "C-67-2" ((213 43 50 3 1 216 4) (214 50 54 2 1 216 7) (214 58 59 2 1 216 8) (214 67 64 2 0 216 9))))
((2 (7 5 4 8)) (NIL NIL "C-67-3" ((166 48 53 2 1 168 5) (166 55 57 2 1 168 6) (166 60 60 2 1 168 7) (166 64 62 2 0 168 8) (166 72 67 2 0 168 9))))
((2 (8 9)) (NIL NIL "C-67-4" ((334 52 55 1 1 335 7) (334 60 60 1 1 335 8) (334 69 65 1 0 335 9))))
((2 (8)) (NIL NIL "C-68-2" ((250 52 55 1 1 251 8) (250 60 60 1 1 251 9))))
((2 (12 4 8)) (NIL NIL "C-68-3" ((178 41 49 2 1 180 6) (178 53 56 2 1 180 7) (178 57 58 2 0 180 8) (178 65 63 2 0 180 9))))
((3 NIL) (NIL NIL "C-68-4" ((184 65 63 2 0 186 9))))
