((3 NIL) (NIL NIL "C-6-1" ((-1 66 63 4/3 0 1/3 0))))
((1 (7)) (NIL NIL "C-6-3" ((0 52 55 1 1 1 0) (0 59 59 1 1 1 1))))
((3 NIL) (NIL NIL "C-6-4" ((-1 70 66 3/2 0 1/2 0))))
((1 (24)) (NIL NIL "C-7-1" ((0 41 49 1 1 1 0) (0 65 63 1/2 0 1/2 1))))
((3 NIL) (NIL NIL "C-7-2" ((-1 76 69 1 0 0 0))))
((1 (7)) (NIL NIL "C-7-3" ((0 41 49 1/2 1 1/2 0) (0 48 53 4 1 4 1))))
((1 (12)) (NIL NIL "C-7-5" ((0 43 50 1 1 1 0) (0 55 57 1 1 1 1))))
((3 NIL) (NIL NIL "C-17-1" ((-1 65 63 1 0 0 0))))
((3 NIL) (NIL NIL "C-17-2" ((-1 71 66 1 0 0 0))))
((3 NIL) (NIL NIL "C-17-3" ((-1 72 67 7/4 0 3/4 0))))
((2 (2 6)) (NIL NIL "C-17-4" ((1 57 58 1 1 2 0) (1 59 59 1 1 2 1) (1 65 63 1 1 2 2))))
((1 (7 5 4)) (NIL NIL "C-24-2" ((0 48 53 1 1 1 0) (0 55 57 1 1 1 1) (0 60 60 1 0 1 2) (0 64 62 1 0 1 3))))
((3 NIL) (NIL NIL "C-24-3" ((-1 68 65 1 0 0 0))))
((3 NIL) (NIL NIL "C-30-1" ((-1 67 64 3/2 0 1/2 0))))
((3 NIL) (NIL NIL "C-30-2" ((-1 74 68 1 0 0 0))))
((1 NIL) (NIL NIL "C-30-3" ((0 56 58 3 1 3 0))))
((1 (9 6)) (NIL NIL "C-30-4" ((0 52 55 3/2 1 3/2 0) (0 61 60 15/2 0 15/2 1) (0 67 63 6 0 6 2))))
((3 NIL) (NIL NIL "C-33-1" ((-1 63 61 1 0 0 0))))
((3 NIL) (NIL NIL "C-33-2" ((-1 69 65 3/2 0 1/2 0))))
((3 NIL) (NIL NIL "C-33-3" ((-1 67 64 1 0 0 0))))
((3/2 NIL) (NIL NIL "C-41-1" ((1/2 73 67 1/2 0 1 0))))
((1 (10 2 4 3)) (NIL NIL "C-41-2" ((0 52 55 1 1 1 0) (0 62 61 1 0 1 1) (0 64 62 1 0 1 2) (0 68 64 1 0 1 3) (0 71 66 1 0 1 4))))
((1 (12 7 7 3)) (NIL NIL "C-41-3" ((0 35 45 1 1 1 0) (0 47 52 1 1 1 1) (0 54 56 1 1 1 2) (0 61 60 1/2 0 1/2 3) (0 64 62 1/2 0 1/2 4))))
((1 (24)) (NIL NIL "C-50-1" ((0 38 47 1/2 1 1/2 0) (0 62 61 1/2 0 1/2 1))))
((1 (12 4 6 2)) (NIL NIL "C-50-2" ((0 39 48 5/2 1 5/2 0) (0 51 55 1 1 1 1) (0 55 57 1 0 1 2) (0 61 61 1 0 1 3) (0 63 62 1 0 1 4))))
((3 NIL) (NIL NIL "C-50-3" ((-1 80 71 2 0 1 0))))
((1 (4)) (NIL NIL "C-56-1" ((0 64 62 3 0 3 0) (0 68 64 2 0 2 1))))
((3 NIL) (NIL NIL "C-56-3" ((-1 55 57 1 1 0 0))))
((1 NIL) (NIL NIL "C-59-1" ((0 76 69 1/2 0 1/2 0))))
((1 NIL) (NIL NIL "C-59-2" ((0 32 44 1 1 1 0))))
((1 (12 7 5 4)) (NIL NIL "C-63-1" ((0 35 45 1/2 1 1/2 0) (0 47 52 1/2 1 1/2 1) (0 54 56 1/2 0 1/2 2) (0 59 59 1/2 0 1/2 3) (0 63 61 1/2 0 1/2 4))))
((1 NIL) (NIL NIL "C-63-2" ((0 48 53 1 1 1 0))))
((3 NIL) (NIL NIL "C-67-2" ((-1 62 61 1 0 0 0))))
((3 NIL) (NIL NIL "C-67-3" ((-1 67 64 1 0 0 0))))
((3 NIL) (NIL NIL "C-67-4" ((-1 76 69 5/2 0 3/2 0))))
((1 (12 7 5 4)) (NIL NIL "C-68-1" ((0 36 46 1/2 1 1/2 0) (0 48 53 1/2 1 1/2 1) (0 55 57 1/2 0 1/2 2) (0 60 60 1/2 0 1/2 3) (0 64 62 1/2 0 1/2 4))))
((11/4 NIL) (NIL NIL "C-68-2" ((-5/4 64 62 1/4 0 -1 0))))
((1 (7 9 3)) (NIL NIL "C-68-3" ((0 53 56 3/4 1 3/4 0) (0 60 60 3/4 1 3/4 1) (0 69 65 3/4 0 3/4 2) (0 72 67 3/4 0 3/4 3))))
((1 NIL) (NIL NIL "C-68-4" ((0 72 67 3/2 0 3/2 0))))
