((1 (19)) (0 0 "C-6-1" ((3 42 49 1 1 4 14) (3 61 60 1/2 0 7/2 15))))
((2 (4 12)) (0 0 "C-6-1" ((10 57 58 1 1 11 39) (10 61 60 1 0 11 40) (10 73 67 1 0 11 41))))
((3 (12 7 9)) (5 3 "C-6-1" ((38 45 51 1 1 39 143) (38 57 58 2 1 40 144) (38 64 62 1 0 39 145) (38 73 67 1 0 39 146))))
#|((1 (32)) (0 0 "C-6-2" ((24 48 52 1 1 25 101) (24 80 71 1/2 0 49/2 102))))|#
#|((2 (7 3 12)) (0 0 "C-6-2" ((31 56 57 1 1 32 126) (31 63 61 1 1 32 127) (31 66 63 1 1 32 128) (31 78 70 1 0 32 129))))|#
#|((3 (5 4 15)) (1 1 "C-6-2" ((89 51 54 1 1 90 333) (89 56 57 1 1 90 334) (89 60 59 1 1 90 335) (89 75 68 1 0 90 336))))|#
((1 (4 3 5 17 4)) (0 0 "C-6-3" ((39 52 55 1 1 40 153) (39 56 57 1 1 40 154) (39 59 59 1 1 40 155) (39 64 62 1 1 40 156) (39 81 72 1/2 0 79/2 157) (39 85 74 1/2 0 79/2 158))))
((2 (7 5 4)) (0 0 "C-6-3" ((25 52 55 1 1 26 63) (25 59 59 1 1 26 64) (25 64 62 1 0 26 65) (25 68 64 1 0 26 66))))
((3 (8 7)) (-4 -2 "C-6-3" ((14 44 50 1 0 15 31) (14 52 55 1 1 15 32) (14 59 59 1 1 15 33))))
((3 (3 9)) (0 0 "C-6-4" ((35 51 55 3 1 38 108) (35 54 57 1 1 36 109) (35 63 62 1 0 36 110))))
((1 (12 28)) (0 0 "C-7-1" ((6 39 48 1 1 7 21) (6 51 55 1 1 7 22) (6 79 71 1/2 0 13/2 23))))
((2 (5 4 12)) (0 0 "C-7-1" ((10 53 56 1 1 11 35) (10 58 59 1 1 11 36) (10 62 61 1 1 11 37) (10 74 68 2 0 12 38))))
((3 (5 4 15)) (-7 -4 "C-7-1" ((23 53 56 1 1 24 82) (23 58 59 1 1 24 83) (23 62 61 1 1 24 84) (23 77 70 1 0 24 85))))
((1 NIL) (-19 -11 "C-7-2" ((15 71 66 1 0 16 46))))
((2 (4 6 9)) (0 0 "C-7-2" ((97 56 58 1 1 98 281) (97 60 60 1 1 98 282) (97 66 63 1 1 98 283) (97 75 69 1 0 98 284))))
((3 (3 4 12)) (17 10 "C-7-2" ((5 57 58 1 1 6 15) (5 60 60 1 1 6 16) (5 64 62 1 1 6 17) (5 76 69 1 0 6 18))))
((1 NIL) (NIL NIL "C-7-3" ((30 70 66 1/2 0 61/2 56))))
((2 (7 8 9)) (0 0 "C-7-3" ((28 41 49 1 1 29 48) (28 48 53 1 1 29 49) (28 56 58 1 1 29 50) (28 65 63 1 0 29 51))))
((3 (7 8 16)) (19 11 "C-7-3" ((293 41 49 1 1 294 1119) (293 48 53 1 1 294 1120) (293 56 58 1 1 294 1121) (293 72 67 1 0 294 1122))))
#|((1 (3 5 4 15)) (-2 -1 "C-7-4" ((6 53 56 1/2 1 13/2 32) (6 56 58 1/2 1 13/2 33) (6 61 61 1/2 1 13/2 34) (6 65 63 1/2 1 13/2 35) (6 80 72 1/2 0 13/2 36))))|#
#|((2 (5 4 20)) (7 4 "C-7-4" ((25 55 57 1 1 26 126) (25 60 60 1 1 26 127) (25 64 62 1 1 26 128) (25 84 74 1/2 0 51/2 129))))|#
#|((3 (3 5 12)) (-1 -1 "C-7-4" ((5 55 57 1 1 6 28) (5 58 59 1 1 6 29) (5 63 62 1 1 6 30) (5 75 69 1 0 6 31))))|#
((2 (5 4 3)) (0 0 "C-7-5" ((13 55 57 1 1 14 30) (13 60 60 1 1 14 31) (13 64 62 1 1 14 32) (13 67 64 1 0 14 33))))
((1 (28 3)) (0 0 "C-17-1" ((3 46 52 1 1 4 17) (3 74 68 1/2 0 7/2 18) (3 77 70 1/2 0 7/2 19))))
((2 (7 5 4 8)) (0 0 "C-17-1" ((10 46 52 1 1 11 46) (10 53 56 1 1 11 47) (10 58 59 1 1 11 48) (10 62 61 1 0 11 49) (10 70 66 1 0 11 50))))
((3 (12 7 9)) (-17 -10 "C-17-1" ((5 46 52 1 1 6 25) (5 58 59 1 1 6 26) (5 65 63 1 0 6 27) (5 74 68 1 0 6 28))))
((1 (30)) (0 0 "C-17-2" ((18 52 55 3 1 21 62) (18 82 72 1/2 0 37/2 63))))
((2 (4 8 9)) (-12 -7 "C-17-2" ((70 55 57 2 1 72 256) (70 59 59 2 1 72 257) (70 67 64 2 1 72 258) (70 76 69 5/2 0 145/2 259))))
((3 (8 16)) (-7 -4 "C-17-2" ((17 59 59 1 1 18 59) (17 67 64 1 1 18 60) (17 83 73 1 0 18 61))))
((1 (5 2)) (-1 -1 "C-17-3" ((9 56 58 3/4 1 39/4 35) (9 61 61 3 1 12 36) (9 63 62 3 0 12 37))))
((2 (4 3 5)) (0 0 "C-17-3" ((76 56 58 1 1 77 287) (76 60 60 2 1 78 288) (76 63 62 2 1 78 289) (76 68 65 1/2 0 153/2 290))))
((3 (6 3 6)) (1 1 "C-17-3" ((41 62 61 1 1 42 157) (41 68 65 1 1 42 158) (41 71 67 1 1 42 159) (41 77 70 1 0 42 160))))
((1 (4 5 12)) (0 0 "C-17-4" ((21 55 57 1 1 22 67) (21 59 59 1 1 22 68) (21 64 62 1 1 22 69) (21 76 69 3 0 24 70))))
((2 (4 5 12)) (0 0 "C-17-4" ((25 54 56 1 1 26 81) (25 58 58 1 1 26 82) (25 63 61 1 1 26 83) (25 75 68 2 0 27 84))))
((3 (3 5)) (5 3 "C-17-4" ((8 57 58 1 1 9 21) (8 60 60 1 1 9 22) (8 65 63 1 1 9 23))))
#|((1 (31)) (0 0 "C-24-1" ((0 38 47 1 1 1 1) (-1 69 65 3/2 0 1/2 0))))|#
#|((2 (5 3 4 8)) (0 0 "C-24-1" ((7 55 57 1 1 8 24) (7 60 60 1 1 8 25) (7 63 62 1 1 8 26) (7 67 64 1 1 8 27) (7 75 69 1 0 8 28))))|#
#|((3 (4 6 2)) (0 0 "C-24-1" ((50 53 56 1 1 51 168) (50 57 58 1 1 51 169) (50 63 62 1 1 51 170) (50 65 63 1 0 51 171))))|#
((1 (7 5 4)) (0 0 "C-24-2" ((39 55 57 1 1 40 160) (39 62 61 1 1 40 161) (39 67 64 1 0 40 162) (39 71 66 1 0 40 163))))
((2 (7 5 3 9)) (5 3 "C-24-2" ((43 50 54 1 1 44 180) (43 57 58 1 1 44 181) (43 62 61 1 1 44 182) (43 65 63 1 0 44 183) (43 74 68 1 0 44 184))))
((3 (7 9 8)) (14 8 "C-24-2" ((11 43 50 1 1 12 44) (11 50 54 1 1 12 45) (11 59 59 1 0 12 46) (11 67 64 1 0 12 47))))
((1 (28)) (0 0 "C-24-3" ((12 37 47 1 1 13 42) (12 65 63 1/2 0 25/2 43))))
((3 (4 3 9)) (3 1 "C-24-3" ((77 56 58 1 1 78 264) (77 60 60 1 0 78 265) (77 63 62 1 0 78 266) (77 72 67 1 0 78 267))))
#|((1 (19)) (0 0 "C-24-4" ((72 51 55 1 1 73 248) (72 70 66 7/8 0 583/8 249))))|#
#|((2 (5 3 9)) (-2 -1 "C-24-4" ((40 53 56 1 1 41 118) (40 58 59 1 1 41 119) (40 61 61 1 0 41 120) (40 70 66 1 0 41 121))))|#
#|((3 (5 4 15)) (-14 -8 "C-24-4" ((62 51 55 1 1 63 209) (62 56 58 1 1 63 210) (62 60 60 1 1 63 211) (62 75 69 1 0 63 212))))|#
((1 NIL) (-24 -14 "C-30-1" ((21 67 64 7/2 0 49/2 78))))
((2 (7 8 9)) (0 0 "C-30-1" ((4 48 53 1 1 5 14) (4 55 57 1 1 5 15) (4 63 62 1 0 5 16) (4 72 67 2 0 6 17))))
((3 NIL) (-12 -7 "C-30-1" ((107 79 71 1 0 108 369))))
((1 (28)) (0 0 "C-30-2" ((27 42 49 1 1 28 92) (27 70 65 1/2 0 55/2 93))))
((2 (4 6 2 12)) (0 0 "C-30-2" ((4 54 56 1 1 5 15) (4 58 58 1 1 5 16) (4 64 62 1 1 5 17) (4 66 63 2 0 6 18) (4 78 70 2 0 6 19))))
((1 (12 24 4)) (NIL NIL "C-30-3" ((24 25 40 1/2 1 49/2 29) (24 37 47 1/2 1 49/2 30) (24 61 61 1/2 0 49/2 31) (24 65 63 1/2 0 49/2 32))))
((2 (12 3)) (-9 -5 "C-30-3" ((40 53 56 1 1 41 92) (40 65 63 2 0 42 93) (40 68 65 2 0 42 94))))
((3 (4 5 12)) (-20 -12 "C-30-3" ((191 56 58 1 1 192 654) (191 60 60 1 1 192 655) (191 65 63 1 1 192 656) (191 77 70 1 0 192 657))))
((1 (7 8 9 3)) (0 0 "C-30-4" ((12 37 46 1 1 13 27) (12 44 50 1 1 13 28) (12 52 55 1 1 13 29) (12 61 60 1/2 0 25/2 30) (12 64 62 1/2 0 25/2 31))))
((2 (7 8 12 4)) (0 0 "C-30-4" ((13 37 46 1 1 14 36) (13 44 50 1 1 14 37) (13 52 55 1 1 14 38) (13 64 62 1/2 0 27/2 39) (13 68 64 1/2 0 27/2 40))))
((3 (19)) (-5 -3 "C-30-4" ((107 49 53 1 1 108 480) (107 68 64 1 0 108 481))))
((1 (24)) (0 0 "C-33-1" ((3 44 50 2 1 5 10) (3 68 64 5/2 0 11/2 11))))
((3 (12 19 5 3)) (32 19 "C-33-1" ((17 32 43 1 1 18 47) (17 44 50 1 1 18 48) (17 63 61 1 0 18 49) (17 68 64 1 0 18 50) (17 71 66 1 0 18 51))))
((3 (4 6 2 7)) (-7 -4 "C-33-2" ((149 53 56 1 1 150 647) (149 57 58 1 1 150 648) (149 63 62 1 1 150 649) (149 65 63 2 0 151 650) (149 72 67 1 0 150 651))))
((1 (10 6 2)) (0 0 "C-33-3" ((21 55 57 1 1 22 69) (21 65 63 1 0 22 70) (21 71 66 1 0 22 71) (21 73 67 1/2 0 43/2 72))))
((3 (5 4 8)) (-12 -7 "C-33-3" ((71 51 55 1 1 72 239) (71 56 58 1 1 72 240) (71 60 60 1 0 72 241) (71 68 65 1 0 72 242))))
#|((1 (24)) (7 4 "C-33-4" ((3 47 52 1 1 4 12) (3 71 66 3 0 6 13))))|#
#|((2 NIL) (-12 -7 "C-33-4" ((22 61 60 2 0 24 60))))|#
#|((3 (12 4)) (2 1 "C-33-4" ((53 48 53 1 0 54 147) (53 60 60 1 1 54 148) (53 64 62 1 1 54 149))))|#
((1 (32)) (8 5 "C-41-1" ((48 48 52 1 1 49 127) (48 80 71 3/2 0 99/2 128))))
((2 (3 5 4 12)) (0 0 "C-41-1" ((58 53 55 1 1 59 170) (58 56 57 1 1 59 171) (58 61 60 1 1 59 172) (58 65 62 1 1 59 173) (58 77 69 1 0 59 174))))
((3 (3 5)) (-5 -3 "C-41-1" ((11 54 56 1 1 12 15) (11 57 58 1 1 12 16) (11 62 61 1 0 12 17))))
((1 (12)) (-12 -7 "C-41-2" ((21 52 55 1 1 22 87) (21 64 62 2 0 23 88))))
((3 (7 8 4 5)) (-7 -4 "C-41-2" ((95 51 54 1 1 96 377) (95 58 58 1 1 96 378) (95 66 63 1 0 96 379) (95 70 65 1 0 96 380) (95 75 68 1 0 96 381))))
((1 (12)) (NIL NIL "C-41-3" ((18 63 61 1/2 1 37/2 69) (18 75 68 1/2 0 37/2 70))))
((2 (12 7 5 4)) (NIL NIL "C-41-3" ((232 35 45 1 1 233 948) (232 47 52 1 1 233 949) (232 54 56 1 1 233 950) (232 59 59 1 0 233 951) (232 63 61 1 0 233 952))))
#|((1 (24)) (0 0 "C-41-4" ((3 44 51 1 1 4 14) (3 68 65 1/2 0 7/2 15))))|#
#|((2 (7 5 3 9)) (0 0 "C-41-4" ((106 48 53 1 1 107 396) (106 55 57 1 1 107 397) (106 60 60 1 1 107 398) (106 63 62 2 0 108 399) (106 72 67 2 0 108 400))))|#
#|((3 (4 6 9)) (-7 -4 "C-41-4" ((5 56 58 1 1 6 22) (5 60 60 1 1 6 23) (5 66 64 1 1 6 24) (5 75 69 1 0 6 25))))|#
((1 (24)) (NIL NIL "C-50-1" ((12 38 47 1/2 1 25/2 44) (12 62 61 1/2 0 25/2 45))))
((2 (4 3)) (0 0 "C-50-1" ((142 62 61 5/2 1 289/2 506) (142 66 63 1 0 143 507) (142 69 65 8 0 150 508))))
((1 (10 6 3)) (24 14 "C-50-2" ((84 48 53 1 1 85 256) (84 58 59 1 0 85 257) (84 64 62 1 0 85 258) (84 67 64 1 0 85 259))))
((2 (9 8)) (9 5 "C-50-2" ((34 51 55 1 1 35 98) (34 60 60 1 1 35 99) (34 68 65 1 0 35 100))))
((1 (3 9)) (14 8 "C-50-3" ((12 61 60 1 1 13 24) (12 64 62 1 1 13 25) (12 73 67 1 0 13 26))))
((2 (7 8 9)) (31 18 "C-50-3" ((46 49 53 1 1 47 127) (46 56 57 1 1 47 128) (46 64 62 1 1 47 129) (46 73 67 1 0 47 130))))
((3 NIL) (-33 -19 "C-50-3" ((179 80 71 1 0 180 558))))
((1 (16 8 4)) (NIL NIL "C-56-1" ((45 47 52 1/2 1 91/2 128) (45 63 61 1/2 0 91/2 129) (45 71 66 1/2 0 91/2 130) (45 75 68 1/2 0 91/2 131))))
((2 (7 5 4)) (12 7 "C-56-1" ((64 52 55 1 1 65 221) (64 59 59 1 1 65 222) (64 64 62 2 0 66 223) (64 68 64 2 0 66 224))))
((3 (4 6 9)) (0 0 "C-56-1" ((305 50 54 2 1 307 111) (305 54 56 2 1 307 112) (305 60 60 2 0 307 113) (305 69 65 1 0 306 114))))
#|((1 (7 22 2)) (0 0 "C-56-2" ((36 36 46 4 1 40 99) (36 43 50 4 1 40 100) (36 65 63 3 0 39 101) (36 67 64 4 0 40 102))))|#
#|((2 (7 9 8)) (0 0 "C-56-2" ((46 36 46 1 1 47 131) (46 43 50 1 1 47 132) (46 52 55 1 1 47 133) (46 60 60 1 0 47 134))))|#
#|((3 (7 12)) (0 0 "C-56-2" ((11 36 46 1 1 12 15) (11 43 50 1 1 12 16) (11 55 57 1 1 12 17))))|#
((1 NIL) (-2 -1 "C-56-3" ((12 62 61 9 0 21 37))))
((2 (12 12)) (12 7 "C-56-3" ((40 38 47 2 1 42 131) (40 50 54 2 1 42 132) (40 62 61 2 0 42 133))))
((3 (12 12 5 4 3)) (5 3 "C-56-3" ((251 36 46 1 1 252 816) (251 48 53 1 1 252 817) (251 60 60 1 0 252 818) (251 65 63 1 0 252 819) (251 69 65 1 0 252 820) (251 72 67 1 0 252 821))))
((1 (24)) (0 0 "C-59-1" ((27 52 55 1 1 28 77) (27 76 69 1/2 0 55/2 78))))
((2 NIL) (-12 -7 "C-59-1" ((4 64 62 2 0 6 6))))
((3 (8)) (NIL NIL "C-59-1" ((263 87 75 1/2 0 527/2 987) (263 95 80 1/2 0 527/2 988))))
((1 (31)) (0 0 "C-59-2" ((24 32 44 1 1 25 80) (24 63 62 1/2 0 49/2 81))))
((2 (9 3 16)) (2 1 "C-59-2" ((46 51 55 1 1 47 156) (46 60 60 1 1 47 157) (46 63 62 1 1 47 158) (46 79 71 1 0 47 159))))
((3 (9 3 17)) (-19 -11 "C-59-2" ((11 51 55 1 1 12 37) (11 60 60 1 1 12 38) (11 63 62 1 1 12 39) (11 80 72 1 0 12 40))))
#|((1 (24)) (7 4 "C-59-3" ((24 42 49 1 1 25 98) (24 66 63 1 0 25 99))))|#
#|((2 (4 5 7)) (0 0 "C-59-3" ((4 57 58 1 1 5 16) (4 61 60 1 1 5 17) (4 66 63 1 1 5 18) (4 73 67 1 0 5 19))))|#
#|((3 (4 5 12)) (-8 -5 "C-59-3" ((53 53 56 1 1 54 202) (53 57 58 1 1 54 203) (53 62 61 1 1 54 204) (53 74 68 1 0 54 205))))|#
((1 (3)) (NIL NIL "C-63-1" ((3 62 60 1/2 0 7/2 10) (3 65 62 1/2 0 7/2 11))))
((2 (7 9 8)) (24 14 "C-63-1" ((70 51 55 1 1 71 325) (70 58 59 1 1 71 326) (70 67 64 1 0 71 327) (70 75 69 2 0 72 328))))
((3 (7 3 5 4)) (-7 -4 "C-63-1" ((17 44 50 1 1 18 66) (17 51 54 1 1 18 67) (17 54 56 1 0 18 68) (17 59 59 1 0 18 69) (17 63 61 1 0 18 70))))
((2 (4 5 12)) (0 0 "C-63-2" ((10 56 58 1 1 11 28) (10 60 60 1 1 11 29) (10 65 63 1 1 11 30) (10 77 70 3 0 13 31))))
((3 (7 9 12)) (26 15 "C-63-2" ((53 44 51 1 1 54 164) (53 51 55 1 1 54 165) (53 60 60 1 0 54 166) (53 72 67 1 0 54 167))))
#|((1 (19)) (7 4 "C-63-3" ((0 49 53 1 1 1 2) (0 68 64 1 0 1 3))))|#
#|((2 (4 6 9)) (0 0 "C-63-3" ((4 56 57 1 1 5 15) (4 60 59 1 1 5 16) (4 66 63 1 1 5 17) (4 75 68 1 0 5 18))))|#
#|((3 NIL) (NIL NIL "C-63-3" ((185 85 74 1/2 0 371/2 631))))|#
#|((1 (40)) (0 0 "C-67-1" ((45 43 50 1 1 46 203) (45 83 73 1/2 0 91/2 204))))|#
#|((2 (7 8 3)) (0 0 "C-67-1" ((4 43 50 1 1 5 18) (4 50 54 1 1 5 19) (4 58 58 1 0 5 20) (4 61 60 1 0 5 21))))|#
#|((3 NIL) (NIL NIL "C-67-1" ((59 62 61 1/2 0 119/2 256))))|#
((1 (28)) (7 4 "C-67-2" ((9 46 52 1 1 10 34) (9 74 68 1 0 10 35))))
((2 (8 9)) (-2 -1 "C-67-2" ((16 50 54 1 1 17 57) (16 58 59 1 1 17 58) (16 67 64 1 0 17 59))))
((3 (7 3 2)) (-7 -4 "C-67-2" ((65 58 59 1 1 66 236) (65 65 63 1 1 66 237) (65 68 65 1 0 66 238) (65 70 66 1 0 66 239))))
((1 (24)) (0 0 "C-67-3" ((9 48 53 3 1 12 34) (9 72 67 1/2 0 19/2 35))))
((2 (3 5 16)) (0 0 "C-67-3" ((16 52 55 1 1 17 56) (16 55 57 1 1 17 57) (16 60 60 1 1 17 58) (16 76 69 5/2 0 37/2 59))))
((1 (12)) (7 4 "C-67-4" ((45 45 51 1 1 46 147) (45 57 58 1 0 46 148))))
((2 (2 4 3)) (0 0 "C-67-4" ((19 50 54 1 1 20 62) (19 52 55 1 1 20 63) (19 56 57 1 1 20 64) (19 59 59 1 0 20 65))))
((3 (4 6 2 10)) (-7 -4 "C-67-4" ((5 52 55 1 1 6 18) (5 56 57 1 1 6 19) (5 62 61 1 1 6 20) (5 64 62 1 1 6 21) (5 74 68 1 0 6 22))))
((1 (33)) (0 0 "C-68-1" ((141 53 56 1 1 142 718) (141 86 75 1/2 0 283/2 719))))
((2 (2 4 3 12)) (0 0 "C-68-1" ((13 53 56 1 1 14 83) (13 55 57 1 1 14 84) (13 59 59 1 1 14 85) (13 62 61 1 1 14 86) (13 74 68 1 0 14 87))))
((1 (43)) (0 0 "C-68-2" ((0 33 44 1 1 1 3) (0 76 69 3/4 0 3/4 4))))
((2 (8 12)) (0 0 "C-68-2" ((13 52 55 1 1 14 44) (13 60 60 1 1 14 45) (13 72 67 1 0 14 46))))
((3 (8 12)) (-7 -4 "C-68-2" ((5 52 55 1 1 6 18) (5 60 60 1 1 6 19) (5 72 67 1 0 6 20))))
((1 (4 8)) (-12 -7 "C-68-3" ((132 65 63 3/4 1 531/4 549) (132 69 65 3/4 1 531/4 550) (132 77 70 3/4 0 531/4 551))))
((2 (7 5 7)) (-7 -4 "C-68-3" ((58 52 55 2 1 60 268) (58 59 59 2 1 60 269) (58 64 62 2 0 60 270) (58 71 66 2 0 60 271))))
((3 (7 9 8)) (-5 -3 "C-68-3" ((17 46 52 1 1 18 81) (17 53 56 1 1 18 82) (17 62 61 1 0 18 83) (17 70 66 1 0 18 84))))
((1 NIL) (-19 -11 "C-68-4" ((24 72 67 3/2 0 51/2 81))))
((2 (8 9)) (-1 0 "C-68-4" ((67 48 53 1 1 68 231) (67 56 58 1 1 68 232) (67 65 63 2 0 69 233))))
((3 (6 4 14)) (15 9 "C-68-4" ((5 55 57 1 1 6 16) (5 61 61 1 1 6 17) (5 65 63 1 1 6 18) (5 79 71 1 0 6 19))))
