ontime, MNN, MPN, duration, channel
0.00, 76.00, 69.00, 0.50, 0.00
0.50, 71.00, 66.00, 0.50, 0.00
1.00, 72.00, 67.00, 1.00, 0.00
2.00, 69.00, 65.00, 1.00, 0.00
3.00, 71.00, 66.00, 0.50, 0.00
3.50, 68.00, 64.00, 0.50, 0.00
4.00, 64.00, 62.00, 2.00, 0.00
5.00, 52.00, 55.00, 1.00, 1.00
5.00, 59.00, 59.00, 1.00, 1.00
5.00, 62.00, 61.00, 1.00, 1.00
6.00, 66.00, 63.00, 0.50, 0.00
6.50, 68.00, 64.00, 0.50, 0.00
7.00, 52.00, 55.00, 1.00, 1.00
7.00, 54.00, 56.00, 1.00, 1.00
7.00, 62.00, 61.00, 1.00, 1.00
7.00, 69.00, 65.00, 1.00, 0.00
8.00, 52.00, 55.00, 1.00, 1.00
8.00, 56.00, 57.00, 1.00, 1.00
8.00, 62.00, 61.00, 1.00, 1.00
8.00, 71.00, 66.00, 1.00, 0.00
9.00, 45.00, 51.00, 1.00, 1.00
9.00, 72.00, 67.00, 0.50, 0.00
9.50, 77.00, 70.00, 0.50, 0.00
10.00, 52.00, 55.00, 1.00, 1.00
10.00, 60.00, 60.00, 1.00, 1.00
10.00, 76.00, 69.00, 2.00, 0.00
11.00, 44.00, 51.00, 1.00, 1.00
12.00, 43.00, 50.00, 1.00, 1.00
12.00, 79.00, 71.00, 0.50, 0.00
12.50, 74.00, 68.00, 0.50, 0.00
13.00, 55.00, 57.00, 1.00, 1.00
13.00, 60.00, 60.00, 1.00, 1.00
13.00, 64.00, 62.00, 1.00, 1.00
13.00, 76.00, 69.00, 1.00, 0.00
14.00, 60.00, 60.00, 1.00, 1.00
14.00, 64.00, 62.00, 1.00, 1.00
14.00, 69.00, 65.00, 1.00, 1.00
14.00, 72.00, 67.00, 1.00, 0.00
15.00, 74.00, 68.00, 0.50, 0.00
15.50, 71.00, 66.00, 0.50, 0.00
16.00, 55.00, 57.00, 1.00, 1.00
16.00, 62.00, 61.00, 1.00, 1.00
16.00, 65.00, 63.00, 1.00, 1.00
16.00, 67.00, 64.00, 2.00, 0.00
17.00, 55.00, 57.00, 1.00, 1.00
17.00, 59.00, 59.00, 1.00, 1.00
17.00, 65.00, 63.00, 1.00, 1.00
18.00, 69.00, 65.00, 0.50, 0.00
18.50, 71.00, 66.00, 0.50, 0.00
19.00, 55.00, 57.00, 1.00, 1.00
19.00, 57.00, 58.00, 1.00, 1.00
19.00, 65.00, 63.00, 1.00, 1.00
19.00, 72.00, 67.00, 1.00, 0.00
20.00, 55.00, 57.00, 1.00, 1.00
20.00, 59.00, 59.00, 1.00, 1.00
20.00, 65.00, 63.00, 1.00, 1.00
20.00, 74.00, 68.00, 1.00, 0.00
21.00, 48.00, 53.00, 1.00, 1.00
21.00, 76.00, 69.00, 0.75, 0.00
21.75, 78.00, 70.00, 0.25, 0.00
22.00, 54.00, 56.00, 1.00, 1.00
22.00, 58.00, 58.00, 1.00, 1.00
22.00, 64.00, 62.00, 1.00, 1.00
22.00, 78.00, 70.00, 2.00, 0.00
23.00, 48.00, 53.00, 1.00, 1.00
24.00, 47.00, 52.00, 1.00, 1.00
24.00, 80.00, 71.00, 0.50, 0.00
24.50, 71.00, 66.00, 0.50, 0.00
25.00, 56.00, 57.00, 1.00, 1.00
25.00, 59.00, 59.00, 1.00, 1.00
25.00, 64.00, 62.00, 1.00, 1.00
25.00, 80.00, 71.00, 1.00, 0.00
26.00, 57.00, 58.00, 1.00, 1.00
26.00, 59.00, 59.00, 1.00, 1.00
26.00, 63.00, 61.00, 1.00, 1.00
26.00, 78.00, 70.00, 0.50, 0.00
26.50, 80.00, 71.00, 0.50, 0.00
27.00, 52.00, 55.00, 1.00, 1.00
27.00, 76.00, 69.00, 0.50, 0.00
27.75, 71.00, 66.00, 0.25, 0.00
28.00, 56.00, 57.00, 1.00, 1.00
28.00, 59.00, 59.00, 1.00, 1.00
28.00, 64.00, 62.00, 1.00, 1.00
28.00, 68.00, 64.00, 1.00, 1.00
28.00, 76.00, 69.00, 2.00, 0.00
29.00, 57.00, 58.00, 1.00, 1.00
29.00, 61.00, 60.00, 1.00, 1.00
29.00, 67.00, 64.00, 1.00, 1.00
30.00, 50.00, 54.00, 1.00, 1.00
30.00, 77.00, 70.00, 0.50, 0.00
30.50, 69.00, 65.00, 0.50, 0.00
31.00, 57.00, 58.00, 1.00, 1.00
31.00, 62.00, 61.00, 1.00, 1.00
31.00, 65.00, 63.00, 1.00, 1.00
31.00, 74.00, 68.00, 1.00, 0.00
32.00, 52.00, 55.00, 1.00, 1.00
32.00, 56.00, 57.00, 1.00, 1.00
32.00, 62.00, 61.00, 1.00, 1.00
32.00, 71.00, 66.00, 0.75, 0.00
32.75, 72.00, 67.00, 0.25, 0.00
33.00, 45.00, 51.00, 3.00, 1.00
33.00, 69.00, 65.00, 0.50, 0.00
33.75, 68.00, 64.00, 0.25, 0.00
34.00, 52.00, 55.00, 1.00, 1.00
34.00, 60.00, 60.00, 1.00, 1.00
34.00, 69.00, 65.00, 2.00, 0.00
35.00, 52.00, 55.00, 1.00, 1.00
35.00, 60.00, 60.00, 1.00, 1.00
36.00, 76.00, 69.00, 0.50, 0.00
36.50, 71.00, 66.00, 0.50, 0.00
37.00, 72.00, 67.00, 1.00, 0.00
38.00, 69.00, 65.00, 1.00, 0.00
39.00, 71.00, 66.00, 0.50, 0.00
39.50, 68.00, 64.00, 0.50, 0.00
40.00, 64.00, 62.00, 2.00, 0.00
41.00, 52.00, 55.00, 1.00, 1.00
41.00, 59.00, 59.00, 1.00, 1.00
41.00, 62.00, 61.00, 1.00, 1.00
42.00, 66.00, 63.00, 0.50, 0.00
42.50, 68.00, 64.00, 0.50, 0.00
43.00, 52.00, 55.00, 1.00, 1.00
43.00, 54.00, 56.00, 1.00, 1.00
43.00, 62.00, 61.00, 1.00, 1.00
43.00, 69.00, 65.00, 1.00, 0.00
44.00, 52.00, 55.00, 1.00, 1.00
44.00, 56.00, 57.00, 1.00, 1.00
44.00, 62.00, 61.00, 1.00, 1.00
44.00, 71.00, 66.00, 1.00, 0.00
45.00, 45.00, 51.00, 1.00, 1.00
45.00, 72.00, 67.00, 0.50, 0.00
45.50, 77.00, 70.00, 0.50, 0.00
46.00, 52.00, 55.00, 1.00, 1.00
46.00, 60.00, 60.00, 1.00, 1.00
46.00, 76.00, 69.00, 2.00, 0.00
47.00, 44.00, 51.00, 1.00, 1.00
48.00, 43.00, 50.00, 1.00, 1.00
48.00, 79.00, 71.00, 0.50, 0.00
48.50, 74.00, 68.00, 0.50, 0.00
49.00, 55.00, 57.00, 1.00, 1.00
49.00, 60.00, 60.00, 1.00, 1.00
49.00, 64.00, 62.00, 1.00, 1.00
49.00, 76.00, 69.00, 1.00, 0.00
50.00, 60.00, 60.00, 1.00, 1.00
50.00, 64.00, 62.00, 1.00, 1.00
50.00, 69.00, 65.00, 1.00, 1.00
50.00, 72.00, 67.00, 1.00, 0.00
51.00, 74.00, 68.00, 0.50, 0.00
51.50, 71.00, 66.00, 0.50, 0.00
52.00, 55.00, 57.00, 1.00, 1.00
52.00, 62.00, 61.00, 1.00, 1.00
52.00, 65.00, 63.00, 1.00, 1.00
52.00, 67.00, 64.00, 2.00, 0.00
53.00, 55.00, 57.00, 1.00, 1.00
53.00, 59.00, 59.00, 1.00, 1.00
53.00, 65.00, 63.00, 1.00, 1.00
54.00, 69.00, 65.00, 0.50, 0.00
54.50, 71.00, 66.00, 0.50, 0.00
55.00, 55.00, 57.00, 1.00, 1.00
55.00, 57.00, 58.00, 1.00, 1.00
55.00, 65.00, 63.00, 1.00, 1.00
55.00, 72.00, 67.00, 1.00, 0.00
56.00, 55.00, 57.00, 1.00, 1.00
56.00, 59.00, 59.00, 1.00, 1.00
56.00, 65.00, 63.00, 1.00, 1.00
56.00, 74.00, 68.00, 1.00, 0.00
57.00, 48.00, 53.00, 1.00, 1.00
57.00, 76.00, 69.00, 0.75, 0.00
57.75, 78.00, 70.00, 0.25, 0.00
58.00, 54.00, 56.00, 1.00, 1.00
58.00, 58.00, 58.00, 1.00, 1.00
58.00, 64.00, 62.00, 1.00, 1.00
58.00, 78.00, 70.00, 2.00, 0.00
59.00, 48.00, 53.00, 1.00, 1.00
60.00, 47.00, 52.00, 1.00, 1.00
60.00, 80.00, 71.00, 0.50, 0.00
60.50, 71.00, 66.00, 0.50, 0.00
61.00, 56.00, 57.00, 1.00, 1.00
61.00, 59.00, 59.00, 1.00, 1.00
61.00, 64.00, 62.00, 1.00, 1.00
61.00, 80.00, 71.00, 1.00, 0.00
62.00, 57.00, 58.00, 1.00, 1.00
62.00, 59.00, 59.00, 1.00, 1.00
62.00, 63.00, 61.00, 1.00, 1.00
62.00, 78.00, 70.00, 0.50, 0.00
62.50, 80.00, 71.00, 0.50, 0.00
63.00, 52.00, 55.00, 1.00, 1.00
63.00, 76.00, 69.00, 0.50, 0.00
63.75, 71.00, 66.00, 0.25, 0.00
64.00, 56.00, 57.00, 1.00, 1.00
64.00, 59.00, 59.00, 1.00, 1.00
64.00, 64.00, 62.00, 1.00, 1.00
64.00, 68.00, 64.00, 1.00, 1.00
64.00, 76.00, 69.00, 2.00, 0.00
65.00, 57.00, 58.00, 1.00, 1.00
65.00, 61.00, 60.00, 1.00, 1.00
65.00, 67.00, 64.00, 1.00, 1.00
66.00, 50.00, 54.00, 1.00, 1.00
66.00, 77.00, 70.00, 0.50, 0.00
66.50, 69.00, 65.00, 0.50, 0.00
67.00, 57.00, 58.00, 1.00, 1.00
67.00, 62.00, 61.00, 1.00, 1.00
67.00, 65.00, 63.00, 1.00, 1.00
67.00, 74.00, 68.00, 1.00, 0.00
68.00, 52.00, 55.00, 1.00, 1.00
68.00, 56.00, 57.00, 1.00, 1.00
68.00, 62.00, 61.00, 1.00, 1.00
68.00, 71.00, 66.00, 0.75, 0.00
68.75, 72.00, 67.00, 0.25, 0.00
69.00, 45.00, 51.00, 3.00, 1.00
69.00, 69.00, 65.00, 0.50, 0.00
69.75, 68.00, 64.00, 0.25, 0.00
70.00, 52.00, 55.00, 1.00, 1.00
70.00, 60.00, 60.00, 1.00, 1.00
70.00, 69.00, 65.00, 3.00, 0.00
71.00, 52.00, 55.00, 1.00, 1.00
71.00, 60.00, 60.00, 1.00, 1.00
